0 0.075 0.889873417721519 0.043333333333333335 0.16962025316455695
0 0.18333333333333332 0.8860759493670886 0.04666666666666667 0.17721518987341772
0 0.2925 0.8822784810126583 0.04833333333333333 0.17974683544303796
0 0.4033333333333333 0.8734177215189873 0.04666666666666667 0.17721518987341772
0 0.67 0.8582278481012658 0.05 0.18734177215189873
0 0.6275 0.7291139240506329 0.045 0.17215189873417722
0 0.2625 0.5151898734177215 0.041666666666666664 0.15443037974683543
0 0.3225 0.4569620253164557 0.041666666666666664 0.15443037974683543
0 0.3933333333333333 0.4607594936708861 0.03666666666666667 0.14177215189873418
0 0.45916666666666667 0.4506329113924051 0.041666666666666664 0.1518987341772152
0 0.5275 0.47341772151898737 0.03833333333333333 0.14177215189873418
0 0.6058333333333333 0.4481012658227848 0.041666666666666664 0.1518987341772152
0 0.6408333333333334 0.4177215189873418 0.041666666666666664 0.1569620253164557
0 0.69 0.49873417721518987 0.04 0.1569620253164557
0 0.6683333333333333 0.36075949367088606 0.03666666666666667 0.1341772151898734
0 0.7541666666666667 0.3594936708860759 0.03166666666666667 0.11645569620253164
0 0.8516666666666667 0.3658227848101266 0.03333333333333333 0.1240506329113924
0 0.9358333333333333 0.3620253164556962 0.03166666666666667 0.12151898734177215
0 0.20166666666666666 0.37848101265822787 0.03333333333333333 0.1240506329113924
0 0.10916666666666666 0.37341772151898733 0.03166666666666667 0.1240506329113924
0 0.015 0.3810126582278481 0.03 0.1291139240506329
0 0.0825 0.7506329113924051 0.041666666666666664 0.15949367088607594
0 0.049166666666666664 0.7215189873417721 0.045 0.17215189873417722
0 0.029166666666666667 0.7177215189873418 0.03833333333333333 0.14936708860759493
0 0.014166666666666666 0.7012658227848101 0.028333333333333332 0.14177215189873418
0 0.26416666666666666 0.4316455696202532 0.041666666666666664 0.15443037974683543
0 0.765 0.8544303797468354 0.05 0.189873417721519
0 0.8683333333333333 0.8531645569620253 0.05 0.19240506329113924
0 0.9666666666666667 0.8405063291139241 0.05 0.18734177215189873
0 0.975 0.6873417721518987 0.03666666666666667 0.13924050632911392
0 0.93 0.579746835443038 0.03666666666666667 0.14177215189873418
0 0.915 0.5518987341772152 0.03666666666666667 0.13670886075949368
0 0.8991666666666667 0.5316455696202531 0.041666666666666664 0.1518987341772152
0 0.8891666666666667 0.5113924050632911 0.035 0.13164556962025317
0 0.88 0.4936708860759494 0.03 0.11139240506329114
0 0.8691666666666666 0.47468354430379744 0.035 0.1341772151898734
0 0.9816666666666667 0.5784810126582278 0.03333333333333333 0.1291139240506329
0 0.9675 0.5620253164556962 0.035 0.13164556962025317
0 0.9558333333333333 0.5455696202531646 0.028333333333333332 0.11392405063291139
2 0.19083333333333333 0.6848101265822785 0.03833333333333333 0.043037974683544304
2 0.2833333333333333 0.6797468354430379 0.04 0.03291139240506329
2 0.2791666666666667 0.6544303797468355 0.041666666666666664 0.053164556962025315
2 0.38666666666666666 0.6772151898734177 0.03666666666666667 0.043037974683544304
2 0.006666666666666667 0.7291139240506329 0.013333333333333334 0.1468354430379747
2 0.7233333333333334 0.6594936708860759 0.04 0.053164556962025315
2 0.8208333333333333 0.6556962025316456 0.03166666666666667 0.04556962025316456
2 0.9091666666666667 0.6569620253164556 0.035 0.053164556962025315
2 0.8833333333333333 0.44050632911392407 0.013333333333333334 0.035443037974683546
2 0.9558333333333333 0.4810126582278481 0.018333333333333333 0.07088607594936709
2 0.9425 0.46329113924050636 0.021666666666666667 0.060759493670886074
2 0.9341666666666667 0.4417721518987342 0.021666666666666667 0.053164556962025315
2 0.91 0.4253164556962025 0.023333333333333334 0.060759493670886074
2 0.9866666666666667 0.479746835443038 0.023333333333333334 0.07341772151898734
2 0.9808333333333333 0.43544303797468353 0.025 0.035443037974683546
2 0.97 0.43291139240506327 0.02666666666666667 0.04050632911392405
2 0.08833333333333333 0.6670886075949367 0.043333333333333335 0.06835443037974684
