0 0.04777777777777778 0.40871021775544386 0.035555555555555556 0.1306532663316583
0 0.1638888888888889 0.4053601340033501 0.05 0.18425460636515914
0 0.18888888888888888 0.3777219430485762 0.015555555555555555 0.05862646566164154
0 0.2 0.38860971524288107 0.013333333333333334 0.05025125628140704
0 0.22 0.38358458961474035 0.013333333333333334 0.05360134003350084
0 0.23166666666666666 0.38358458961474035 0.01 0.03685092127303183
0 0.2633333333333333 0.4103852596314908 0.05333333333333334 0.19765494137353434
0 0.34944444444444445 0.42294807370184256 0.056666666666666664 0.21273031825795644
0 0.3877777777777778 0.42546063651591287 0.06444444444444444 0.23785594639865998
0 0.5894444444444444 0.44974874371859297 0.07444444444444444 0.2730318257956449
0 0.7611111111111111 0.4547738693467337 0.10222222222222223 0.3768844221105528
0 0.8077777777777778 0.43467336683417085 0.10222222222222223 0.3768844221105528
0 0.8483333333333334 0.4547738693467337 0.10555555555555556 0.39028475711892796
0 0.8816666666666667 0.4798994974874372 0.09888888888888889 0.36683417085427134
0 0.4488888888888889 0.5326633165829145 0.14444444444444443 0.5360134003350083
2 0.5005555555555555 0.4045226130653266 0.03 0.20603015075376885
2 0.5322222222222223 0.4028475711892797 0.06888888888888889 0.20268006700167504
2 0.6638888888888889 0.35343383584589616 0.03888888888888889 0.18425460636515914
2 0.7038888888888889 0.3576214405360134 0.04555555555555556 0.17922948073701842
2 0.9144444444444444 0.2830820770519263 0.042222222222222223 0.08710217755443886
