0 0.04807692307692308 0.5737179487179487 0.09615384615384616 0.4081196581196581
0 0.27724358974358976 0.6014957264957265 0.11538461538461539 0.37393162393162394
0 0.2203525641025641 0.5341880341880342 0.08173076923076923 0.2692307692307692
0 0.3076923076923077 0.5149572649572649 0.057692307692307696 0.19230769230769232
0 0.3942307692307692 0.5523504273504274 0.08333333333333333 0.27136752136752135
0 0.4479166666666667 0.5224358974358975 0.06570512820512821 0.21581196581196582
0 0.5641025641025641 0.6399572649572649 0.11538461538461539 0.38247863247863245
0 0.844551282051282 0.6474358974358975 0.13141025641025642 0.43162393162393164
0 0.6274038461538461 0.5480769230769231 0.07852564102564102 0.26282051282051283
0 0.7588141025641025 0.5042735042735043 0.05608974358974359 0.18803418803418803
0 0.47836538461538464 0.4967948717948718 0.049679487179487176 0.16025641025641027
0 0.5064102564102564 0.48717948717948717 0.05128205128205128 0.16666666666666666
0 0.7355769230769231 0.4893162393162393 0.05128205128205128 0.17094017094017094
4 0.11939102564102565 0.4722222222222222 0.14262820512820512 0.1452991452991453
4 0.9615384615384616 0.5010683760683761 0.0673076923076923 0.14316239316239315
