0 0.26025236593059936 0.7411616161616161 0.08201892744479496 0.32575757575757575
0 0.37618296529968454 0.7133838383838383 0.08990536277602523 0.3560606060606061
0 0.44558359621451105 0.7222222222222222 0.08675078864353312 0.3434343434343434
0 0.5228706624605678 0.4936868686868687 0.07097791798107256 0.28535353535353536
0 0.472397476340694 0.6691919191919192 0.08675078864353312 0.3484848484848485
0 0.13249211356466878 0.6868686868686869 0.07570977917981073 0.29797979797979796
0 0.14037854889589904 0.5063131313131313 0.0694006309148265 0.2702020202020202
0 0.5906940063091483 0.5946969696969697 0.08990536277602523 0.351010101010101
0 0.6198738170347003 0.6161616161616161 0.07886435331230283 0.31313131313131315
0 0.6474763406940063 0.702020202020202 0.07728706624605679 0.30303030303030304
0 0.7271293375394322 0.6856060606060606 0.056782334384858045 0.2297979797979798
0 0.7097791798107256 0.6805555555555556 0.06309148264984227 0.25
0 0.7578864353312302 0.6818181818181818 0.055205047318611984 0.21717171717171718
0 0.749211356466877 0.6755050505050505 0.056782334384858045 0.22474747474747475
1 0.06309148264984227 0.7803030303030303 0.03785488958990536 0.15656565656565657
2 0.31782334384858046 0.7550505050505051 0.0804416403785489 0.25252525252525254
2 0.2200315457413249 0.6085858585858586 0.07097791798107256 0.1717171717171717
2 0.5741324921135647 0.1830808080808081 0.03470031545741325 0.08333333333333333
2 0.6577287066246057 0.24494949494949494 0.03785488958990536 0.09090909090909091
2 0.7791798107255521 0.43813131313131315 0.022082018927444796 0.04292929292929293
2 0.6861198738170347 0.4166666666666667 0.031545741324921134 0.050505050505050504
2 0.7018927444794952 0.41414141414141414 0.025236593059936908 0.06565656565656566
2 0.6577287066246057 0.41035353535353536 0.025236593059936908 0.06818181818181818
2 0.6309148264984227 0.3939393939393939 0.0473186119873817 0.08585858585858586
2 0.6979495268138801 0.5088383838383839 0.02050473186119874 0.047979797979797977
2 0.6537854889589906 0.4684343434343434 0.02365930599369085 0.05808080808080808
2 0.7255520504731862 0.5265151515151515 0.012618296529968454 0.04292929292929293
2 0.7436908517350158 0.5429292929292929 0.011041009463722398 0.04040404040404041
2 0.7531545741324921 0.5138888888888888 0.02365930599369085 0.03282828282828283
2 0.750788643533123 0.48484848484848486 0.01892744479495268 0.04040404040404041
2 0.7279179810725552 0.4356060606060606 0.014195583596214511 0.05808080808080808
2 0.7917981072555205 0.5606060606060606 0.01892744479495268 0.03535353535353535
2 0.8154574132492114 0.5643939393939394 0.01892744479495268 0.03787878787878788
2 0.7878548895899053 0.4936868686868687 0.017350157728706624 0.04292929292929293
2 0.582018927444795 0.3648989898989899 0.0473186119873817 0.23484848484848486
4 0.8682965299684543 0.5946969696969697 0.1309148264984227 0.255050505050505
