0 0.18359375 0.6112412177985949 0.0796875 0.2903981264637002
0 0.2703125 0.667447306791569 0.09375 0.34660421545667447
0 0.35625 0.6018735362997658 0.075 0.27634660421545665
0 0.4171875 0.6241217798594848 0.084375 0.3114754098360656
0 0.496875 0.6042154566744731 0.071875 0.26697892271662765
0 0.54609375 0.6252927400468384 0.1234375 0.45433255269320844
0 0.60390625 0.6381733021077284 0.0765625 0.28337236533957844
0 0.66953125 0.5679156908665105 0.0484375 0.18501170960187355
0 0.76796875 0.6475409836065574 0.0921875 0.33489461358313816
0 0.80390625 0.6007025761124122 0.0671875 0.2505854800936768
0 0.628125 0.5608899297423887 0.05625 0.20843091334894615
0 0.1390625 0.5936768149882904 0.06875 0.2505854800936768
0 0.1078125 0.5819672131147541 0.0625 0.23653395784543327
0 0.07265625 0.5737704918032787 0.0515625 0.1873536299765808
0 0.034375 0.5304449648711944 0.034375 0.1288056206088993
0 0.2203125 0.5807962529274004 0.059375 0.2154566744730679
0 0.31796875 0.5421545667447307 0.0390625 0.14285714285714285
2 0.24140625 0.49765807962529274 0.0234375 0.07728337236533958
2 0.3703125 0.49414519906323184 0.028125 0.06557377049180328
2 0.43984375 0.5081967213114754 0.0390625 0.10304449648711944
