0 0.016875 0.6020599250936329 0.02375 0.0898876404494382
0 0.04125 0.6039325842696629 0.02 0.0749063670411985
0 0.0709375 0.6044007490636704 0.031875 0.11704119850187265
0 0.08125 0.6095505617977528 0.035 0.12734082397003746
0 0.11125 0.6151685393258427 0.0475 0.1760299625468165
0 0.15 0.6254681647940075 0.055 0.20411985018726592
0 0.2215625 0.6315543071161048 0.063125 0.23314606741573032
0 0.2740625 0.6343632958801498 0.078125 0.28745318352059923
0 0.3875 0.6371722846441947 0.1 0.36797752808988765
0 0.4534375 0.6399812734082397 0.065625 0.24250936329588016
0 0.5071875 0.6245318352059925 0.043125 0.15917602996254682
0 0.5321875 0.6193820224719101 0.036875 0.13764044943820225
0 0.5875 0.6371722846441947 0.08 0.29307116104868913
0 0.68 0.6357677902621723 0.05125 0.1891385767790262
0 0.3209375 0.6156367041198502 0.029375 0.10955056179775281
0 0.3446875 0.625 0.044375 0.16573033707865167
0 0.1865625 0.6147003745318352 0.031875 0.11891385767790262
0 0.6328125 0.6235955056179775 0.029375 0.10674157303370786
0 0.7128125 0.6203183520599251 0.025625 0.0945692883895131
0 0.773125 0.6352996254681648 0.05 0.18445692883895132
0 0.8153125 0.6460674157303371 0.065625 0.24157303370786518
0 0.7384375 0.6334269662921348 0.029375 0.10767790262172285
0 0.855 0.6315543071161048 0.03625 0.13576779026217228
0 0.8828125 0.6264044943820225 0.036875 0.1348314606741573
0 0.9240625 0.6381086142322098 0.059375 0.21629213483146068
0 0.9540625 0.6278089887640449 0.036875 0.13764044943820225
2 0.9765625 0.649812734082397 0.040625 0.1198501872659176
2 0.7340625 0.5823970037453183 0.029375 0.0299625468164794
2 0.4940625 0.5800561797752809 0.024375 0.03277153558052434
