0 0.016 0.49850299401197606 0.032 0.2245508982035928
0 0.058 0.49550898203592814 0.036 0.1407185628742515
0 0.033 0.5 0.038 0.1437125748502994
0 0.174 0.5014970059880239 0.044 0.15868263473053892
0 0.111 0.5029940119760479 0.03 0.11976047904191617
0 0.152 0.5 0.032 0.11976047904191617
0 0.356 0.5389221556886228 0.044 0.16167664670658682
0 0.452 0.562874251497006 0.048 0.17964071856287425
0 0.752 0.5703592814371258 0.06 0.218562874251497
0 0.872 0.5224550898203593 0.052 0.18862275449101795
0 0.946 0.5853293413173652 0.06 0.2245508982035928
0 0.772 0.5089820359281437 0.044 0.16167664670658682
0 0.819 0.5119760479041916 0.042 0.16167664670658682
0 0.635 0.5299401197604791 0.026 0.09580838323353294
0 0.65 0.5134730538922155 0.036 0.12874251497005987
0 0.577 0.5254491017964071 0.022 0.08682634730538923
0 0.605 0.5179640718562875 0.038 0.1377245508982036
0 0.557 0.5074850299401198 0.038 0.1407185628742515
0 0.533 0.5149700598802395 0.038 0.1377245508982036
0 0.215 0.5209580838323353 0.026 0.09580838323353294
0 0.188 0.5164670658682635 0.024 0.09281437125748503
0 0.136 0.5224550898203593 0.016 0.06287425149700598
0 0.291 0.5254491017964071 0.026 0.10479041916167664
0 0.31 0.5239520958083832 0.028 0.11377245508982035
0 0.391 0.5224550898203593 0.026 0.09880239520958084
0 0.244 0.5149700598802395 0.024 0.08982035928143713
2 0.226 0.5389221556886228 0.028 0.0658682634730539
2 0.222 0.44461077844311375 0.016 0.02694610778443114
2 0.253 0.44610778443113774 0.018 0.023952095808383235
2 0.288 0.4535928143712575 0.02 0.038922155688622756
2 0.321 0.45209580838323354 0.03 0.029940119760479042
2 0.339 0.45209580838323354 0.022 0.04790419161676647
2 0.387 0.4476047904191617 0.026 0.05089820359281437
2 0.42 0.4535928143712575 0.028 0.05089820359281437
2 0.509 0.46107784431137727 0.034 0.041916167664670656
2 0.479 0.4565868263473054 0.022 0.04491017964071856
2 0.452 0.4535928143712575 0.044 0.05089820359281437
2 0.729 0.4745508982035928 0.042 0.06287425149700598
2 0.687 0.47305389221556887 0.038 0.041916167664670656
2 0.686 0.5718562874251497 0.096 0.15568862275449102
2 0.495 0.5673652694610778 0.114 0.18862275449101795
2 0.831 0.6002994011976048 0.118 0.17065868263473055
2 0.939 0.4625748502994012 0.042 0.06287425149700598
