0 0.04492753623188406 0.6227390180878553 0.05217391304347826 0.22739018087855298
0 0.1 0.6627906976744186 0.06956521739130435 0.30749354005167956
0 0.013043478260869565 0.6175710594315246 0.02608695652173913 0.21188630490956073
0 0.12608695652173912 0.627906976744186 0.06956521739130435 0.3049095607235142
0 0.20144927536231885 0.6317829457364341 0.06086956521739131 0.2661498708010336
0 0.2326086956521739 0.7118863049095607 0.08260869565217391 0.35917312661498707
0 0.2572463768115942 0.6744186046511628 0.07681159420289856 0.34108527131782945
0 0.27898550724637683 0.7028423772609819 0.0536231884057971 0.23772609819121446
0 0.32608695652173914 0.6627906976744186 0.06376811594202898 0.27648578811369506
0 0.5115942028985507 0.7028423772609819 0.08695652173913043 0.3772609819121447
0 0.5492753623188406 0.7506459948320413 0.10434782608695652 0.4573643410852713
0 0.6833333333333333 0.7390180878552972 0.1 0.4392764857881137
0 0.6594202898550725 0.6808785529715762 0.0782608695652174 0.3385012919896641
0 0.7427536231884058 0.6963824289405685 0.07971014492753623 0.3488372093023256
0 0.9188405797101449 0.686046511627907 0.08405797101449275 0.3643410852713178
0 0.9565217391304348 0.689922480620155 0.08695652173913043 0.4289405684754522
0 0.3630434782608696 0.5232558139534884 0.013043478260869565 0.06459948320413436
0 0.377536231884058 0.520671834625323 0.010144927536231883 0.04909560723514212
0 0.40797101449275364 0.5271317829457365 0.010144927536231883 0.05167958656330749
0 0.39855072463768115 0.5167958656330749 0.011594202898550725 0.056847545219638244
0 0.44420289855072465 0.5258397932816538 0.013043478260869565 0.06459948320413436
0 0.4782608695652174 0.5232558139534884 0.011594202898550725 0.05426356589147287
0 0.4920289855072464 0.5180878552971576 0.010144927536231883 0.04909560723514212
4 0.5717391304347826 0.5129198966408268 0.16376811594202897 0.08010335917312661
4 0.8659420289855072 0.5077519379844961 0.15217391304347827 0.06976744186046512
