0 0.0400390625 0.769163763066202 0.017578125 0.08188153310104529
0 0.0517578125 0.7665505226480837 0.017578125 0.07665505226480836
0 0.08642578125 0.7761324041811847 0.0185546875 0.08188153310104529
0 0.0703125 0.7613240418118467 0.013671875 0.0627177700348432
0 0.10302734375 0.7709059233449478 0.0185546875 0.08536585365853659
0 0.13818359375 0.7822299651567944 0.0205078125 0.09407665505226481
0 0.17041015625 0.7839721254355401 0.0185546875 0.08710801393728224
0 0.18017578125 0.7796167247386759 0.0205078125 0.09581881533101046
0 0.21435546875 0.7796167247386759 0.0224609375 0.09930313588850175
0 0.236328125 0.7839721254355401 0.0234375 0.10452961672473868
0 0.275390625 0.7804878048780488 0.021484375 0.0975609756097561
0 0.25 0.7831010452961672 0.021484375 0.09233449477351917
0 0.31396484375 0.7848432055749129 0.0185546875 0.08188153310104529
0 0.35693359375 0.7935540069686411 0.0185546875 0.08188153310104529
0 0.37451171875 0.7918118466898955 0.0185546875 0.08536585365853659
0 0.42236328125 0.7926829268292683 0.0185546875 0.08362369337979095
0 0.47509765625 0.794425087108014 0.0302734375 0.13240418118466898
0 0.51513671875 0.794425087108014 0.0263671875 0.11498257839721254
0 0.431640625 0.7752613240418118 0.017578125 0.07665505226480836
0 0.4541015625 0.7761324041811847 0.017578125 0.078397212543554
0 0.2978515625 0.7717770034843205 0.01953125 0.08362369337979095
0 0.52734375 0.789198606271777 0.02734375 0.12195121951219512
0 0.537109375 0.7935540069686411 0.025390625 0.10975609756097561
0 0.55712890625 0.8710801393728222 0.0556640625 0.24738675958188153
0 0.60693359375 0.7970383275261324 0.0185546875 0.08536585365853659
0 0.71630859375 0.7961672473867596 0.0322265625 0.14285714285714285
0 0.6865234375 0.7796167247386759 0.01953125 0.08885017421602788
0 0.67431640625 0.7787456445993032 0.0185546875 0.08362369337979095
0 0.73681640625 0.794425087108014 0.0205078125 0.09059233449477352
0 0.7626953125 0.7970383275261324 0.0234375 0.10627177700348432
0 0.7734375 0.7952961672473867 0.0234375 0.10627177700348432
0 0.79345703125 0.7926829268292683 0.0244140625 0.10801393728222997
0 0.80517578125 0.7918118466898955 0.0244140625 0.10627177700348432
0 0.8583984375 0.7987804878048781 0.0234375 0.10627177700348432
0 0.873046875 0.7952961672473867 0.0234375 0.10278745644599303
0 0.88916015625 0.8022648083623694 0.0224609375 0.09930313588850175
0 0.90380859375 0.7926829268292683 0.0263671875 0.11498257839721254
0 0.92333984375 0.7961672473867596 0.0244140625 0.11149825783972125
0 0.93994140625 0.7926829268292683 0.0244140625 0.11149825783972125
0 0.9765625 0.7952961672473867 0.025390625 0.1132404181184669
0 0.9111328125 0.7961672473867596 0.025390625 0.11149825783972125
0 0.49951171875 0.7918118466898955 0.0224609375 0.09930313588850175
