0 0.18533333333333332 0.6847389558232931 0.16533333333333333 0.6104417670682731
0 0.428 0.7108433734939759 0.152 0.5582329317269076
0 0.614 0.7269076305220884 0.14266666666666666 0.5261044176706827
0 0.7506666666666667 0.6164658634538153 0.064 0.24096385542168675
0 0.82 0.7530120481927711 0.128 0.46987951807228917
0 0.8806666666666667 0.7238955823293173 0.10266666666666667 0.3755020080321285
0 0.952 0.6375502008032129 0.072 0.26706827309236947
0 0.6706666666666666 0.5953815261044176 0.05333333333333334 0.20281124497991967
0 0.29333333333333333 0.571285140562249 0.06133333333333333 0.22690763052208834
0 0.04533333333333334 0.535140562248996 0.042666666666666665 0.16265060240963855
0 0.1 0.5311244979919679 0.04533333333333334 0.16666666666666666
0 0.06866666666666667 0.5331325301204819 0.044 0.16265060240963855
0 0.33466666666666667 0.5612449799196787 0.048 0.1746987951807229
0 0.23733333333333334 0.5441767068273092 0.029333333333333333 0.11244979919678715
0 0.7153333333333334 0.5773092369477911 0.04133333333333333 0.15461847389558234
0 0.7753333333333333 0.5933734939759037 0.04133333333333333 0.15461847389558234
0 0.5426666666666666 0.6144578313253012 0.07733333333333334 0.285140562248996
2 0.029333333333333333 0.4759036144578313 0.029333333333333333 0.05220883534136546
2 0.12133333333333333 0.48895582329317266 0.018666666666666668 0.050200803212851405
2 0.13866666666666666 0.47690763052208834 0.021333333333333333 0.030120481927710843
2 0.216 0.4919678714859438 0.02666666666666667 0.05622489959839357
2 0.3586666666666667 0.4899598393574297 0.02666666666666667 0.040160642570281124
2 0.37133333333333335 0.4799196787148594 0.02266666666666667 0.04819277108433735
2 0.6586666666666666 0.5100401606425703 0.02666666666666667 0.04417670682730924
2 0.6886666666666666 0.5140562248995983 0.012 0.04417670682730924
2 0.6986666666666667 0.5210843373493976 0.008 0.030120481927710843
2 0.7253333333333334 0.5160642570281124 0.013333333333333334 0.03614457831325301
