0 0.023333333333333334 0.4325 0.04666666666666667 0.275
0 0.1475 0.395 0.075 0.28
0 0.18 0.40625 0.07 0.2625
0 0.195 0.395 0.08666666666666667 0.32
0 0.2 0.42375 0.09 0.3275
0 0.21666666666666667 0.42625 0.09666666666666666 0.3625
0 0.2275 0.445 0.10166666666666667 0.37
0 0.2625 0.5575 0.14833333333333334 0.545
0 0.3025 0.9075 0.011666666666666667 0.045
0 0.3575 0.595 0.19833333333333333 0.725
0 0.40166666666666667 0.60875 0.2 0.7375
0 0.4608333333333333 0.63 0.19833333333333333 0.73
0 0.9375 0.62875 0.125 0.7175
2 0.6675 0.23 0.20833333333333334 0.405
2 0.5575 0.23125 0.09833333333333333 0.1025
2 0.76 0.235 0.06 0.15
2 0.8058333333333333 0.2525 0.058333333333333334 0.12
2 0.875 0.2575 0.07666666666666666 0.135
2 0.9583333333333334 0.255 0.07666666666666666 0.145
2 0.2825 0.24875 0.065 0.0575
