0 0.11466165413533834 0.4925 0.22932330827067668 0.41
0 0.18609022556390978 0.45 0.19924812030075187 0.33
0 0.3458646616541353 0.62875 0.3533834586466165 0.5725
0 0.7236842105263158 0.6475 0.32706766917293234 0.53
0 0.6109022556390977 0.53625 0.2894736842105263 0.4675
0 0.868421052631579 0.5575 0.24812030075187969 0.405
2 0.12969924812030076 0.24625 0.16917293233082706 0.0275
2 0.17481203007518797 0.21375 0.10902255639097744 0.0375
2 0.2349624060150376 0.175 0.13909774436090225 0.06
2 0.13157894736842105 0.10625 0.12781954887218044 0.0825
2 0.19360902255639098 0.0825 0.10150375939849623 0.06
2 0.29135338345864664 0.1325 0.08646616541353383 0.07
2 0.37406015037593987 0.0825 0.09398496240601503 0.05
2 0.39473684210526316 0.24 0.17293233082706766 0.2
2 0.5845864661654135 0.21375 0.12406015037593984 0.1725
2 0.5657894736842105 0.0975 0.15413533834586465 0.08
2 0.8364661654135338 0.12875 0.21428571428571427 0.1475
2 0.8214285714285714 0.26375 0.22932330827067668 0.1925
