0 0.19394329896907217 0.8309352517985612 0.07087628865979381 0.24820143884892087
1 0.19329896907216496 0.3147482014388489 0.10051546391752578 0.3489208633093525
1 0.2860824742268041 0.27248201438848924 0.05670103092783505 0.1960431654676259
1 0.3440721649484536 0.24730215827338128 0.04639175257731959 0.1564748201438849
1 0.39884020618556704 0.2158273381294964 0.019329896907216496 0.06474820143884892
1 0.42396907216494845 0.25719424460431656 0.041237113402061855 0.14028776978417265
1 0.4484536082474227 0.21223021582733814 0.007731958762886598 0.03237410071942446
1 0.47809278350515466 0.24820143884892087 0.03350515463917526 0.11870503597122302
1 0.666881443298969 0.1618705035971223 0.019329896907216496 0.07194244604316546
1 0.7396907216494846 0.20053956834532374 0.03350515463917526 0.11330935251798561
1 0.8395618556701031 0.6861510791366906 0.06056701030927835 0.210431654676259
1 0.865979381443299 0.6636690647482014 0.04896907216494845 0.16546762589928057
1 0.898840206185567 0.7032374100719424 0.07860824742268041 0.26618705035971224
1 0.958118556701031 0.6843525179856115 0.04252577319587629 0.14928057553956833
1 0.44523195876288657 0.6933453237410072 0.07603092783505154 0.2607913669064748
1 0.6179123711340206 0.6537769784172662 0.05025773195876289 0.17446043165467626
1 0.2609536082474227 0.7428057553956835 0.019329896907216496 0.06474820143884892
1 0.12048969072164949 0.6789568345323741 0.014175257731958763 0.048561151079136694
1 0.06507731958762887 0.6690647482014388 0.006443298969072165 0.02877697841726619
2 0.22487113402061856 0.697841726618705 0.05798969072164949 0.03237410071942446
2 0.37693298969072164 0.762589928057554 0.08118556701030928 0.34172661870503596
2 0.8021907216494846 0.14838129496402877 0.06829896907216494 0.048561151079136694
