0 0.473125 0.6138059701492538 0.12125 0.44029850746268656
0 0.351875 0.5970149253731343 0.09375 0.34701492537313433
0 0.303125 0.5764925373134329 0.09875 0.3582089552238806
0 0.22875 0.5625 0.085 0.31156716417910446
0 0.175625 0.5410447761194029 0.07875 0.2873134328358209
0 0.12125 0.5345149253731343 0.065 0.23694029850746268
0 0.089375 0.5289179104477612 0.06375 0.2332089552238806
0 0.06375 0.5307835820895522 0.0575 0.21082089552238806
0 0.039375 0.5223880597014925 0.05375 0.19402985074626866
0 0.40125 0.5111940298507462 0.045 0.16791044776119404
0 0.38375 0.5083955223880597 0.0375 0.14365671641791045
0 0.41875 0.5055970149253731 0.0425 0.15298507462686567
0 0.490625 0.503731343283582 0.04375 0.16044776119402984
0 0.5225 0.498134328358209 0.0425 0.16044776119402984
0 0.55 0.4925373134328358 0.05 0.1865671641791045
0 0.564375 0.49906716417910446 0.03875 0.14738805970149255
0 0.575625 0.5 0.03875 0.1417910447761194
0 0.591875 0.49347014925373134 0.03875 0.14365671641791045
0 0.605625 0.4962686567164179 0.04375 0.16044776119402984
0 0.6375 0.5186567164179104 0.065 0.23880597014925373
0 0.66875 0.498134328358209 0.045 0.16791044776119404
0 0.656875 0.48600746268656714 0.03875 0.14738805970149255
0 0.69 0.4869402985074627 0.04 0.14925373134328357
0 0.7025 0.5102611940298507 0.06 0.22201492537313433
0 0.72625 0.4832089552238806 0.0375 0.13805970149253732
0 0.7975 0.49720149253731344 0.04 0.15111940298507462
0 0.775625 0.47201492537313433 0.01875 0.0708955223880597
0 0.8225 0.5055970149253731 0.0475 0.1791044776119403
0 0.853125 0.4710820895522388 0.02125 0.08022388059701492
0 0.881875 0.4626865671641791 0.02125 0.07835820895522388
0 0.928125 0.542910447761194 0.07625 0.2835820895522388
0 0.945625 0.5373134328358209 0.06875 0.25
0 0.961875 0.4925373134328358 0.05125 0.1865671641791045
0 0.973125 0.5307835820895522 0.05375 0.22574626865671643
2 0.334375 0.45242537313432835 0.02375 0.03917910447761194
2 0.49875 0.43656716417910446 0.0575 0.04477611940298507
2 0.61375 0.4253731343283582 0.015 0.033582089552238806
