0 0.024390243902439025 0.8449781659388647 0.04878048780487805 0.24890829694323144
0 0.07682926829268293 0.8122270742358079 0.06097560975609756 0.2794759825327511
0 0.14634146341463414 0.8144104803493449 0.05365853658536585 0.2314410480349345
0 0.18048780487804877 0.7969432314410481 0.06341463414634146 0.27510917030567683
0 0.2121951219512195 0.8034934497816594 0.04878048780487805 0.22707423580786026
0 0.23902439024390243 0.7838427947598253 0.05853658536585366 0.2663755458515284
0 0.30365853658536585 0.8013100436681223 0.05609756097560976 0.24890829694323144
0 0.3353658536585366 0.8100436681222707 0.05609756097560976 0.2576419213973799
0 0.38902439024390245 0.8078602620087336 0.07073170731707316 0.314410480349345
0 0.43902439024390244 0.8187772925764192 0.06341463414634146 0.2925764192139738
0 0.48292682926829267 0.7903930131004366 0.06341463414634146 0.2794759825327511
0 0.5353658536585366 0.7925764192139738 0.06585365853658537 0.2838427947598253
0 0.5841463414634146 0.7991266375545851 0.06585365853658537 0.29694323144104806
0 0.651219512195122 0.7991266375545851 0.05853658536585366 0.27074235807860264
0 0.6231707317073171 0.7008733624454149 0.05609756097560976 0.24890829694323144
0 0.6621951219512195 0.7205240174672489 0.05121951219512195 0.23580786026200873
0 0.6878048780487804 0.7685589519650655 0.05853658536585366 0.27074235807860264
0 0.7207317073170731 0.7379912663755459 0.06097560975609756 0.26200873362445415
0 0.7536585365853659 0.7139737991266376 0.04878048780487805 0.21397379912663755
0 0.775609756097561 0.7729257641921398 0.05853658536585366 0.27074235807860264
0 0.8219512195121951 0.7510917030567685 0.05365853658536585 0.2445414847161572
0 0.8548780487804878 0.8231441048034934 0.07073170731707316 0.31004366812227074
0 0.8804878048780488 0.7620087336244541 0.06341463414634146 0.2925764192139738
0 0.8987804878048781 0.49344978165938863 0.01707317073170732 0.07860262008733625
0 0.9146341463414634 0.4759825327510917 0.01951219512195122 0.08733624454148471
0 0.9390243902439024 0.4781659388646288 0.01951219512195122 0.09170305676855896
2 0.11707317073170732 0.8602620087336245 0.06341463414634146 0.22707423580786026
2 0.1975609756097561 0.851528384279476 0.06829268292682927 0.2445414847161572
2 0.9609756097560975 0.7882096069868996 0.03414634146341464 0.2314410480349345
2 0.9463414634146341 0.6091703056768559 0.04878048780487805 0.10043668122270742
2 0.9548780487804878 0.537117903930131 0.026829268292682926 0.05240174672489083
2 0.974390243902439 0.5611353711790393 0.041463414634146344 0.2663755458515284
2 0.7707317073170732 0.5480349344978166 0.024390243902439025 0.048034934497816595
2 0.8353658536585366 0.5262008733624454 0.036585365853658534 0.056768558951965066
2 0.8219512195121951 0.5633187772925764 0.04878048780487805 0.09606986899563319
2 0.802439024390244 0.6244541484716157 0.024390243902439025 0.034934497816593885
2 0.7073170731707317 0.5982532751091703 0.05365853658536585 0.06986899563318777
2 0.724390243902439 0.5458515283842795 0.05365853658536585 0.034934497816593885
2 0.6682926829268293 0.5545851528384279 0.02926829268292683 0.043668122270742356
2 0.6012195121951219 0.5698689956331878 0.05121951219512195 0.021834061135371178
2 0.5707317073170731 0.6222707423580786 0.03902439024390244 0.056768558951965066
2 0.5865853658536585 0.6091703056768559 0.026829268292682926 0.056768558951965066
2 0.5109756097560976 0.6506550218340611 0.02195121951219512 0.043668122270742356
2 0.4853658536585366 0.5938864628820961 0.01951219512195122 0.05240174672489083
2 0.5292682926829269 0.5545851528384279 0.02926829268292683 0.043668122270742356
2 0.4451219512195122 0.6244541484716157 0.03170731707317073 0.05240174672489083
2 0.40853658536585363 0.6091703056768559 0.03170731707317073 0.056768558951965066
2 0.2914634146341463 0.6048034934497817 0.026829268292682926 0.039301310043668124
2 0.2780487804878049 0.6353711790393013 0.03902439024390244 0.039301310043668124
2 0.2475609756097561 0.5938864628820961 0.026829268292682926 0.05240174672489083
2 0.22195121951219512 0.6135371179039302 0.02926829268292683 0.039301310043668124
2 0.17926829268292682 0.6266375545851528 0.036585365853658534 0.039301310043668124
2 0.11707317073170732 0.6244541484716157 0.03902439024390244 0.043668122270742356
2 0.02804878048780488 0.6462882096069869 0.036585365853658534 0.0611353711790393
2 0.024390243902439025 0.5807860262008734 0.02926829268292683 0.043668122270742356
4 0.49146341463414633 0.45414847161572053 0.9634146341463414 0.08733624454148471
4 0.3646341463414634 0.5524017467248908 0.7097560975609756 0.12663755458515283
4 0.5451219512195122 0.36026200873362446 0.4951219512195122 0.10043668122270742
4 0.2097560975609756 0.3799126637554585 0.16097560975609757 0.034934497816593885
