0 0.095 0.13963963963963963 0.074 0.27927927927927926
0 0.137 0.13663663663663664 0.07 0.2672672672672673
0 0.161 0.13513513513513514 0.074 0.2702702702702703
0 0.219 0.1066066066066066 0.054 0.2072072072072072
0 0.048 0.3303303303303303 0.096 0.3843843843843844
0 0.189 0.7552552552552553 0.118 0.4294294294294294
0 0.235 0.6651651651651652 0.134 0.4894894894894895
0 0.516 0.7462462462462462 0.124 0.46546546546546547
0 0.751 0.5915915915915916 0.118 0.43243243243243246
0 0.725 0.545045045045045 0.122 0.44744744744744747
0 0.205 0.3078078078078078 0.046 0.17117117117117117
0 0.274 0.3333333333333333 0.048 0.17417417417417416
0 0.376 0.2807807807807808 0.06 0.23123123123123124
2 0.193 0.1036036036036036 0.05 0.06306306306306306
2 0.585 0.2222222222222222 0.066 0.04804804804804805
2 0.481 0.0990990990990991 0.066 0.036036036036036036
2 0.462 0.04954954954954955 0.024 0.03303303303303303
2 0.421 0.01951951951951952 0.042 0.02702702702702703
2 0.434 0.16366366366366367 0.036 0.057057057057057055
2 0.153 0.3813813813813814 0.038 0.04804804804804805
2 0.15 0.4339339339339339 0.048 0.04504504504504504
2 0.172 0.5135135135135135 0.052 0.07207207207207207
2 0.501 0.5015015015015015 0.062 0.06006006006006006
2 0.509 0.44894894894894893 0.054 0.057057057057057055
2 0.235 0.23123123123123124 0.042 0.03003003003003003
2 0.272 0.21021021021021022 0.024 0.03003003003003003
2 0.289 0.1831831831831832 0.03 0.04804804804804805
2 0.302 0.15465465465465467 0.024 0.03903903903903904
2 0.391 0.16966966966966968 0.034 0.06306306306306306
2 0.353 0.13363363363363365 0.026 0.03903903903903904
2 0.519 0.02252252252252252 0.034 0.03303303303303303
2 0.567 0.025525525525525526 0.034 0.03303303303303303
2 0.511 0.25975975975975973 0.026 0.03303303303303303
2 0.455 0.2702702702702703 0.03 0.042042042042042045
2 0.477 0.27627627627627627 0.022 0.042042042042042045
2 0.805 0.036036036036036036 0.034 0.06006006006006006
