0 0.28405797101449276 0.2838427947598253 0.02608695652173913 0.09606986899563319
0 0.2572463768115942 0.28056768558951967 0.021739130434782608 0.0851528384279476
0 0.32463768115942027 0.2893013100436681 0.03188405797101449 0.12008733624454149
0 0.29927536231884055 0.2816593886462882 0.02463768115942029 0.09170305676855896
0 0.377536231884058 0.2893013100436681 0.03333333333333333 0.12882096069868995
0 0.39565217391304347 0.30458515283842796 0.02318840579710145 0.0851528384279476
0 0.46304347826086956 0.28056768558951967 0.021739130434782608 0.08078602620087336
0 0.44710144927536233 0.28056768558951967 0.01884057971014493 0.06768558951965066
0 0.4318840579710145 0.26965065502183405 0.02318840579710145 0.0851528384279476
0 0.40942028985507245 0.26965065502183405 0.01884057971014493 0.06768558951965066
0 0.1398550724637681 0.2827510917030568 0.02463768115942029 0.08951965065502183
0 0.12753623188405797 0.28056768558951967 0.02318840579710145 0.0851528384279476
0 0.22681159420289856 0.2838427947598253 0.021739130434782608 0.08733624454148471
0 0.23115942028985506 0.3002183406113537 0.015942028985507246 0.06331877729257641
0 0.20942028985507247 0.2980349344978166 0.015942028985507246 0.05895196506550218
0 0.2144927536231884 0.2827510917030568 0.020289855072463767 0.08078602620087336
0 0.6731884057971015 0.2849344978165939 0.01884057971014493 0.07641921397379912
0 0.6079710144927536 0.26419213973799127 0.021739130434782608 0.08733624454148471
0 0.5449275362318841 0.259825327510917 0.02318840579710145 0.09170305676855896
0 0.5065217391304347 0.2631004366812227 0.021739130434782608 0.0851528384279476
0 0.6231884057971014 0.26419213973799127 0.02318840579710145 0.08733624454148471
0 0.6427536231884058 0.2663755458515284 0.015942028985507246 0.056768558951965066
0 0.6579710144927536 0.25327510917030566 0.020289855072463767 0.07423580786026202
0 0.7217391304347827 0.2762008733624454 0.020289855072463767 0.07641921397379912
0 0.7355072463768116 0.2587336244541485 0.02753623188405797 0.10262008733624454
0 0.9717391304347827 0.24563318777292575 0.021739130434782608 0.08078602620087336
0 0.4666666666666667 0.5644104803493449 0.1246376811594203 0.4606986899563319
0 0.6434782608695652 0.5644104803493449 0.1246376811594203 0.4650655021834061
2 0.686231884057971 0.2292576419213974 0.015942028985507246 0.008733624454148471
4 0.8391304347826087 0.24126637554585154 0.1565217391304348 0.019650655021834062
