0 0.09628378378378379 0.38870703764320785 0.19256756756756757 0.49918166939443537
0 0.16131756756756757 0.4034369885433715 0.19087837837837837 0.45662847790507366
0 0.2778716216216216 0.38052373158756136 0.1097972972972973 0.2635024549918167
0 0.3918918918918919 0.4623567921440262 0.19256756756756757 0.45662847790507366
0 0.5413851351351351 0.3690671031096563 0.0625 0.14893617021276595
0 0.625 0.4402618657937807 0.0777027027027027 0.18985270049099837
0 0.6722972972972973 0.4828150572831424 0.11486486486486487 0.27168576104746317
0 0.7280405405405406 0.49754500818330605 0.10810810810810811 0.25859247135842883
0 0.8116554054054054 0.5270049099836334 0.09628378378378379 0.23240589198036007
0 0.902027027027027 0.5490998363338789 0.12162162162162163 0.2864157119476268
2 0.059966216216216214 0.13993453355155483 0.0625 0.05073649754500818
2 0.8927364864864865 0.41734860883797054 0.028716216216216218 0.05237315875613748
2 0.8445945945945946 0.3993453355155483 0.02027027027027027 0.029459901800327332
2 0.6165540540540541 0.36333878887070375 0.02702702702702703 0.03600654664484452
2 0.4839527027027027 0.31751227495908346 0.04560810810810811 0.05564648117839607
2 0.38682432432432434 0.2528641571194763 0.05067567567567568 0.05073649754500818
2 0.24070945945945946 0.20130932896890344 0.04560810810810811 0.058919803600654665
