0 0.060833333333333336 0.17238562091503268 0.015 0.07352941176470588
0 0.06166666666666667 0.41748366013071897 0.08333333333333333 0.4035947712418301
0 0.08166666666666667 0.4215686274509804 0.09 0.434640522875817
0 0.1025 0.43300653594771243 0.09333333333333334 0.45098039215686275
0 0.11833333333333333 0.45179738562091504 0.09333333333333334 0.4526143790849673
0 0.13291666666666666 0.4591503267973856 0.09583333333333334 0.45751633986928103
0 0.15166666666666667 0.4632352941176471 0.10166666666666667 0.4918300653594771
0 0.17666666666666667 0.4795751633986928 0.11 0.5277777777777778
0 0.24291666666666667 0.4665032679738562 0.1025 0.4918300653594771
0 0.2683333333333333 0.47549019607843135 0.10666666666666667 0.5130718954248366
0 0.32958333333333334 0.4673202614379085 0.10416666666666667 0.49673202614379086
0 0.3570833333333333 0.4869281045751634 0.1075 0.5196078431372549
0 0.4375 0.5612745098039216 0.11833333333333333 0.5702614379084967
0 0.5295833333333333 0.4812091503267974 0.10583333333333333 0.5049019607843137
0 0.5954166666666667 0.548202614379085 0.12083333333333333 0.5833333333333334
0 0.6779166666666666 0.4738562091503268 0.1025 0.4934640522875817
0 0.76 0.4730392156862745 0.10166666666666667 0.4918300653594771
0 0.8408333333333333 0.47467320261437906 0.1 0.47875816993464054
0 0.8008333333333333 0.45588235294117646 0.095 0.4542483660130719
0 0.7275 0.4681372549019608 0.09666666666666666 0.4624183006535948
0 0.6391666666666667 0.46405228758169936 0.095 0.45751633986928103
0 0.4920833333333333 0.4722222222222222 0.0975 0.47058823529411764
1 0.7466666666666667 0.16993464052287582 0.018333333333333333 0.0915032679738562
1 0.8220833333333334 0.15441176470588236 0.0175 0.08333333333333333
1 0.86125 0.1503267973856209 0.0125 0.058823529411764705
1 0.8908333333333334 0.15359477124183007 0.015 0.0718954248366013
1 0.9116666666666666 0.14869281045751634 0.013333333333333334 0.06862745098039216
1 0.6229166666666667 0.16584967320261437 0.0175 0.08986928104575163
1 0.56 0.16339869281045752 0.018333333333333333 0.08823529411764706
1 0.5454166666666667 0.15931372549019607 0.015833333333333335 0.08006535947712418
1 0.5175 0.1503267973856209 0.013333333333333334 0.06535947712418301
1 0.47708333333333336 0.15849673202614378 0.010833333333333334 0.05555555555555555
1 0.46708333333333335 0.14297385620915032 0.0075 0.04084967320261438
1 0.44708333333333333 0.16339869281045752 0.0125 0.058823529411764705
1 0.42541666666666667 0.16094771241830066 0.0125 0.06045751633986928
1 0.38375 0.16584967320261437 0.0125 0.06045751633986928
1 0.37416666666666665 0.16339869281045752 0.01 0.05228758169934641
1 0.33375 0.1650326797385621 0.014166666666666666 0.0718954248366013
1 0.31 0.17647058823529413 0.015 0.07516339869281045
1 0.27166666666666667 0.16748366013071894 0.015 0.07679738562091504
1 0.24 0.16993464052287582 0.013333333333333334 0.06862745098039216
1 0.17875 0.1568627450980392 0.010833333333333334 0.05228758169934641
1 0.16833333333333333 0.17238562091503268 0.015 0.07026143790849673
2 0.20041666666666666 0.17565359477124182 0.015833333333333335 0.03431372549019608
2 0.19958333333333333 0.25735294117647056 0.015833333333333335 0.05718954248366013
2 0.21583333333333332 0.25735294117647056 0.018333333333333333 0.06045751633986928
2 0.30291666666666667 0.2622549019607843 0.020833333333333332 0.06045751633986928
2 0.38875 0.2581699346405229 0.0225 0.0784313725490196
2 0.41125 0.2549019607843137 0.0175 0.0718954248366013
2 0.5583333333333333 0.2647058823529412 0.028333333333333332 0.058823529411764705
2 0.7054166666666667 0.26633986928104575 0.020833333333333332 0.06209150326797386
