0 0.522 0.5382262996941896 0.076 0.28134556574923547
0 0.679 0.5397553516819572 0.078 0.290519877675841
0 0.808 0.536697247706422 0.068 0.25382262996941896
0 0.755 0.5152905198776758 0.062 0.23547400611620795
0 0.858 0.5229357798165137 0.056 0.21406727828746178
0 0.964 0.5474006116207951 0.072 0.27522935779816515
0 0.933 0.5137614678899083 0.046 0.1712538226299694
0 0.884 0.5061162079510704 0.052 0.20489296636085627
0 0.607 0.5122324159021406 0.054 0.19877675840978593
0 0.581 0.4938837920489297 0.05 0.1926605504587156
0 0.656 0.5214067278287462 0.06 0.22324159021406728
0 0.461 0.5 0.054 0.19877675840978593
0 0.396 0.4984709480122324 0.052 0.19571865443425077
0 0.337 0.4969418960244648 0.054 0.20489296636085627
0 0.269 0.4908256880733945 0.05 0.18654434250764526
0 0.23 0.4969418960244648 0.048 0.18654434250764526
0 0.196 0.5030581039755352 0.048 0.18042813455657492
0 0.178 0.5045871559633027 0.044 0.1651376146788991
0 0.152 0.5015290519877675 0.04 0.15902140672782875
0 0.134 0.4984709480122324 0.04 0.14678899082568808
0 0.114 0.4984709480122324 0.04 0.15902140672782875
0 0.084 0.5107033639143731 0.048 0.1834862385321101
0 0.05 0.4954128440366973 0.056 0.21406727828746178
0 0.416 0.4877675840978593 0.044 0.1743119266055046
0 0.718 0.4969418960244648 0.048 0.18654434250764526
