0 0.6175 0.7053571428571429 0.051666666666666666 0.23214285714285715
0 0.7891666666666667 0.6175595238095238 0.028333333333333332 0.12797619047619047
0 0.8325 0.6264880952380952 0.021666666666666667 0.10416666666666667
0 0.8441666666666666 0.6116071428571429 0.028333333333333332 0.12202380952380952
0 0.8625 0.6086309523809523 0.028333333333333332 0.12797619047619047
0 0.8908333333333334 0.6086309523809523 0.028333333333333332 0.12202380952380952
0 0.935 0.6145833333333334 0.02666666666666667 0.12202380952380952
0 0.9641666666666666 0.6101190476190477 0.025 0.11904761904761904
0 0.985 0.6041666666666666 0.03 0.13690476190476192
0 0.7433333333333333 0.6041666666666666 0.023333333333333334 0.1130952380952381
0 0.7083333333333334 0.6130952380952381 0.02 0.08928571428571429
0 0.695 0.6205357142857143 0.02 0.08630952380952381
0 0.675 0.6175595238095238 0.02 0.09821428571428571
0 0.6633333333333333 0.6309523809523809 0.023333333333333334 0.10119047619047619
0 0.6508333333333334 0.6264880952380952 0.021666666666666667 0.10416666666666667
0 0.6375 0.6220238095238095 0.025 0.1130952380952381
0 0.575 0.6324404761904762 0.023333333333333334 0.10416666666666667
0 0.5516666666666666 0.6354166666666666 0.02 0.08630952380952381
0 0.4866666666666667 0.6369047619047619 0.016666666666666666 0.07738095238095238
0 0.4725 0.6339285714285714 0.018333333333333333 0.07738095238095238
0 0.46 0.6354166666666666 0.02 0.08630952380952381
0 0.44916666666666666 0.6294642857142857 0.021666666666666667 0.09226190476190477
0 0.43583333333333335 0.6279761904761905 0.018333333333333333 0.08333333333333333
0 0.3275 0.6383928571428571 0.018333333333333333 0.08630952380952381
0 0.34 0.6324404761904762 0.02 0.09226190476190477
0 0.05583333333333333 0.6443452380952381 0.015 0.06845238095238096
0 0.2025 0.6383928571428571 0.015 0.0744047619047619
0 0.3575 0.6532738095238095 0.015 0.06845238095238096
0 0.37 0.6398809523809523 0.016666666666666666 0.08333333333333333
0 0.39416666666666667 0.6443452380952381 0.018333333333333333 0.08035714285714286
0 0.38083333333333336 0.6413690476190477 0.015 0.0744047619047619
4 0.16083333333333333 0.6502976190476191 0.31833333333333336 0.06845238095238096
