0 0.062360801781737196 0.6566666666666666 0.10690423162583519 0.3933333333333333
0 0.0779510022271715 0.6 0.07126948775055679 0.26666666666666666
0 0.12249443207126949 0.5183333333333333 0.0400890868596882 0.15
0 0.16258351893095768 0.5733333333333334 0.053452115812917596 0.2
0 0.18819599109131402 0.58 0.0556792873051225 0.20666666666666667
0 0.22828507795100222 0.6983333333333334 0.10467706013363029 0.39
0 0.33184855233853006 0.69 0.09799554565701558 0.36
0 0.3685968819599109 0.525 0.0467706013363029 0.17
0 0.4086859688195991 0.49666666666666665 0.028953229398663696 0.11333333333333333
0 0.3897550111358575 0.475 0.026726057906458798 0.10333333333333333
0 0.4621380846325167 0.5366666666666666 0.0378619153674833 0.14
0 0.48552338530066813 0.5616666666666666 0.05790645879732739 0.22333333333333333
0 0.5044543429844098 0.5116666666666667 0.0334075723830735 0.12333333333333334
0 0.544543429844098 0.6583333333333333 0.07349665924276169 0.27666666666666667
0 0.6102449888641426 0.7383333333333333 0.08463251670378619 0.31666666666666665
0 0.6614699331848553 0.705 0.0935412026726058 0.3433333333333333
0 0.7126948775055679 0.5833333333333334 0.04899777282850779 0.18666666666666668
0 0.765033407572383 0.585 0.0467706013363029 0.18333333333333332
0 0.7438752783964365 0.5466666666666666 0.035634743875278395 0.14
0 0.8307349665924276 0.73 0.10244988864142539 0.38666666666666666
0 0.9454342984409799 0.6716666666666666 0.0779510022271715 0.2833333333333333
0 0.8051224944320713 0.5233333333333333 0.0334075723830735 0.12666666666666668
0 0.7572383073496659 0.8366666666666667 0.0757238307349666 0.2866666666666667
0 0.024498886414253896 0.66 0.04899777282850779 0.3
0 0.26280623608017817 0.49166666666666664 0.026726057906458798 0.10333333333333333
0 0.6915367483296214 0.5216666666666666 0.0378619153674833 0.13666666666666666
0 0.6169265033407573 0.5166666666666667 0.026726057906458798 0.10666666666666667
0 0.6358574610244989 0.5233333333333333 0.0334075723830735 0.12666666666666668
0 0.5657015590200446 0.5083333333333333 0.026726057906458798 0.11
0 0.512249443207127 0.5816666666666667 0.04899777282850779 0.17666666666666667
0 0.5400890868596881 0.4633333333333333 0.0200445434298441 0.08
0 0.44988864142538976 0.48 0.022271714922048998 0.09333333333333334
0 0.10467706013363029 0.4766666666666667 0.022271714922048998 0.08666666666666667
0 0.27839643652561247 0.46166666666666667 0.017817371937639197 0.07666666666666666
4 0.1514476614699332 0.43 0.27616926503340755 0.08666666666666667
4 0.4398663697104677 0.415 0.30066815144766146 0.07
4 0.765033407572383 0.43333333333333335 0.34966592427616927 0.1
