0 0.05044843049327354 0.67 0.10089686098654709 0.38
0 0.10650224215246637 0.665 0.10089686098654709 0.37666666666666665
0 0.1726457399103139 0.665 0.09865470852017937 0.36333333333333334
0 0.22982062780269058 0.675 0.08744394618834081 0.31666666666666665
0 0.2858744394618834 0.6566666666666666 0.09192825112107623 0.3333333333333333
0 0.3430493273542601 0.6466666666666666 0.08520179372197309 0.30666666666666664
0 0.39349775784753366 0.6416666666666667 0.08744394618834081 0.31666666666666665
0 0.44506726457399104 0.635 0.08295964125560538 0.30333333333333334
0 0.49551569506726456 0.635 0.08071748878923767 0.29
0 0.5347533632286996 0.62 0.08295964125560538 0.3
0 0.5874439461883408 0.6183333333333333 0.08071748878923767 0.30333333333333334
0 0.6356502242152466 0.615 0.07847533632286996 0.2833333333333333
0 0.6065022421524664 0.59 0.06502242152466367 0.24666666666666667
0 0.6760089686098655 0.6 0.07399103139013453 0.26666666666666666
0 0.7174887892376681 0.605 0.07623318385650224 0.27666666666666667
0 0.7488789237668162 0.595 0.06726457399103139 0.25
0 0.7993273542600897 0.5816666666666667 0.06950672645739911 0.2633333333333333
0 0.8408071748878924 0.575 0.07174887892376682 0.2633333333333333
0 0.8766816143497758 0.5833333333333334 0.06278026905829596 0.24
0 0.9047085201793722 0.5883333333333334 0.06502242152466367 0.23666666666666666
0 0.9338565022421524 0.58 0.06502242152466367 0.24
0 0.9573991031390134 0.5733333333333334 0.06726457399103139 0.24666666666666667
0 0.9775784753363229 0.5666666666666667 0.04484304932735426 0.22
2 0.21524663677130046 0.495 0.04035874439461883 0.07
2 0.24663677130044842 0.49333333333333335 0.03587443946188341 0.06666666666666667
2 0.35538116591928254 0.49 0.033632286995515695 0.06
2 0.37668161434977576 0.4633333333333333 0.026905829596412557 0.06
2 0.4618834080717489 0.48333333333333334 0.03587443946188341 0.07333333333333333
4 0.4551569506726457 0.455 0.8923766816143498 0.043333333333333335
