0 0.23 0.5544090056285178 0.23 0.8461538461538461
0 0.471875 0.5393996247654784 0.24125 0.8836772983114447
0 0.683125 0.6341463414634146 0.19625 0.7166979362101313
0 0.040625 0.4521575984990619 0.08125 0.3714821763602251
0 0.081875 0.46153846153846156 0.08375 0.3076923076923077
0 0.6525 0.18386491557223264 0.0525 0.19136960600375236
0 0.721875 0.16322701688555347 0.06125 0.22889305816135083
0 0.7625 0.18761726078799248 0.0575 0.2101313320825516
0 0.843125 0.10318949343339587 0.03875 0.14634146341463414
2 0.089375 0.31894934333958724 0.03375 0.0825515947467167
2 0.87 0.07129455909943715 0.04 0.07129455909943715
2 0.906875 0.08067542213883677 0.04375 0.11632270168855535
2 0.955625 0.0825515947467167 0.04625 0.0975609756097561
