0 0.95375 0.6691729323308271 0.0925 0.3609022556390977
0 0.7325 0.693609022556391 0.075 0.2819548872180451
0 0.5975 0.6278195488721805 0.055 0.20300751879699247
0 0.55 0.6221804511278195 0.065 0.23684210526315788
0 0.5075 0.6484962406015038 0.11 0.40225563909774437
0 0.47625 0.6240601503759399 0.0475 0.18796992481203006
0 0.445 0.6710526315789473 0.075 0.2819548872180451
0 0.39 0.6635338345864662 0.085 0.31203007518796994
0 0.36 0.6221804511278195 0.055 0.21428571428571427
0 0.33375 0.5789473684210527 0.0275 0.09774436090225563
0 0.27125 0.6842105263157895 0.0875 0.3308270676691729
0 0.2425 0.6597744360902256 0.09 0.34210526315789475
0 0.185 0.6654135338345865 0.085 0.3157894736842105
0 0.09 0.6616541353383458 0.08 0.3007518796992481
0 0.0475 0.6785714285714286 0.075 0.2819548872180451
0 0.02625 0.6973684210526315 0.0525 0.30451127819548873
0 0.1425 0.6109022556390977 0.045 0.17669172932330826
0 0.125 0.6071428571428571 0.04 0.15413533834586465
0 0.92125 0.6052631578947368 0.0475 0.17293233082706766
2 0.2125 0.5338345864661654 0.045 0.06766917293233082
4 0.6375 0.5733082706766918 0.16 0.08646616541353383
4 0.825 0.575187969924812 0.175 0.09022556390977443
