0 0.04933333333333333 0.4396378269617706 0.037333333333333336 0.14285714285714285
0 0.09733333333333333 0.4396378269617706 0.034666666666666665 0.13480885311871227
0 0.12733333333333333 0.403420523138833 0.02266666666666667 0.08651911468812877
0 0.14266666666666666 0.42857142857142855 0.032 0.11670020120724346
0 0.15933333333333333 0.4426559356136821 0.03333333333333333 0.12072434607645875
0 0.2 0.43561368209255535 0.032 0.1227364185110664
0 0.222 0.42857142857142855 0.030666666666666665 0.11670020120724346
0 0.26 0.44366197183098594 0.034666666666666665 0.1267605633802817
0 0.284 0.4346076458752515 0.032 0.12072434607645875
0 0.304 0.43158953722334004 0.029333333333333333 0.11468812877263582
0 0.362 0.44466800804828976 0.03866666666666667 0.1448692152917505
0 0.378 0.4386317907444668 0.03333333333333333 0.12877263581488935
0 0.4613333333333333 0.4396378269617706 0.04 0.14688128772635814
0 0.4513333333333333 0.42857142857142855 0.028 0.10462776659959759
0 0.5246666666666666 0.4245472837022133 0.028 0.10462776659959759
0 0.554 0.4386317907444668 0.036 0.13682092555331993
0 0.6126666666666667 0.4255533199195171 0.030666666666666665 0.11871227364185111
0 0.6393333333333333 0.4416498993963783 0.03333333333333333 0.1267605633802817
0 0.652 0.44064386317907445 0.037333333333333336 0.14084507042253522
0 0.68 0.42354124748490946 0.02666666666666667 0.09859154929577464
0 0.7 0.42655935613682094 0.029333333333333333 0.11267605633802817
0 0.746 0.4416498993963783 0.036 0.13480885311871227
0 0.7293333333333333 0.4426559356136821 0.029333333333333333 0.11267605633802817
0 0.7753333333333333 0.43158953722334004 0.030666666666666665 0.11871227364185111
0 0.8026666666666666 0.4346076458752515 0.032 0.12474849094567404
0 0.8233333333333334 0.4245472837022133 0.028 0.10462776659959759
0 0.8386666666666667 0.4386317907444668 0.034666666666666665 0.13279678068410464
0 0.8546666666666667 0.43158953722334004 0.029333333333333333 0.11468812877263582
0 0.8806666666666667 0.43762575452716296 0.036 0.13078470824949698
0 0.9253333333333333 0.44366197183098594 0.037333333333333336 0.14285714285714285
2 0.043333333333333335 0.9195171026156942 0.084 0.13279678068410464
2 0.126 0.806841046277666 0.07333333333333333 0.096579476861167
2 0.17 0.7585513078470825 0.06 0.10865191146881288
2 0.028666666666666667 0.7585513078470825 0.05733333333333333 0.11670020120724346
2 0.048 0.6730382293762576 0.05333333333333334 0.09054325955734406
2 0.08733333333333333 0.6187122736418511 0.036 0.06237424547283702
2 0.07466666666666667 0.5734406438631791 0.037333333333333336 0.056338028169014086
2 0.030666666666666665 0.5432595573440644 0.034666666666666665 0.060362173038229376
2 0.054 0.5171026156941649 0.03333333333333333 0.052313883299798795
2 0.09066666666666667 0.5392354124748491 0.032 0.056338028169014086
2 0.13066666666666665 0.5231388329979879 0.034666666666666665 0.052313883299798795
2 0.156 0.5231388329979879 0.018666666666666668 0.04426559356136821
2 0.192 0.5241448692152918 0.029333333333333333 0.04225352112676056
2 0.22066666666666668 0.5150905432595574 0.02266666666666667 0.04426559356136821
2 0.15066666666666667 0.5653923541247485 0.032 0.052313883299798795
2 0.11933333333333333 0.5764587525150905 0.02 0.04225352112676056
2 0.138 0.6167002012072434 0.04133333333333333 0.05432595573440644
2 0.04133333333333333 0.607645875251509 0.037333333333333336 0.052313883299798795
2 0.18733333333333332 0.6006036217303823 0.036 0.06237424547283702
2 0.21733333333333332 0.5885311871227364 0.029333333333333333 0.05030181086519115
2 0.218 0.5503018108651911 0.025333333333333333 0.03420523138832998
2 0.25333333333333335 0.5553319919517102 0.024 0.04426559356136821
2 0.2653333333333333 0.5321931589537223 0.024 0.03822937625754527
2 0.282 0.5040241448692153 0.028 0.03420523138832998
2 0.222 0.6871227364185111 0.04933333333333333 0.0744466800804829
2 0.242 0.6398390342052314 0.03333333333333333 0.06841046277665996
2 0.2786666666666667 0.6327967806841046 0.042666666666666665 0.06639839034205232
2 0.29733333333333334 0.5985915492957746 0.034666666666666665 0.06639839034205232
2 0.31533333333333335 0.5754527162977867 0.025333333333333333 0.0482897384305835
2 0.326 0.5321931589537223 0.030666666666666665 0.06639839034205232
2 0.35733333333333334 0.506036217303823 0.02666666666666667 0.04225352112676056
2 0.4093333333333333 0.5130784708249497 0.024 0.0482897384305835
2 0.2786666666666667 0.8702213279678068 0.07466666666666667 0.13883299798792756
2 0.31133333333333335 0.7977867203219315 0.04666666666666667 0.11066398390342053
2 0.342 0.7484909456740443 0.07066666666666667 0.11267605633802817
2 0.3466666666666667 0.6810865191146881 0.056 0.08651911468812877
2 0.38866666666666666 0.6086519114688129 0.052 0.07847082494969819
2 0.398 0.5503018108651911 0.04933333333333333 0.05432595573440644
2 0.482 0.5050301810865191 0.030666666666666665 0.04426559356136821
2 0.4786666666666667 0.5523138832997988 0.050666666666666665 0.05030181086519115
2 0.478 0.5975855130784709 0.052 0.056338028169014086
2 0.4706666666666667 0.6468812877263581 0.04 0.04225352112676056
2 0.47 0.6911468812877264 0.06 0.08651911468812877
2 0.4673333333333333 0.7535211267605634 0.07066666666666667 0.05432595573440644
2 0.4653333333333333 0.8189134808853119 0.096 0.1006036217303823
2 0.4826666666666667 0.9275653923541247 0.104 0.10865191146881288
2 0.652 0.9325955734406438 0.08266666666666667 0.08651911468812877
2 0.6306666666666667 0.8189134808853119 0.09066666666666667 0.08853118712273642
2 0.6266666666666667 0.7404426559356136 0.07466666666666667 0.056338028169014086
2 0.5853333333333334 0.6780684104627767 0.07466666666666667 0.07243460764587525
2 0.562 0.6156941649899397 0.06266666666666666 0.04024144869215292
2 0.5653333333333334 0.56841046277666 0.06133333333333333 0.04627766599597585
2 0.5513333333333333 0.5261569416498993 0.05466666666666667 0.03420523138832998
2 0.608 0.5261569416498993 0.048 0.04627766599597585
2 0.6293333333333333 0.5704225352112676 0.048 0.030181086519114688
2 0.6593333333333333 0.5935613682092555 0.076 0.0482897384305835
2 0.686 0.647887323943662 0.04933333333333333 0.03219315895372234
2 0.716 0.682092555331992 0.072 0.060362173038229376
2 0.7406666666666667 0.7464788732394366 0.076 0.08048289738430583
2 0.7806666666666666 0.8450704225352113 0.08933333333333333 0.10462776659959759
2 0.8693333333333333 0.9114688128772636 0.088 0.11267605633802817
2 0.93 0.7917505030181087 0.07066666666666667 0.14688128772635814
2 0.89 0.7505030181086519 0.07066666666666667 0.08450704225352113
2 0.8566666666666667 0.6861167002012073 0.05466666666666667 0.096579476861167
2 0.7946666666666666 0.6509054325955734 0.064 0.0744466800804829
2 0.7613333333333333 0.5895372233400402 0.06133333333333333 0.06438631790744467
2 0.7633333333333333 0.5412474849094567 0.05733333333333333 0.06438631790744467
2 0.8046666666666666 0.528169014084507 0.030666666666666665 0.03822937625754527
2 0.9613333333333334 0.693158953722334 0.06133333333333333 0.08249496981891348
2 0.9526666666666667 0.6006036217303823 0.04133333333333333 0.06639839034205232
2 0.9 0.6177062374245473 0.04533333333333334 0.06438631790744467
2 0.872 0.5442655935613682 0.02666666666666667 0.04225352112676056
2 0.9073333333333333 0.5412474849094567 0.03866666666666667 0.060362173038229376
2 0.932 0.5191146881287726 0.029333333333333333 0.04024144869215292
2 0.9653333333333334 0.5331991951710262 0.024 0.060362173038229376
2 0.836 0.5412474849094567 0.04533333333333334 0.08450704225352113
2 0.8533333333333334 0.6116700201207244 0.04533333333333334 0.06438631790744467
2 0.356 0.32293762575452717 0.021333333333333333 0.030181086519114688
2 0.37866666666666665 0.32193158953722334 0.018666666666666668 0.02414486921529175
2 0.40066666666666667 0.3199195171026157 0.02 0.02414486921529175
2 0.428 0.323943661971831 0.021333333333333333 0.02414486921529175
2 0.44733333333333336 0.323943661971831 0.014666666666666666 0.028169014084507043
2 0.4653333333333333 0.32696177062374243 0.018666666666666668 0.022132796780684104
2 0.484 0.32696177062374243 0.016 0.026156941649899398
2 0.5086666666666667 0.32494969818913483 0.02266666666666667 0.022132796780684104
2 0.5293333333333333 0.323943661971831 0.024 0.02414486921529175
2 0.5506666666666666 0.32293762575452717 0.018666666666666668 0.026156941649899398
2 0.5766666666666667 0.32293762575452717 0.02266666666666667 0.026156941649899398
2 0.49333333333333335 0.39134808853118713 0.018666666666666668 0.026156941649899398
2 0.5113333333333333 0.3873239436619718 0.014666666666666666 0.026156941649899398
2 0.428 0.3893360160965795 0.018666666666666668 0.018108651911468814
2 0.4086666666666667 0.3903420523138833 0.02 0.028169014084507043
2 0.3313333333333333 0.4044265593561368 0.02266666666666667 0.0482897384305835
2 0.57 0.40543259557344064 0.014666666666666666 0.06639839034205232
2 0.59 0.4084507042253521 0.02 0.06438631790744467
2 0.7173333333333334 0.4074446680080483 0.018666666666666668 0.05835010060362173
2 0.188 0.4014084507042254 0.016 0.05835010060362173
2 0.24266666666666667 0.3963782696177062 0.016 0.0482897384305835
2 0.27266666666666667 0.386317907444668 0.02266666666666667 0.028169014084507043
2 0.31133333333333335 0.3782696177062374 0.02 0.028169014084507043
2 0.386 0.3702213279678068 0.02 0.04024144869215292
4 0.04466666666666667 0.4154929577464789 0.08933333333333333 0.07847082494969819
4 0.9353333333333333 0.42655935613682094 0.124 0.12072434607645875
