0 0.25 0.6482035928143712 0.124 0.45808383233532934
0 0.315 0.6691616766467066 0.118 0.4281437125748503
0 0.367 0.6347305389221557 0.118 0.4311377245508982
0 0.409 0.6497005988023952 0.106 0.38922155688622756
0 0.46 0.6497005988023952 0.1 0.3712574850299401
0 0.509 0.6526946107784432 0.106 0.39520958083832336
0 0.566 0.6541916167664671 0.104 0.38622754491017963
0 0.62 0.6497005988023952 0.12 0.4431137724550898
0 0.681 0.6811377245508982 0.106 0.39820359281437123
0 0.732 0.6766467065868264 0.112 0.40718562874251496
0 0.802 0.688622754491018 0.104 0.38922155688622756
2 0.02 0.5344311377245509 0.024 0.038922155688622756
2 0.13 0.5553892215568862 0.032 0.0688622754491018
2 0.152 0.5224550898203593 0.02 0.03293413173652695
2 0.869 0.5763473053892215 0.022 0.05089820359281437
2 0.979 0.5853293413173652 0.026 0.038922155688622756
4 0.075 0.5119760479041916 0.05 0.05389221556886228
4 0.164 0.5119760479041916 0.1 0.04790419161676647
4 0.02 0.49850299401197606 0.036 0.05688622754491018
