0 0.122 0.5962566844919787 0.148 0.48663101604278075
0 0.032 0.4532085561497326 0.044 0.15240641711229946
0 0.019 0.44786096256684493 0.038 0.18449197860962566
0 0.073 0.44786096256684493 0.054 0.17379679144385027
0 0.214 0.4385026737967914 0.052 0.1711229946524064
0 0.176 0.44919786096256686 0.056 0.18716577540106952
0 0.268 0.43983957219251335 0.048 0.16310160427807488
0 0.336 0.5802139037433155 0.14 0.45454545454545453
0 0.442 0.4318181818181818 0.052 0.16844919786096257
0 0.455 0.47593582887700536 0.026 0.09090909090909091
0 0.533 0.5187165775401069 0.114 0.37967914438502676
0 0.603 0.6016042780748663 0.134 0.4385026737967914
0 0.774 0.5200534759358288 0.116 0.38235294117647056
0 0.885 0.5788770053475936 0.134 0.4411764705882353
0 0.965 0.5294117647058824 0.07 0.3689839572192513
0 0.68 0.44786096256684493 0.052 0.17379679144385027
0 0.646 0.45454545454545453 0.048 0.16042780748663102
0 0.613 0.4411764705882353 0.058 0.18716577540106952
0 0.833 0.45187165775401067 0.05 0.16042780748663102
0 0.483 0.4451871657754011 0.046 0.15240641711229946
2 0.381 0.3649732620320856 0.022 0.05080213903743316
2 0.714 0.36363636363636365 0.016 0.0481283422459893
2 0.794 0.35427807486631013 0.004 0.05080213903743316
2 0.237 0.3649732620320856 0.022 0.034759358288770054
