0 0.07 0.7274096385542169 0.12 0.44879518072289154
0 0.166 0.7123493975903614 0.116 0.4367469879518072
0 0.215 0.713855421686747 0.126 0.463855421686747
0 0.297 0.6942771084337349 0.122 0.44879518072289154
0 0.36 0.6867469879518072 0.128 0.4759036144578313
0 0.434 0.7153614457831325 0.116 0.4367469879518072
0 0.506 0.6882530120481928 0.116 0.4246987951807229
0 0.568 0.6686746987951807 0.116 0.42771084337349397
0 0.642 0.6792168674698795 0.116 0.4307228915662651
0 0.722 0.6641566265060241 0.112 0.4186746987951807
0 0.805 0.661144578313253 0.122 0.44879518072289154
0 0.881 0.6521084337349398 0.122 0.45481927710843373
