0 0.265 0.5150375939849624 0.195 0.7142857142857143
0 0.39 0.5469924812030075 0.17 0.6278195488721805
0 0.48125 0.5319548872180451 0.1675 0.6127819548872181
0 0.6 0.4981203007518797 0.19 0.7105263157894737
0 0.7875 0.4755639097744361 0.215 0.8007518796992481
0 0.9475 0.4981203007518797 0.105 0.6578947368421053
3 0.3425 0.12406015037593984 0.095 0.21804511278195488
3 0.43 0.16165413533834586 0.085 0.23308270676691728
3 0.58625 0.09210526315789473 0.1275 0.18421052631578946
3 0.70125 0.12969924812030076 0.0825 0.19172932330827067
