0 0.10286458333333333 0.24861111111111112 0.0296875 0.13055555555555556
0 0.13385416666666666 0.25787037037037036 0.023958333333333335 0.10462962962962963
0 0.26927083333333335 0.41712962962962963 0.10625 0.462037037037037
0 0.35833333333333334 0.29583333333333334 0.06041666666666667 0.2638888888888889
0 0.39895833333333336 0.225 0.021875 0.09444444444444444
0 0.4046875 0.2337962962962963 0.017708333333333333 0.0787037037037037
0 0.41380208333333335 0.22685185185185186 0.019270833333333334 0.08518518518518518
0 0.3255208333333333 0.24722222222222223 0.029166666666666667 0.1259259259259259
0 0.48489583333333336 0.5467592592592593 0.19479166666666667 0.8453703703703703
0 0.5497395833333333 0.22824074074074074 0.0234375 0.10277777777777777
0 0.5916666666666667 0.23657407407407408 0.020833333333333332 0.09166666666666666
0 0.6244791666666667 0.2865740740740741 0.053125 0.23055555555555557
0 0.6526041666666667 0.29398148148148145 0.053125 0.23055555555555557
0 0.6791666666666667 0.23472222222222222 0.020833333333333332 0.09166666666666666
0 0.7197916666666667 0.23935185185185184 0.01875 0.0824074074074074
0 0.709375 0.22916666666666666 0.020833333333333332 0.08981481481481482
0 0.7473958333333334 0.26342592592592595 0.03854166666666667 0.1675925925925926
0 0.76796875 0.2763888888888889 0.04010416666666667 0.17685185185185184
0 0.8346354166666666 0.2412037037037037 0.019270833333333334 0.08425925925925926
0 0.80703125 0.20972222222222223 0.013020833333333334 0.05648148148148148
0 0.44479166666666664 0.2324074074074074 0.020833333333333332 0.09259259259259259
0 0.45208333333333334 0.22916666666666666 0.020833333333333332 0.09166666666666666
0 0.5247395833333334 0.22824074074074074 0.0234375 0.10277777777777777
0 0.02265625 0.3314814814814815 0.0453125 0.3648148148148148
0 0.01953125 0.2689814814814815 0.033854166666666664 0.14722222222222223
0 0.89296875 0.40185185185185185 0.09947916666666666 0.43333333333333335
0 0.9934895833333334 0.24259259259259258 0.013020833333333334 0.08518518518518518
0 0.9830729166666666 0.23796296296296296 0.019270833333333334 0.08703703703703704
0 0.9651041666666667 0.24444444444444444 0.017708333333333333 0.07592592592592592
0 0.95703125 0.24166666666666667 0.019270833333333334 0.08703703703703704
0 0.9442708333333333 0.2412037037037037 0.020833333333333332 0.09166666666666666
0 0.9359375 0.2412037037037037 0.021875 0.09537037037037037
0 0.8807291666666667 0.24351851851851852 0.01875 0.08148148148148149
0 0.7833333333333333 0.24074074074074073 0.020833333333333332 0.09259259259259259
2 0.5825520833333333 0.3537037037037037 0.03177083333333333 0.15925925925925927
2 0.9856770833333334 0.38055555555555554 0.027604166666666666 0.26296296296296295
