0 0.13376623376623376 0.75626204238921 0.09350649350649351 0.3448940269749518
0 0.24155844155844156 0.6233140655105973 0.06753246753246753 0.24470134874759153
0 0.1616883116883117 0.638728323699422 0.06883116883116883 0.25626204238921
0 0.29675324675324677 0.6714836223506744 0.08441558441558442 0.31021194605009633
0 0.33376623376623377 0.6657032755298651 0.09350649350649351 0.3371868978805395
0 0.41363636363636364 0.6319845857418112 0.07402597402597402 0.2697495183044316
0 0.4675324675324675 0.6435452793834296 0.08571428571428572 0.3159922928709056
0 0.5097402597402597 0.6213872832369942 0.06363636363636363 0.23699421965317918
0 0.5811688311688312 0.638728323699422 0.07922077922077922 0.2909441233140655
0 0.6616883116883117 0.626204238921002 0.08961038961038961 0.3236994219653179
0 0.7467532467532467 0.6396917148362236 0.08831168831168831 0.3198458574181118
0 0.8538961038961039 0.6502890173410405 0.10519480519480519 0.3834296724470135
0 0.8045454545454546 0.5895953757225434 0.07402597402597402 0.27360308285163776
0 0.6272727272727273 0.5645472061657033 0.05454545454545454 0.20423892100192678
0 0.5454545454545454 0.5895953757225434 0.05194805194805195 0.1926782273603083
0 0.06753246753246753 0.651252408477842 0.09090909090909091 0.3352601156069364
2 0.10649350649350649 0.5096339113680154 0.03116883116883117 0.05973025048169557
2 0.17337662337662338 0.5269749518304432 0.032467532467532464 0.05973025048169557
2 0.4383116883116883 0.51252408477842 0.02727272727272727 0.046242774566473986
2 0.21298701298701297 0.5279383429672447 0.01818181818181818 0.05394990366088632
2 0.22012987012987012 0.49421965317919075 0.01948051948051948 0.028901734104046242
2 0.2727272727272727 0.5510597302504817 0.023376623376623377 0.08477842003853564
2 0.2948051948051948 0.5028901734104047 0.02077922077922078 0.038535645472061654
2 0.3090909090909091 0.4932562620423892 0.015584415584415584 0.038535645472061654
2 0.3564935064935065 0.49421965317919075 0.014285714285714285 0.03275529865125241
2 0.36623376623376624 0.49229287090558765 0.012987012987012988 0.04046242774566474
2 0.41623376623376623 0.47784200385356457 0.014285714285714285 0.02697495183044316
2 0.3987012987012987 0.48073217726396916 0.015584415584415584 0.028901734104046242
2 0.44155844155844154 0.48073217726396916 0.012987012987012988 0.02119460500963391
2 0.4785714285714286 0.5154142581888247 0.016883116883116882 0.028901734104046242
2 0.4915584415584416 0.5086705202312138 0.014285714285714285 0.03468208092485549
2 0.4831168831168831 0.48073217726396916 0.012987012987012988 0.009633911368015413
2 0.5025974025974026 0.48940269749518306 0.012987012987012988 0.02697495183044316
2 0.5805194805194805 0.49903660886319845 0.01818181818181818 0.038535645472061654
2 0.5974025974025974 0.49710982658959535 0.015584415584415584 0.03468208092485549
2 0.6422077922077922 0.48940269749518306 0.01948051948051948 0.046242774566473986
2 0.6162337662337662 0.48265895953757226 0.011688311688311689 0.02119460500963391
2 0.6922077922077922 0.476878612716763 0.01818181818181818 0.036608863198458574
2 0.7616883116883116 0.4903660886319846 0.02987012987012987 0.04431599229287091
2 0.7188311688311688 0.5048169556840078 0.02207792207792208 0.06165703275529865
2 0.8590909090909091 0.4701348747591522 0.02987012987012987 0.05394990366088632
2 0.8798701298701299 0.4595375722543353 0.01948051948051948 0.04046242774566474
2 0.9175324675324675 0.49710982658959535 0.032467532467532464 0.10404624277456648
2 0.7909090909090909 0.44990366088631983 0.012987012987012988 0.025048169556840076
2 0.95 0.651252408477842 0.06883116883116883 0.51252408477842
4 0.6948051948051948 0.45472061657032753 0.43636363636363634 0.038535645472061654
4 0.5298701298701298 0.48940269749518306 0.05714285714285714 0.030828516377649325
