0 0.259375 0.55703125 0.15625 0.5765625
0 0.0953125 0.60078125 0.190625 0.7421875
0 0.5270833333333333 0.4375 0.10416666666666667 0.384375
0 0.7536458333333333 0.48046875 0.128125 0.4734375
0 0.7895833333333333 0.50703125 0.13333333333333333 0.4921875
0 0.7088541666666667 0.48125 0.11979166666666667 0.44375
0 0.840625 0.47578125 0.10625 0.3890625
0 0.9682291666666667 0.50546875 0.06354166666666666 0.4421875
0 0.8692708333333333 0.45859375 0.08854166666666667 0.3296875
0 0.64375 0.41953125 0.058333333333333334 0.2140625
0 0.6244791666666667 0.425 0.057291666666666664 0.2125
0 0.6796875 0.43359375 0.046875 0.1765625
0 0.44166666666666665 0.44609375 0.058333333333333334 0.2140625
0 0.3885416666666667 0.4640625 0.0875 0.325
0 0.36770833333333336 0.50234375 0.08541666666666667 0.3171875
0 0.0546875 0.509375 0.109375 0.415625
0 0.1421875 0.46875 0.07395833333333333 0.275
0 0.30520833333333336 0.5671875 0.1375 0.50625
0 0.45989583333333334 0.44765625 0.051041666666666666 0.1890625
0 0.5989583333333334 0.434375 0.05 0.1875
2 0.20729166666666668 0.3765625 0.0375 0.1125
2 0.4036458333333333 0.3953125 0.019791666666666666 0.071875
2 0.42552083333333335 0.35078125 0.026041666666666668 0.0328125
2 0.4859375 0.371875 0.013541666666666667 0.04375
2 0.9203125 0.36953125 0.015625 0.0578125
