0 0.42333333333333334 0.7987341772151899 0.08333333333333333 0.30632911392405066
0 0.4558333333333333 0.8012658227848102 0.06833333333333333 0.2607594936708861
0 0.525 0.7544303797468355 0.04 0.1518987341772152
0 0.5466666666666666 0.7455696202531645 0.03333333333333333 0.1291139240506329
0 0.5991666666666666 0.7708860759493671 0.051666666666666666 0.189873417721519
0 0.795 0.739240506329114 0.03 0.11139240506329114
0 0.91 0.7291139240506329 0.023333333333333334 0.09113924050632911
0 0.73 0.7278481012658228 0.02 0.07848101265822785
0 0.5116666666666667 0.7329113924050633 0.02 0.07341772151898734
0 0.49 0.7417721518987341 0.023333333333333334 0.09113924050632911
0 0.3441666666666667 0.7329113924050633 0.025 0.09367088607594937
0 0.3275 0.7354430379746836 0.021666666666666667 0.08860759493670886
0 0.2125 0.7227848101265822 0.015 0.06329113924050633
0 0.19666666666666666 0.7215189873417721 0.013333333333333334 0.05063291139240506
0 0.18666666666666668 0.7227848101265822 0.016666666666666666 0.06329113924050633
0 0.7783333333333333 0.7278481012658228 0.016666666666666666 0.06329113924050633
0 0.7541666666666667 0.7253164556962025 0.015 0.053164556962025315
0 0.74 0.7278481012658228 0.013333333333333334 0.053164556962025315
1 0.11166666666666666 0.7417721518987341 0.04666666666666667 0.17721518987341772
2 0.6875 0.7974683544303798 0.105 0.3949367088607595
4 0.27666666666666667 0.7037974683544304 0.10333333333333333 0.0810126582278481
4 0.5383333333333333 0.7050632911392405 0.1 0.05822784810126582
