0 0.75 0.7578125 0.078125 0.384375
0 0.02265625 0.81875 0.0453125 0.3375
0 0.34375 0.6484375 0.028125 0.134375
0 0.37734375 0.646875 0.0265625 0.1375
0 0.403125 0.640625 0.021875 0.1125
0 0.5015625 0.634375 0.021875 0.1125
0 0.56796875 0.6171875 0.0203125 0.109375
0 0.5953125 0.6203125 0.015625 0.084375
0 0.24453125 0.628125 0.0203125 0.1
0 0.1609375 0.6546875 0.01875 0.103125
0 0.0953125 0.640625 0.015625 0.08125
0 0.05390625 0.64375 0.0140625 0.06875
0 0.06875 0.6484375 0.01875 0.090625
0 0.04140625 0.6375 0.0109375 0.0625
0 0.32890625 0.6328125 0.0203125 0.096875
0 0.4234375 0.5921875 0.009375 0.053125
0 0.44296875 0.59375 0.0078125 0.05
0 0.47890625 0.6046875 0.0109375 0.059375
0 0.48984375 0.6 0.0109375 0.0625
0 0.52734375 0.5875 0.0078125 0.05
0 0.61953125 0.5828125 0.0109375 0.059375
0 0.64453125 0.5890625 0.0109375 0.059375
0 0.65625 0.584375 0.0125 0.06875
0 0.69375 0.6046875 0.015625 0.084375
0 0.675 0.615625 0.01875 0.09375
0 0.83515625 0.6296875 0.0265625 0.128125
0 0.8546875 0.6328125 0.025 0.128125
0 0.796875 0.5703125 0.0125 0.059375
0 0.7671875 0.5765625 0.0125 0.071875
0 0.89921875 0.5703125 0.0140625 0.071875
0 0.91484375 0.575 0.0171875 0.09375
0 0.92734375 0.5640625 0.0140625 0.065625
0 0.97734375 0.6046875 0.0203125 0.109375
0 0.72109375 0.5703125 0.0140625 0.078125
0 0.82109375 0.575 0.0140625 0.06875
4 0.0734375 0.603125 0.14375 0.0625
4 0.23203125 0.609375 0.1640625 0.05625
4 0.61796875 0.5828125 0.0484375 0.065625
4 0.7484375 0.575 0.040625 0.0625
4 0.96953125 0.5625 0.0484375 0.0625
