0 0.05909090909090909 0.5610795454545454 0.06 0.23579545454545456
0 0.03090909090909091 0.546875 0.05454545454545454 0.21875
0 0.017272727272727273 0.5369318181818182 0.034545454545454546 0.21022727272727273
0 0.11090909090909092 0.5411931818181818 0.05454545454545454 0.20738636363636365
0 0.14545454545454545 0.5426136363636364 0.06181818181818182 0.23295454545454544
0 0.1809090909090909 0.5539772727272727 0.06 0.22727272727272727
0 0.24363636363636362 0.5355113636363636 0.05818181818181818 0.22443181818181818
0 0.22181818181818183 0.5355113636363636 0.04727272727272727 0.1846590909090909
0 0.27454545454545454 0.5454545454545454 0.05454545454545454 0.21022727272727273
0 0.30818181818181817 0.5184659090909091 0.045454545454545456 0.17329545454545456
0 0.3327272727272727 0.53125 0.04363636363636364 0.17613636363636365
0 0.37545454545454543 0.5269886363636364 0.056363636363636366 0.21306818181818182
0 0.41545454545454547 0.5241477272727273 0.04909090909090909 0.1846590909090909
0 0.46090909090909093 0.5184659090909091 0.04909090909090909 0.1903409090909091
0 0.5054545454545455 0.515625 0.03636363636363636 0.14488636363636365
0 0.5418181818181819 0.5284090909090909 0.04727272727272727 0.1875
0 0.5954545454545455 0.5198863636363636 0.038181818181818185 0.1534090909090909
0 0.5690909090909091 0.5028409090909091 0.03636363636363636 0.14204545454545456
0 0.6409090909090909 0.5184659090909091 0.04181818181818182 0.16193181818181818
0 0.6609090909090909 0.5142045454545454 0.034545454545454546 0.13068181818181818
0 0.6863636363636364 0.5085227272727273 0.034545454545454546 0.13636363636363635
0 0.7363636363636363 0.5028409090909091 0.03636363636363636 0.14204545454545456
0 0.7763636363636364 0.5113636363636364 0.03272727272727273 0.125
0 0.8063636363636364 0.5 0.038181818181818185 0.14772727272727273
0 0.8318181818181818 0.49857954545454547 0.03090909090909091 0.1278409090909091
0 0.8736363636363637 0.4943181818181818 0.03090909090909091 0.11931818181818182
0 0.899090909090909 0.5071022727272727 0.034545454545454546 0.13920454545454544
0 0.9236363636363636 0.49857954545454547 0.02909090909090909 0.11647727272727272
0 0.9372727272727273 0.49573863636363635 0.023636363636363636 0.09375
0 0.9681818181818181 0.48579545454545453 0.023636363636363636 0.09659090909090909
0 0.9872727272727273 0.4928977272727273 0.025454545454545455 0.10511363636363637
0 0.7218181818181818 0.5099431818181818 0.03272727272727273 0.1278409090909091
2 0.48454545454545456 0.45738636363636365 0.02 0.045454545454545456
2 0.4509090909090909 0.4559659090909091 0.014545454545454545 0.05965909090909091
2 0.7081818181818181 0.46732954545454547 0.023636363636363636 0.048295454545454544
2 0.76 0.45738636363636365 0.02181818181818182 0.05113636363636364
2 0.8545454545454545 0.49857954545454547 0.01818181818181818 0.09943181818181818
