0 0.010833333333333334 0.5316666666666666 0.021666666666666667 0.12777777777777777
0 0.021666666666666667 0.5366666666666666 0.035 0.11555555555555555
0 0.042916666666666665 0.5305555555555556 0.0375 0.12555555555555556
0 0.06791666666666667 0.5288888888888889 0.03916666666666667 0.12666666666666668
0 0.09625 0.5394444444444444 0.0675 0.22111111111111112
0 0.14083333333333334 0.5277777777777778 0.035 0.11555555555555555
0 0.15916666666666668 0.5316666666666666 0.028333333333333332 0.09444444444444444
0 0.14916666666666667 0.5288888888888889 0.03166666666666667 0.10444444444444445
0 0.22625 0.5383333333333333 0.050833333333333335 0.16555555555555557
0 0.24583333333333332 0.53 0.028333333333333332 0.09111111111111111
0 0.27416666666666667 0.5411111111111111 0.06833333333333333 0.22444444444444445
0 0.3104166666666667 0.5372222222222223 0.0375 0.12111111111111111
0 0.3595833333333333 0.5422222222222223 0.050833333333333335 0.16444444444444445
0 0.43125 0.5416666666666666 0.07083333333333333 0.23444444444444446
0 0.47875 0.5394444444444444 0.05416666666666667 0.17666666666666667
0 0.5120833333333333 0.5427777777777778 0.035833333333333335 0.11666666666666667
0 0.5308333333333334 0.5427777777777778 0.03333333333333333 0.10777777777777778
0 0.5508333333333333 0.5288888888888889 0.028333333333333332 0.09333333333333334
0 0.6754166666666667 0.5483333333333333 0.06583333333333333 0.21666666666666667
0 0.6575 0.545 0.055 0.17888888888888888
0 0.6445833333333333 0.5405555555555556 0.0425 0.1388888888888889
0 0.6325 0.5344444444444445 0.03333333333333333 0.1111111111111111
0 0.7583333333333333 0.5361111111111111 0.035 0.11666666666666667
0 0.8020833333333334 0.5427777777777778 0.0425 0.1388888888888889
0 0.7791666666666667 0.5366666666666666 0.025 0.08444444444444445
0 0.8158333333333333 0.5394444444444444 0.025 0.08333333333333333
0 0.8416666666666667 0.535 0.03 0.09666666666666666
0 0.8729166666666667 0.5538888888888889 0.0525 0.17222222222222222
0 0.91375 0.5511111111111111 0.0625 0.20444444444444446
2 0.36125 0.24222222222222223 0.0425 0.12444444444444444
2 0.75375 0.26 0.0725 0.12444444444444444
2 0.8341666666666666 0.24 0.08166666666666667 0.13777777777777778
