0 0.071 0.6051051051051051 0.142 0.5315315315315315
0 0.158 0.6051051051051051 0.144 0.5255255255255256
0 0.228 0.6006006006006006 0.14 0.5165165165165165
0 0.303 0.5525525525525525 0.142 0.5225225225225225
0 0.345 0.6096096096096096 0.142 0.5225225225225225
0 0.424 0.56006006006006 0.136 0.5015015015015015
0 0.484 0.6021021021021021 0.144 0.5255255255255256
0 0.541 0.5705705705705706 0.146 0.5405405405405406
0 0.601 0.6201201201201201 0.15 0.5495495495495496
0 0.672 0.5675675675675675 0.136 0.4984984984984985
0 0.743 0.6066066066066066 0.154 0.5645645645645646
0 0.795 0.575075075075075 0.138 0.5135135135135135
0 0.923 0.5855855855855856 0.146 0.5405405405405406
0 0.937 0.5765765765765766 0.126 0.5225225225225225
