0 0.14666666666666667 0.6875 0.10333333333333333 0.385
0 0.2708333333333333 0.63625 0.09166666666666666 0.3425
0 0.3775 0.64625 0.11166666666666666 0.4075
0 0.5433333333333333 0.665 0.1 0.375
0 0.7441666666666666 0.70375 0.10833333333333334 0.3975
0 0.875 0.66375 0.10666666666666667 0.3925
0 0.4166666666666667 0.4475 0.056666666666666664 0.215
0 0.2975 0.4225 0.058333333333333334 0.215
0 0.35583333333333333 0.44 0.051666666666666666 0.19
0 0.4725 0.47375 0.051666666666666666 0.1975
0 0.5383333333333333 0.46875 0.06 0.2225
0 0.6341666666666667 0.47125 0.065 0.2375
0 0.6883333333333334 0.45125 0.06666666666666667 0.2475
0 0.715 0.41625 0.06666666666666667 0.2475
0 0.1175 0.37375 0.03833333333333333 0.1425
0 0.1 0.47625 0.07 0.2625
0 0.0875 0.69375 0.095 0.3525
0 0.15666666666666668 0.35875 0.03666666666666667 0.1325
0 0.1925 0.3525 0.035 0.135
0 0.21083333333333334 0.33375 0.035 0.1375
0 0.265 0.40375 0.05333333333333334 0.2025
0 0.88 0.3125 0.03 0.115
0 0.9291666666666667 0.32125 0.035 0.1275
0 0.8608333333333333 0.30375 0.028333333333333332 0.1075
0 0.8408333333333333 0.29875 0.028333333333333332 0.1075
0 0.8075 0.29625 0.028333333333333332 0.1125
0 0.7783333333333333 0.295 0.02666666666666667 0.105
0 0.9616666666666667 0.31625 0.03333333333333333 0.1225
2 0.9725 0.43625 0.028333333333333332 0.1175
4 0.37333333333333335 0.27125 0.22 0.0675
4 0.5766666666666667 0.26125 0.17666666666666667 0.0675
4 0.7158333333333333 0.28875 0.07833333333333334 0.1025
