0 0.953 0.5697674418604651 0.094 0.43023255813953487
0 0.87 0.5 0.092 0.32558139534883723
0 0.828 0.4883720930232558 0.084 0.29651162790697677
0 0.779 0.4956395348837209 0.09 0.32848837209302323
0 0.734 0.5218023255813954 0.116 0.41569767441860467
0 0.701 0.5872093023255814 0.15 0.5406976744186046
0 0.644 0.5552325581395349 0.108 0.38372093023255816
0 0.503 0.5450581395348837 0.114 0.40988372093023256
0 0.389 0.501453488372093 0.094 0.33430232558139533
0 0.272 0.623546511627907 0.128 0.4563953488372093
0 0.161 0.622093023255814 0.15 0.5290697674418605
0 0.077 0.559593023255814 0.134 0.4796511627906977
0 0.31 0.49127906976744184 0.112 0.3953488372093023
2 0.463 0.37209302325581395 0.05 0.12790697674418605
2 0.565 0.3793604651162791 0.058 0.13662790697674418
2 0.918 0.35901162790697677 0.032 0.07267441860465117
2 0.949 0.36627906976744184 0.038 0.0755813953488372
2 0.974 0.31976744186046513 0.048 0.08139534883720931
2 0.126 0.37209302325581395 0.036 0.0872093023255814
4 0.033 0.35901162790697677 0.066 0.07267441860465117
4 0.279 0.33575581395348836 0.438 0.06686046511627906
