0 0.6636792452830189 0.516 0.13679245283018868 0.4746666666666667
0 0.8202830188679245 0.522 0.12924528301886792 0.4493333333333333
0 0.7707547169811321 0.51 0.10377358490566038 0.36133333333333334
0 0.5518867924528302 0.5193333333333333 0.12452830188679245 0.43333333333333335
0 0.4235849056603774 0.5293333333333333 0.11886792452830189 0.4106666666666667
0 0.38018867924528305 0.5293333333333333 0.11320754716981132 0.392
0 0.3287735849056604 0.538 0.1009433962264151 0.3506666666666667
0 0.29952830188679247 0.49066666666666664 0.08584905660377358 0.2986666666666667
0 0.47830188679245284 0.5393333333333333 0.08113207547169811 0.284
0 0.5183962264150943 0.544 0.10471698113207548 0.3626666666666667
0 0.6358490566037736 0.5086666666666667 0.1 0.3453333333333333
0 0.2778301886792453 0.476 0.059433962264150944 0.20533333333333334
2 0.4580188679245283 0.382 0.02547169811320755 0.04933333333333333
2 0.41745283018867924 0.372 0.01981132075471698 0.04
2 0.7056603773584905 0.332 0.02830188679245283 0.05333333333333334
2 0.7306603773584905 0.36666666666666664 0.02547169811320755 0.06133333333333333
2 0.7938679245283019 0.332 0.0330188679245283 0.056
2 0.625 0.386 0.02169811320754717 0.036
2 0.6146226415094339 0.362 0.029245283018867925 0.036
4 0.2518867924528302 0.44666666666666666 0.05849056603773585 0.144
4 0.5009433962264151 0.37533333333333335 0.05471698113207547 0.06266666666666666
