0 0.08203125 0.82 0.0703125 0.32
0 0.2515625 0.7871428571428571 0.065625 0.29428571428571426
0 0.45 0.72 0.04375 0.2057142857142857
0 0.49765625 0.7614285714285715 0.0546875 0.24285714285714285
0 0.53828125 0.8371428571428572 0.0640625 0.2914285714285714
0 0.61171875 0.7057142857142857 0.0484375 0.21714285714285714
0 0.71796875 0.76 0.0578125 0.26857142857142857
0 0.73046875 0.7485714285714286 0.0578125 0.2571428571428571
0 0.7671875 0.8085714285714286 0.059375 0.2742857142857143
0 0.87734375 0.7214285714285714 0.0515625 0.23142857142857143
0 0.953125 0.7528571428571429 0.05 0.23142857142857143
0 0.971875 0.8271428571428572 0.05625 0.28285714285714286
0 0.290625 0.7157142857142857 0.05 0.23142857142857143
0 0.04609375 0.7642857142857142 0.0609375 0.27714285714285714
0 0.65 0.6685714285714286 0.034375 0.16
0 0.20625 0.6828571428571428 0.05 0.22285714285714286
2 0.17578125 0.7614285714285715 0.0515625 0.16285714285714287
2 0.3578125 0.69 0.05625 0.13428571428571429
2 0.5796875 0.7328571428571429 0.053125 0.18
2 0.225 0.5985714285714285 0.025 0.07714285714285714
4 0.29296875 0.5171428571428571 0.3078125 0.13142857142857142
4 0.07734375 0.5628571428571428 0.1328125 0.07428571428571429
4 0.63046875 0.59 0.2734375 0.11142857142857143
