0 0.6290909090909091 0.4891008174386921 0.09090909090909091 0.3405994550408719
0 0.6827272727272727 0.49182561307901906 0.08181818181818182 0.3024523160762943
0 0.8036363636363636 0.5013623978201635 0.09454545454545454 0.3542234332425068
0 0.8681818181818182 0.5040871934604905 0.09636363636363636 0.3542234332425068
0 0.7609090909090909 0.5395095367847411 0.09636363636363636 0.35967302452316074
0 0.5109090909090909 0.5040871934604905 0.08363636363636363 0.3106267029972752
0 0.3281818181818182 0.5245231607629428 0.07090909090909091 0.26430517711171664
0 0.17545454545454545 0.5313351498637602 0.056363636363636366 0.2125340599455041
0 0.11454545454545455 0.46321525885558584 0.08363636363636363 0.3106267029972752
0 0.03 0.494550408719346 0.06 0.22070844686648503
0 0.07636363636363637 0.4904632152588556 0.05818181818181818 0.2125340599455041
0 0.2 0.47547683923705725 0.06545454545454546 0.24795640326975477
0 0.25545454545454543 0.4659400544959128 0.038181818181818185 0.14713896457765668
0 0.4081818181818182 0.4891008174386921 0.06363636363636363 0.23160762942779292
0 0.3481818181818182 0.502724795640327 0.06363636363636363 0.24250681198910082
0 0.3718181818181818 0.49727520435967304 0.038181818181818185 0.1444141689373297
0 0.5572727272727273 0.49318801089918257 0.07454545454545454 0.2724795640326976
0 0.5809090909090909 0.49591280653950953 0.07090909090909091 0.2670299727520436
0 0.9145454545454546 0.4877384196185286 0.09090909090909091 0.33242506811989103
0 0.9663636363636363 0.48501362397820164 0.06727272727272728 0.29427792915531337
2 0.4536363636363636 0.40599455040871935 0.04181818181818182 0.04904632152588556
2 0.5245454545454545 0.38283378746594005 0.034545454545454546 0.08446866485013624
2 0.9445454545454546 0.37329700272479566 0.03090909090909091 0.09264305177111716
2 0.7281818181818182 0.3637602179836512 0.034545454545454546 0.051771117166212535
2 0.6527272727272727 0.388283378746594 0.03272727272727273 0.09536784741144415
