0 0.09151785714285714 0.6369047619047619 0.044642857142857144 0.19444444444444445
0 0.14732142857142858 0.6448412698412699 0.044642857142857144 0.20238095238095238
0 0.20200892857142858 0.6547619047619048 0.046875 0.20634920634920634
0 0.2622767857142857 0.6408730158730159 0.046875 0.21825396825396826
0 0.32142857142857145 0.6448412698412699 0.049107142857142856 0.21825396825396826
0 0.37276785714285715 0.6428571428571429 0.044642857142857144 0.20634920634920634
0 0.4185267857142857 0.6507936507936508 0.046875 0.20634920634920634
0 0.4654017857142857 0.6428571428571429 0.046875 0.21428571428571427
0 0.5435267857142857 0.6408730158730159 0.05133928571428571 0.2261904761904762
0 0.6060267857142857 0.6388888888888888 0.046875 0.21428571428571427
0 0.6662946428571429 0.628968253968254 0.05133928571428571 0.2261904761904762
0 0.7087053571428571 0.6349206349206349 0.046875 0.21428571428571427
0 0.7544642857142857 0.6309523809523809 0.044642857142857144 0.20634920634920634
0 0.7957589285714286 0.6369047619047619 0.046875 0.20238095238095238
0 0.8549107142857143 0.6408730158730159 0.044642857142857144 0.20238095238095238
0 0.8995535714285714 0.6388888888888888 0.044642857142857144 0.1984126984126984
