0 0.080625 0.5791666666666667 0.13375 0.43833333333333335
0 0.16625 0.5741666666666667 0.125 0.405
0 0.244375 0.5675 0.11125 0.365
0 0.31625 0.5575 0.1075 0.3516666666666667
0 0.3875 0.5491666666666667 0.0975 0.31833333333333336
0 0.456875 0.5575 0.09625 0.31833333333333336
0 0.53 0.57 0.0925 0.30333333333333334
0 0.585625 0.56 0.09875 0.32
0 0.659375 0.5758333333333333 0.10625 0.3516666666666667
0 0.731875 0.5666666666666667 0.11625 0.38
0 0.810625 0.585 0.12875 0.42333333333333334
0 0.895625 0.595 0.12875 0.42
