0 0.373 0.6443148688046647 0.11 0.3965014577259475
0 0.486 0.6618075801749271 0.096 0.3498542274052478
0 0.597 0.6865889212827988 0.078 0.282798833819242
0 0.724 0.7040816326530612 0.072 0.2536443148688047
0 0.278 0.7055393586005831 0.072 0.26239067055393583
0 0.186 0.6501457725947521 0.104 0.37317784256559766
0 0.141 0.6865889212827988 0.082 0.2944606413994169
0 0.069 0.5816326530612245 0.138 0.521865889212828
0 0.55 0.7317784256559767 0.056 0.19825072886297376
0 0.641 0.7274052478134111 0.058 0.20699708454810495
0 0.444 0.6924198250728864 0.08 0.2886297376093295
2 0.415 0.7128279883381924 0.022 0.23615160349854228
2 0.783 0.793002915451895 0.026 0.09329446064139942
2 0.83 0.7959183673469388 0.032 0.08746355685131195
2 0.855 0.7944606413994169 0.03 0.07871720116618076
2 0.991 0.7959183673469388 0.014 0.08163265306122448
2 0.975 0.7944606413994169 0.03 0.08454810495626822
2 0.949 0.8017492711370262 0.018 0.05830903790087463
2 0.928 0.8119533527696793 0.028 0.07871720116618076
2 0.891 0.7959183673469388 0.03 0.07580174927113703
2 0.748 0.8002915451895044 0.016 0.06705539358600583
2 0.692 0.7944606413994169 0.032 0.06705539358600583
4 0.605 0.7988338192419825 0.142 0.05830903790087463
