0 0.052808988764044947 0.6129943502824858 0.08314606741573034 0.2655367231638418
0 0.029213483146067417 0.5875706214689266 0.058426966292134834 0.2824858757062147
0 0.12359550561797752 0.6016949152542372 0.0853932584269663 0.2655367231638418
0 0.3955056179775281 0.7245762711864406 0.1662921348314607 0.5112994350282486
0 0.5528089887640449 0.7019774011299436 0.14831460674157304 0.4548022598870056
0 0.6370786516853932 0.6596045197740112 0.10112359550561797 0.3135593220338983
0 0.8213483146067416 0.5861581920903954 0.11910112359550562 0.3644067796610169
0 0.7370786516853932 0.5 0.058426966292134834 0.1864406779661017
0 0.8471910112359551 0.4463276836158192 0.07640449438202247 0.23163841807909605
0 0.9157303370786517 0.4519774011299435 0.0651685393258427 0.2033898305084746
0 0.9752808988764045 0.501412429378531 0.04943820224719101 0.20056497175141244
0 0.6898876404494382 0.5084745762711864 0.06292134831460675 0.192090395480226
0 0.6764044943820224 0.6624293785310734 0.04044943820224719 0.12146892655367232
1 0.2539325842696629 0.7217514124293786 0.1348314606741573 0.4152542372881356
2 0.060674157303370786 0.4265536723163842 0.07191011235955057 0.0847457627118644
2 0.18651685393258427 0.4364406779661017 0.06292134831460675 0.07062146892655367
2 0.29775280898876405 0.5112994350282486 0.04269662921348315 0.07344632768361582
2 0.4696629213483146 0.3629943502824859 0.04943820224719101 0.06497175141242938
2 0.547191011235955 0.3559322033898305 0.04719101123595506 0.05084745762711865
2 0.5842696629213483 0.3587570621468927 0.035955056179775284 0.062146892655367235
2 0.6741573033707865 0.3531073446327684 0.0449438202247191 0.05649717514124294
2 0.7910112359550562 0.3672316384180791 0.04044943820224719 0.062146892655367235
2 0.4696629213483146 0.481638418079096 0.058426966292134834 0.08192090395480225
2 0.5 0.4307909604519774 0.038202247191011236 0.05367231638418079
2 0.34831460674157305 0.4251412429378531 0.04943820224719101 0.059322033898305086
2 0.20224719101123595 0.5127118644067796 0.058426966292134834 0.07062146892655367
