0 0.9739130434782609 0.33731019522776573 0.017391304347826087 0.07158351409978309
0 0.9188405797101449 0.279826464208243 0.017391304347826087 0.0650759219088937
0 0.9420289855072463 0.3438177874186551 0.017391304347826087 0.07158351409978309
0 0.908695652173913 0.3438177874186551 0.017391304347826087 0.06290672451193059
0 0.8760869565217392 0.35032537960954446 0.01884057971014493 0.06724511930585683
0 0.8449275362318841 0.3546637744034707 0.020289855072463767 0.07592190889370933
0 0.7869565217391304 0.3633405639913232 0.020289855072463767 0.08026030368763558
0 0.7572463768115942 0.3579175704989154 0.01884057971014493 0.0737527114967462
0 0.7340579710144928 0.36550976138828634 0.021739130434782608 0.08459869848156182
0 0.7057971014492753 0.37093275488069416 0.020289855072463767 0.0824295010845987
0 0.6789855072463769 0.3752711496746204 0.021739130434782608 0.0824295010845987
0 0.6594202898550725 0.3839479392624729 0.020289855072463767 0.0824295010845987
0 0.6376811594202898 0.3839479392624729 0.020289855072463767 0.0737527114967462
0 0.618840579710145 0.3926247288503254 0.020289855072463767 0.0824295010845987
0 0.6028985507246377 0.3958785249457701 0.020289855072463767 0.08026030368763558
0 0.5826086956521739 0.40563991323210413 0.020289855072463767 0.0824295010845987
0 0.5717391304347826 0.4078091106290672 0.021739130434782608 0.0824295010845987
0 0.5768115942028985 0.5260303687635575 0.028985507246376812 0.11062906724511931
0 0.5623188405797102 0.517353579175705 0.02608695652173913 0.1019522776572668
0 0.5978260869565217 0.5357917570498916 0.02753623188405797 0.10845986984815618
0 0.6224637681159421 0.5574837310195228 0.02753623188405797 0.10845986984815618
0 0.65 0.5726681127982647 0.03333333333333333 0.12147505422993492
0 0.6876811594202898 0.588937093275488 0.03333333333333333 0.12364425162689804
0 0.7608695652173914 0.6214750542299349 0.034782608695652174 0.13232104121475055
0 0.8144927536231884 0.6323210412147505 0.034782608695652174 0.13232104121475055
0 0.8659420289855072 0.6572668112798264 0.036231884057971016 0.13882863340563992
0 0.9246376811594202 0.6789587852494577 0.034782608695652174 0.1301518438177874
0 0.9528985507246377 0.44577006507592193 0.02463768115942029 0.09761388286334056
0 0.8963768115942029 0.8026030368763557 0.04782608695652174 0.17787418655097614
0 0.7543478260869565 0.7494577006507592 0.04782608695652174 0.18004338394793926
0 0.1681159420289855 0.3199566160520607 0.017391304347826087 0.07158351409978309
0 0.20434782608695654 0.3123644251626898 0.020289855072463767 0.0824295010845987
0 0.22246376811594204 0.30585683297180044 0.01884057971014493 0.0737527114967462
0 0.24782608695652175 0.30151843817787416 0.020289855072463767 0.07809110629067245
0 0.2688405797101449 0.3091106290672451 0.021739130434782608 0.08459869848156182
0 0.3333333333333333 0.37635574837310193 0.02318840579710145 0.08893709327548807
0 0.1 0.5065075921908894 0.034782608695652174 0.1279826464208243
0 0.12318840579710146 0.5357917570498916 0.03188405797101449 0.12147505422993492
0 0.1398550724637681 0.5433839479392625 0.036231884057971016 0.13232104121475055
0 0.15797101449275364 0.5650759219088937 0.03188405797101449 0.12364425162689804
0 0.19130434782608696 0.5802603036876356 0.034782608695652174 0.13232104121475055
0 0.2391304347826087 0.6073752711496746 0.03768115942028986 0.13882863340563992
0 0.2746376811594203 0.6236442516268981 0.036231884057971016 0.13232104121475055
0 0.31666666666666665 0.6453362255965293 0.0391304347826087 0.14099783080260303
0 0.3463768115942029 0.6561822125813449 0.03768115942028986 0.14099783080260303
0 0.3826086956521739 0.6637744034707158 0.04057971014492753 0.1475054229934924
0 0.42318840579710143 0.6876355748373102 0.03768115942028986 0.13882863340563992
0 0.4514492753623188 0.7093275488069414 0.0391304347826087 0.14316702819956617
0 0.4934782608695652 0.6963123644251626 0.042028985507246375 0.15184381778741865
0 0.5072463768115942 0.7234273318872018 0.03768115942028986 0.14533622559652928
0 0.5557971014492754 0.7418655097613883 0.0391304347826087 0.1475054229934924
0 0.6036231884057971 0.7321041214750542 0.0391304347826087 0.14533622559652928
0 0.6253623188405797 0.7114967462039046 0.036231884057971016 0.13882863340563992
0 0.6927536231884058 0.7396963123644251 0.03768115942028986 0.13882863340563992
0 0.6528985507246376 0.7364425162689805 0.0391304347826087 0.14099783080260303
0 0.6695652173913044 0.6908893709327549 0.03188405797101449 0.11496746203904555
0 0.4782608695652174 0.32537960954446854 0.02318840579710145 0.08676789587852494
0 0.5028985507246376 0.3318872017353579 0.02318840579710145 0.08676789587852494
0 0.5239130434782608 0.3275488069414317 0.021739130434782608 0.08676789587852494
0 0.5550724637681159 0.33080260303687636 0.02318840579710145 0.08459869848156182
0 0.5420289855072464 0.3275488069414317 0.02318840579710145 0.08676789587852494
0 0.5753623188405798 0.33405639913232105 0.020289855072463767 0.0737527114967462
0 0.5695652173913044 0.32212581344902386 0.020289855072463767 0.07592190889370933
0 0.5992753623188406 0.33080260303687636 0.01884057971014493 0.07158351409978309
0 0.6202898550724638 0.324295010845987 0.017391304347826087 0.06724511930585683
0 0.636231884057971 0.3210412147505423 0.017391304347826087 0.0650759219088937
0 0.658695652173913 0.3199566160520607 0.013043478260869565 0.05422993492407809
0 0.717391304347826 0.3199566160520607 0.017391304347826087 0.06290672451193059
0 0.6985507246376812 0.3199566160520607 0.017391304347826087 0.06290672451193059
0 0.7644927536231884 0.31019522776572667 0.015942028985507246 0.06073752711496746
0 0.7818840579710145 0.30260303687635576 0.01884057971014493 0.07592190889370933
0 0.8 0.31127982646420826 0.020289855072463767 0.07592190889370933
0 0.7347826086956522 0.31453362255965295 0.014492753623188406 0.05639913232104121
0 0.7492753623188406 0.31344902386117135 0.020289855072463767 0.07592190889370933
2 0.8144927536231884 0.2635574837310195 0.03768115942028986 0.05856832971800434
2 0.9036231884057971 0.1334056399132321 0.030434782608695653 0.05422993492407809
2 0.9304347826086956 0.13665943600867678 0.02608695652173913 0.05639913232104121
2 0.9594202898550724 0.13557483731019523 0.02318840579710145 0.0455531453362256
2 0.5891304347826087 0.5997830802603037 0.03333333333333333 0.0368763557483731
2 0.5521739130434783 0.586767895878525 0.02318840579710145 0.0368763557483731
2 0.5130434782608696 0.5737527114967462 0.020289855072463767 0.03253796095444685
2 0.48478260869565215 0.5650759219088937 0.01884057971014493 0.0455531453362256
2 0.4666666666666667 0.579175704989154 0.020289855072463767 0.039045553145336226
2 0.41956521739130437 0.5368763557483731 0.01884057971014493 0.04121475054229935
2 0.358695652173913 0.5108459869848156 0.02463768115942029 0.0368763557483731
2 0.5079710144927536 0.613882863340564 0.01884057971014493 0.03036876355748373
2 0.2847826086956522 0.16052060737527116 0.02753623188405797 0.04338394793926247
2 0.30869565217391304 0.15726681127982647 0.03188405797101449 0.0455531453362256
2 0.35 0.19197396963123645 0.036231884057971016 0.049891540130151846
2 0.39057971014492754 0.18546637744034708 0.03333333333333333 0.06290672451193059
2 0.4311594202898551 0.20932754880694143 0.02753623188405797 0.0368763557483731
2 0.48985507246376814 0.24295010845986983 0.02318840579710145 0.04338394793926247
2 0.5036231884057971 0.2678958785249458 0.021739130434782608 0.049891540130151846
2 0.5282608695652173 0.26572668112798264 0.02463768115942029 0.0368763557483731
2 0.4934782608695652 0.15184381778741865 0.030434782608695653 0.04772234273318872
2 0.4731884057971015 0.15075921908893708 0.02463768115942029 0.05422993492407809
2 0.1782608695652174 0.482646420824295 0.017391304347826087 0.028199566160520606
2 0.20217391304347826 0.5010845986984815 0.02463768115942029 0.03470715835140998
2 0.24782608695652175 0.5010845986984815 0.02608695652173913 0.03470715835140998
2 0.2536231884057971 0.544468546637744 0.020289855072463767 0.03470715835140998
2 0.19927536231884058 0.39804772234273317 0.030434782608695653 0.03253796095444685
2 0.43478260869565216 0.5932754880694143 0.02608695652173913 0.0455531453362256
2 0.46159420289855074 0.6193058568329718 0.021739130434782608 0.0368763557483731
2 0.5463768115942029 0.6529284164859002 0.020289855072463767 0.026030368763557483
2 0.5855072463768116 0.6507592190889371 0.02608695652173913 0.03036876355748373
2 0.36231884057971014 0.5813449023861171 0.02318840579710145 0.03470715835140998
2 0.31666666666666665 0.5574837310195228 0.03333333333333333 0.03036876355748373
2 0.3108695652173913 0.5260303687635575 0.02753623188405797 0.03253796095444685
2 0.2797101449275362 0.5151843817787418 0.014492753623188406 0.028199566160520606
2 0.29927536231884055 0.47071583514099785 0.015942028985507246 0.026030368763557483
2 0.26231884057971017 0.43817787418655096 0.020289855072463767 0.021691973969631236
2 0.26231884057971017 0.39804772234273317 0.020289855072463767 0.03253796095444685
2 0.22246376811594204 0.43275488069414314 0.02753623188405797 0.02386117136659436
2 0.22753623188405797 0.45336225596529284 0.014492753623188406 0.026030368763557483
2 0.14130434782608695 0.45010845986984815 0.02463768115942029 0.03253796095444685
2 0.17681159420289855 0.4370932754880694 0.020289855072463767 0.02386117136659436
2 0.09565217391304348 0.40238611713665945 0.02318840579710145 0.0368763557483731
2 0.3855072463768116 0.5759219088937093 0.020289855072463767 0.0368763557483731
2 0.4 0.5835140997830802 0.014492753623188406 0.03036876355748373
2 0.4072463768115942 0.5563991323210412 0.020289855072463767 0.03253796095444685
4 0.5521739130434783 0.4349240780911063 0.06376811594202898 0.11062906724511931
4 0.1753623188405797 0.06399132321041215 0.3391304347826087 0.1279826464208243
4 0.5115942028985507 0.06941431670281996 0.33043478260869563 0.13882863340563992
4 0.7905797101449276 0.06832971800433839 0.3173913043478261 0.11496746203904555
4 0.3644927536231884 0.1420824295010846 0.09130434782608696 0.0455531453362256
4 0.6608695652173913 0.28633405639913234 0.3826086956521739 0.052060737527114966
