0 0.501219512195122 0.7889344262295082 0.09024390243902439 0.38114754098360654
0 0.5548780487804879 0.7848360655737705 0.09024390243902439 0.3729508196721312
0 0.6365853658536585 0.7725409836065574 0.0975609756097561 0.4057377049180328
0 0.7024390243902439 0.7868852459016393 0.09268292682926829 0.38524590163934425
0 0.8365853658536585 0.7622950819672131 0.09268292682926829 0.39344262295081966
0 0.5878048780487805 0.7807377049180327 0.08780487804878048 0.35655737704918034
0 0.7353658536585366 0.7909836065573771 0.09024390243902439 0.36885245901639346
0 0.7670731707317073 0.7684426229508197 0.08048780487804878 0.3401639344262295
0 0.05609756097560976 0.5778688524590164 0.04878048780487805 0.19672131147540983
0 0.09634146341463415 0.5594262295081968 0.05121951219512195 0.20901639344262296
0 0.174390243902439 0.5614754098360656 0.05121951219512195 0.21311475409836064
0 0.22195121951219512 0.555327868852459 0.05365853658536585 0.21721311475409835
0 0.2634146341463415 0.5655737704918032 0.04878048780487805 0.20491803278688525
0 0.3097560975609756 0.5573770491803278 0.04878048780487805 0.21311475409836064
0 0.34512195121951217 0.5573770491803278 0.046341463414634146 0.19672131147540983
0 0.38414634146341464 0.5573770491803278 0.05121951219512195 0.21311475409836064
0 0.4073170731707317 0.569672131147541 0.04390243902439024 0.1885245901639344
0 0.4426829268292683 0.5594262295081968 0.046341463414634146 0.20081967213114754
0 0.4975609756097561 0.5450819672131147 0.04390243902439024 0.18032786885245902
0 0.5353658536585366 0.555327868852459 0.046341463414634146 0.19262295081967212
0 0.5853658536585366 0.5512295081967213 0.04390243902439024 0.19262295081967212
0 0.6268292682926829 0.5450819672131147 0.03902439024390244 0.1721311475409836
0 0.6719512195121952 0.5512295081967213 0.046341463414634146 0.19262295081967212
0 0.7073170731707317 0.5430327868852459 0.04390243902439024 0.1762295081967213
0 0.748780487804878 0.5594262295081968 0.04878048780487805 0.20081967213114754
0 0.7878048780487805 0.5471311475409836 0.05365853658536585 0.21721311475409835
0 0.8414634146341463 0.5532786885245902 0.04878048780487805 0.19672131147540983
0 0.8817073170731707 0.5471311475409836 0.046341463414634146 0.19262295081967212
0 0.14268292682926828 0.5778688524590164 0.041463414634146344 0.1721311475409836
2 0.036585365853658534 0.8135245901639344 0.04878048780487805 0.1680327868852459
2 0.22682926829268293 0.8688524590163934 0.09268292682926829 0.1557377049180328
2 0.32926829268292684 0.8934426229508197 0.07804878048780488 0.1721311475409836
2 0.4024390243902439 0.8504098360655737 0.11219512195121951 0.26639344262295084
2 0.2926829268292683 0.7684426229508197 0.06829268292682927 0.0778688524590164
2 0.15853658536585366 0.8217213114754098 0.04878048780487805 0.11885245901639344
2 0.11829268292682926 0.7704918032786885 0.041463414634146344 0.07377049180327869
2 0.06097560975609756 0.6741803278688525 0.0975609756097561 0.11065573770491803
2 0.15609756097560976 0.6700819672131147 0.06829268292682927 0.0942622950819672
2 0.3524390243902439 0.6290983606557377 0.07560975609756097 0.12704918032786885
2 0.9621951219512195 0.6516393442622951 0.05609756097560976 0.1557377049180328
