0 0.06833333333333333 0.636604774535809 0.06666666666666667 0.259946949602122
0 0.1575 0.6180371352785146 0.051666666666666666 0.20159151193633953
0 0.20166666666666666 0.6047745358090185 0.05 0.1962864721485411
0 0.24333333333333335 0.596816976127321 0.04 0.16445623342175067
0 0.37 0.6286472148541115 0.06666666666666667 0.26525198938992045
0 0.585 0.6538461538461539 0.08333333333333333 0.32625994694960214
0 0.8533333333333334 0.6551724137931034 0.07666666666666666 0.30238726790450926
0 0.8275 0.6379310344827587 0.065 0.2519893899204244
0 0.7808333333333334 0.616710875331565 0.055 0.22015915119363394
0 0.7533333333333333 0.5941644562334217 0.043333333333333335 0.17506631299734748
0 0.7383333333333333 0.5901856763925729 0.04 0.15649867374005305
0 0.41083333333333333 0.6007957559681698 0.04833333333333333 0.1883289124668435
0 0.42333333333333334 0.5888594164456233 0.04 0.16445623342175067
0 0.38166666666666665 0.603448275862069 0.056666666666666664 0.22015915119363394
0 0.5591666666666667 0.6087533156498673 0.051666666666666666 0.20954907161803712
0 0.9208333333333333 0.53315649867374 0.018333333333333333 0.06896551724137931
0 0.45666666666666667 0.5557029177718833 0.016666666666666666 0.07161803713527852
0 0.11166666666666666 0.5663129973474801 0.02 0.07692307692307693
0 0.0825 0.5583554376657824 0.021666666666666667 0.08753315649867374
2 0.26666666666666666 0.5862068965517241 0.023333333333333334 0.04774535809018567
2 0.31083333333333335 0.5915119363395226 0.025 0.04774535809018567
2 0.45916666666666667 0.5875331564986738 0.03166666666666667 0.03978779840848806
2 0.6825 0.5689655172413793 0.03166666666666667 0.04509283819628647
2 0.5858333333333333 0.45755968169761274 0.021666666666666667 0.034482758620689655
2 0.6066666666666667 0.4535809018567639 0.02666666666666667 0.04774535809018567
2 0.8316666666666667 0.45225464190981435 0.023333333333333334 0.023872679045092837
2 0.8508333333333333 0.45225464190981435 0.011666666666666667 0.029177718832891247
4 0.0425 0.46949602122015915 0.085 0.04774535809018567
4 0.21833333333333332 0.4960212201591512 0.19 0.07957559681697612
4 0.4216666666666667 0.5053050397877984 0.15333333333333332 0.05570291777188329
4 0.5858333333333333 0.5039787798408488 0.15166666666666667 0.04774535809018567
4 0.7875 0.4986737400530504 0.22166666666666668 0.05305039787798409
