0 0.13833333333333334 0.5633333333333334 0.11 0.4066666666666667
0 0.22555555555555556 0.6016666666666667 0.13111111111111112 0.48333333333333334
0 0.29 0.64 0.14222222222222222 0.5266666666666666
0 0.35444444444444445 0.6658333333333334 0.15555555555555556 0.5683333333333334
0 0.48944444444444446 0.6075 0.12777777777777777 0.4716666666666667
0 0.425 0.585 0.11666666666666667 0.4266666666666667
0 0.5844444444444444 0.6241666666666666 0.14 0.5183333333333333
0 0.8055555555555556 0.5975 0.18888888888888888 0.6916666666666667
0 0.72 0.5766666666666667 0.10666666666666667 0.39
0 0.6305555555555555 0.57 0.09666666666666666 0.35333333333333333
0 0.6672222222222223 0.525 0.0811111111111111 0.3
2 0.18333333333333332 0.41583333333333333 0.03777777777777778 0.06166666666666667
2 0.32 0.42333333333333334 0.04 0.07333333333333333
2 0.39166666666666666 0.4166666666666667 0.027777777777777776 0.05333333333333334
2 0.5361111111111111 0.40166666666666667 0.03888888888888889 0.056666666666666664
2 0.8777777777777778 0.43333333333333335 0.04666666666666667 0.06666666666666667
2 0.7672222222222222 0.415 0.07222222222222222 0.08666666666666667
2 0.7111111111111111 0.37333333333333335 0.04666666666666667 0.056666666666666664
2 0.6961111111111111 0.41083333333333333 0.034444444444444444 0.055
