0 0.81 0.7349397590361446 0.104 0.3855421686746988
0 0.586 0.7033132530120482 0.08 0.29819277108433734
0 0.267 0.6792168674698795 0.062 0.23795180722891565
0 0.146 0.6671686746987951 0.044 0.15963855421686746
0 0.04 0.6626506024096386 0.052 0.1927710843373494
0 0.223 0.6596385542168675 0.046 0.1746987951807229
0 0.514 0.6536144578313253 0.056 0.21084337349397592
0 0.689 0.6430722891566265 0.058 0.21385542168674698
0 0.934 0.6686746987951807 0.084 0.3132530120481928
0 0.851 0.6671686746987951 0.078 0.286144578313253
0 0.777 0.6596385542168675 0.074 0.2710843373493976
0 0.654 0.6475903614457831 0.052 0.1927710843373494
0 0.562 0.641566265060241 0.048 0.18674698795180722
0 0.134 0.6701807228915663 0.044 0.1716867469879518
0 0.195 0.6475903614457831 0.038 0.14457831325301204
0 0.1 0.6686746987951807 0.036 0.13855421686746988
0 0.075 0.6626506024096386 0.038 0.15060240963855423
0 0.482 0.6460843373493976 0.056 0.20783132530120482
0 0.406 0.6837349397590361 0.056 0.21084337349397592
0 0.339 0.6430722891566265 0.038 0.14156626506024098
0 0.023 0.3855421686746988 0.018 0.06626506024096386
2 0.917 0.5180722891566265 0.038 0.04819277108433735
4 0.198 0.4322289156626506 0.32 0.09337349397590361
4 0.548 0.41566265060240964 0.42 0.1144578313253012
4 0.871 0.39759036144578314 0.23 0.08433734939759036
