0 0.369375 0.47274436090225563 0.12875 0.4718045112781955
0 0.28 0.3524436090225564 0.085 0.3176691729323308
0 0.22125 0.34398496240601506 0.0975 0.35714285714285715
0 0.1525 0.3580827067669173 0.0825 0.3026315789473684
0 0.19375 0.32706766917293234 0.09 0.3308270676691729
0 0.309375 0.31109022556390975 0.07625 0.28383458646616544
2 0.45875 0.48120300751879697 0.135 0.22180451127819548
2 0.111875 0.44454887218045114 0.20875 0.29135338345864664
2 0.088125 0.12218045112781954 0.07125 0.10902255639097744
2 0.2225 0.13157894736842105 0.0475 0.05639097744360902
2 0.179375 0.12781954887218044 0.05125 0.06766917293233082
2 0.4475 0.19924812030075187 0.105 0.09398496240601503
2 0.57 0.19360902255639098 0.065 0.06015037593984962
2 0.649375 0.19078947368421054 0.05125 0.07330827067669173
2 0.6975 0.17199248120300753 0.055 0.08834586466165413
2 0.739375 0.18045112781954886 0.05625 0.09022556390977443
2 0.969375 0.28383458646616544 0.05875 0.09398496240601503
2 0.801875 0.09210526315789473 0.03375 0.045112781954887216
2 0.868125 0.09962406015037593 0.03375 0.04887218045112782
2 0.831875 0.1080827067669173 0.02625 0.043233082706766915
4 0.939375 0.1099624060150376 0.10375 0.046992481203007516
