0 0.1588310038119441 0.7831632653061225 0.0940279542566709 0.3112244897959184
0 0.2884371029224905 0.6768707482993197 0.05844980940279543 0.19047619047619047
0 0.43519695044472684 0.733843537414966 0.0724269377382465 0.23639455782312926
0 0.6467598475222364 0.6947278911564626 0.05590851334180432 0.18877551020408162
0 0.6810673443456162 0.6819727891156463 0.05082592121982211 0.16666666666666666
0 0.7522236340533672 0.6666666666666666 0.043202033036848796 0.14625850340136054
0 0.7217280813214739 0.6386054421768708 0.035578144853875476 0.11734693877551021
0 0.8316391359593392 0.6615646258503401 0.036848792884371026 0.12244897959183673
0 0.9701397712833545 0.6845238095238095 0.044472681067344345 0.1445578231292517
0 0.9822109275730623 0.6539115646258503 0.022871664548919948 0.07993197278911565
0 0.9212198221092758 0.641156462585034 0.03303684879288437 0.11224489795918367
0 0.8837357052096569 0.6530612244897959 0.036848792884371026 0.11904761904761904
0 0.5501905972045743 0.6556122448979592 0.043202033036848796 0.1445578231292517
0 0.5190597204574333 0.6241496598639455 0.03430749682337993 0.11564625850340136
0 0.3462515883100381 0.5935374149659864 0.029224904701397714 0.09523809523809523
0 0.2623888182973316 0.5952380952380952 0.03176620076238882 0.10884353741496598
0 0.043202033036848796 0.6215986394557823 0.048284625158831 0.15816326530612246
0 0.30749682337992373 0.6437074829931972 0.045743329097839895 0.14795918367346939
0 0.19186785260482847 0.6190476190476191 0.03811944091486658 0.12585034013605442
0 0.5832274459974587 0.6020408163265306 0.025412960609911054 0.08503401360544217
0 0.625158831003812 0.6377551020408163 0.03811944091486658 0.1292517006802721
0 0.6010165184243964 0.6232993197278912 0.02795425667090216 0.0935374149659864
0 0.8119440914866582 0.6284013605442177 0.02795425667090216 0.09693877551020408
0 0.7763659466327827 0.6020408163265306 0.022871664548919948 0.07482993197278912
0 0.0724269377382465 0.5850340136054422 0.03303684879288437 0.10884353741496598
0 0.10038119440914867 0.5527210884353742 0.025412960609911054 0.08843537414965986
0 0.11689961880559085 0.5561224489795918 0.022871664548919948 0.07482993197278912
2 0.6346886912325286 0.9064625850340136 0.13850063532401524 0.08503401360544217
2 0.144853875476493 0.5425170068027211 0.025412960609911054 0.023809523809523808
2 0.1645489199491741 0.58078231292517 0.03939008894536213 0.04251700680272109
2 0.420584498094028 0.5952380952380952 0.030495552731893267 0.03741496598639456
2 0.4440914866581957 0.5654761904761905 0.01905972045743329 0.03231292517006803
2 0.20266836086404066 0.5306122448979592 0.021601016518424398 0.030612244897959183
2 0.7344345616264295 0.5748299319727891 0.02795425667090216 0.030612244897959183
2 0.5387547649301143 0.5620748299319728 0.025412960609911054 0.025510204081632654
2 0.5044472681067345 0.5569727891156463 0.025412960609911054 0.02891156462585034
2 0.03303684879288437 0.516156462585034 0.025412960609911054 0.022108843537414966
4 0.09593392630241424 0.5127551020408163 0.19186785260482847 0.08333333333333333
4 0.2668360864040661 0.5212585034013606 0.15247776365946633 0.06972789115646258
4 0.4434561626429479 0.5204081632653061 0.19567979669631513 0.07482993197278912
4 0.6086404066073697 0.5357142857142857 0.12198221092757307 0.05442176870748299
4 0.7636594663278272 0.5535714285714286 0.16772554002541296 0.07312925170068027
4 0.9212198221092758 0.5620748299319728 0.144853875476493 0.0935374149659864
