0 0.7724867724867724 0.5462555066079295 0.19047619047619047 0.775330396475771
0 0.30158730158730157 0.4779735682819383 0.12169312169312169 0.4977973568281938
0 0.22354497354497355 0.46916299559471364 0.11904761904761904 0.4889867841409692
0 0.11772486772486772 0.4977973568281938 0.1349206349206349 0.5462555066079295
0 0.05291005291005291 0.5 0.10582010582010581 0.4889867841409692
0 0.3968253968253968 0.44493392070484583 0.10582010582010581 0.44052863436123346
0 0.46825396825396826 0.46916299559471364 0.08465608465608465 0.3568281938325991
0 0.5066137566137566 0.41629955947136565 0.07142857142857142 0.29515418502202645
0 0.544973544973545 0.42731277533039647 0.07936507936507936 0.32599118942731276
0 0.5568783068783069 0.4251101321585903 0.07671957671957672 0.31277533039647576
0 0.5886243386243386 0.45154185022026433 0.0873015873015873 0.3568281938325991
0 0.6402116402116402 0.44273127753303965 0.09523809523809523 0.3832599118942731
0 0.7275132275132276 0.40748898678414097 0.07407407407407407 0.31277533039647576
0 0.6798941798941799 0.3656387665198238 0.06878306878306878 0.2907488986784141
2 0.08994708994708994 0.28634361233480177 0.0582010582010582 0.07929515418502203
2 0.23412698412698413 0.2973568281938326 0.0291005291005291 0.06607929515418502
2 0.335978835978836 0.29295154185022027 0.047619047619047616 0.09251101321585903
2 0.6150793650793651 0.3039647577092511 0.023809523809523808 0.05286343612334802
