0 0.3225 0.67375 0.16833333333333333 0.6225
0 0.475 0.70375 0.13333333333333333 0.4925
0 0.5533333333333333 0.63875 0.1 0.3725
0 0.5933333333333334 0.5925 0.08333333333333333 0.305
0 0.62 0.56875 0.07333333333333333 0.2675
0 0.435 0.56625 0.06 0.2275
0 0.1525 0.66125 0.135 0.4925
0 0.04 0.60625 0.08 0.3425
0 0.9325 0.68625 0.135 0.4925
0 0.8725 0.66875 0.105 0.3875
0 0.8441666666666666 0.58625 0.06833333333333333 0.2575
2 0.08333333333333333 0.48 0.03666666666666667 0.05
2 0.6941666666666667 0.515 0.028333333333333332 0.06
2 0.735 0.525 0.05 0.07
2 0.7758333333333334 0.4925 0.055 0.05
2 0.15333333333333332 0.3525 0.03333333333333333 0.035
2 0.17666666666666667 0.36125 0.023333333333333334 0.0475
2 0.21166666666666667 0.36375 0.04 0.0375
4 0.49833333333333335 0.4575 0.9966666666666667 0.21
