0 0.9073842302878599 0.3771106941838649 0.1376720901126408 0.5065666041275797
0 0.155819774718398 0.5769230769230769 0.17897371714643304 0.6547842401500938
0 0.06195244055068836 0.46904315196998125 0.08135168961201501 0.2964352720450281
0 0.714017521902378 0.31801125703564725 0.03379224030037547 0.12570356472795496
0 0.2828535669586984 0.37523452157598497 0.04505632040050062 0.1651031894934334
2 0.5406758448060075 0.7045028142589118 0.15519399249061328 0.27204502814258913
2 0.5569461827284106 0.49343339587242024 0.17271589486858574 0.2026266416510319
2 0.38986232790988734 0.5769230769230769 0.13391739674593242 0.28330206378986866
2 0.27909887359199 0.6022514071294559 0.13266583229036297 0.28893058161350843
2 0.5888610763454318 0.28424015009380865 0.03879849812265332 0.05065666041275797
2 0.6364205256570713 0.30863039399624764 0.04130162703379224 0.05065666041275797
2 0.4499374217772215 0.35834896810506567 0.03629536921151439 0.0675422138836773
2 0.33229036295369213 0.36585365853658536 0.028785982478097622 0.05628517823639775
2 0.19211514392991239 0.39305816135084426 0.04130162703379224 0.05065666041275797
4 0.5206508135168961 0.34146341463414637 0.11264080100125157 0.07879924953095685
4 0.3710888610763454 0.36585365853658536 0.1439299123904881 0.09380863039399624
4 0.22966207759699625 0.39118198874296434 0.1439299123904881 0.09193245778611632
