0 0.8827392120075047 0.4425 0.09193245778611632 0.3
0 0.5628517823639775 0.42 0.0675422138836773 0.225
0 0.4090056285178236 0.42 0.04878048780487805 0.16
0 0.34146341463414637 0.41375 0.0375234521575985 0.1275
0 0.2898686679174484 0.42625 0.054409005628517824 0.1825
0 0.225140712945591 0.42375 0.04127579737335835 0.1375
0 0.1848030018761726 0.42625 0.03189493433395872 0.1125
0 0.14165103189493433 0.42 0.03189493433395872 0.11
0 0.10787992495309569 0.415 0.03189493433395872 0.105
0 0.09287054409005628 0.41625 0.028142589118198873 0.0925
0 0.7626641651031895 0.3825 0.03564727954971857 0.125
0 0.8086303939962477 0.3775 0.03377110694183865 0.11
0 0.9362101313320825 0.37125 0.04127579737335835 0.1325
0 0.9568480300187617 0.36125 0.0375234521575985 0.1275
0 0.5093808630393997 0.39125 0.024390243902439025 0.0875
0 0.6613508442776735 0.385 0.03564727954971857 0.115
0 0.6294559099437148 0.38 0.028142589118198873 0.095
0 0.44934333958724204 0.38875 0.024390243902439025 0.0775
0 0.4268292682926829 0.385 0.024390243902439025 0.08
0 0.48405253283302063 0.38625 0.0225140712945591 0.0825
0 0.3170731707317073 0.39375 0.01876172607879925 0.0625
0 0.3574108818011257 0.3925 0.020637898686679174 0.065
0 0.3808630393996248 0.385 0.01876172607879925 0.07
0 0.25609756097560976 0.39375 0.016885553470919325 0.0525
0 0.7401500938086304 0.38125 0.028142589118198873 0.0925
0 0.7926829268292683 0.37125 0.028142589118198873 0.0975
2 0.18667917448405252 0.36625 0.016885553470919325 0.0225
2 0.1651031894934334 0.36875 0.01876172607879925 0.0225
2 0.2326454033771107 0.37 0.01876172607879925 0.025
4 0.058161350844277676 0.39375 0.10881801125703565 0.0525
4 0.6181988742964353 0.2875 0.18198874296435272 0.095
4 0.848968105065666 0.29 0.275797373358349 0.13
4 0.43151969981238275 0.3125 0.19887429643527205 0.06
