0 0.8083333333333333 0.6055555555555555 0.08333333333333333 0.28888888888888886
0 0.7520833333333333 0.5861111111111111 0.0625 0.20555555555555555
0 0.6270833333333333 0.6 0.07083333333333333 0.23333333333333334
0 0.6583333333333333 0.575 0.05 0.18333333333333332
0 0.90625 0.6 0.07083333333333333 0.23333333333333334
0 0.9416666666666667 0.5833333333333334 0.058333333333333334 0.2
0 0.9666666666666667 0.5722222222222222 0.05 0.17777777777777778
0 0.5770833333333333 0.5916666666666667 0.05416666666666667 0.19444444444444445
0 0.5520833333333334 0.575 0.05416666666666667 0.17222222222222222
0 0.4479166666666667 0.5805555555555556 0.05416666666666667 0.18333333333333332
0 0.38125 0.5861111111111111 0.0625 0.20555555555555555
0 0.33125 0.6 0.07083333333333333 0.24444444444444444
0 0.26666666666666666 0.5861111111111111 0.06666666666666667 0.21666666666666667
0 0.2125 0.6166666666666667 0.08333333333333333 0.2777777777777778
0 0.14791666666666667 0.6055555555555555 0.07083333333333333 0.24444444444444444
0 0.09166666666666666 0.5944444444444444 0.058333333333333334 0.2
0 0.03333333333333333 0.5805555555555556 0.05 0.17222222222222222
