0 0.29583333333333334 0.5177777777777778 0.14166666666666666 0.4666666666666667
0 0.8325 0.4777777777777778 0.12166666666666667 0.39555555555555555
0 0.41083333333333333 0.4777777777777778 0.095 0.31555555555555553
0 0.47583333333333333 0.45111111111111113 0.07166666666666667 0.2311111111111111
0 0.5133333333333333 0.43333333333333335 0.06 0.19555555555555557
0 0.7016666666666667 0.3933333333333333 0.04 0.13333333333333333
0 0.7333333333333333 0.43 0.06333333333333334 0.20666666666666667
0 0.7841666666666667 0.44222222222222224 0.085 0.28
0 0.16333333333333333 0.4866666666666667 0.09 0.29777777777777775
0 0.3566666666666667 0.4311111111111111 0.05 0.16444444444444445
0 0.9716666666666667 0.4122222222222222 0.056666666666666664 0.25555555555555554
0 0.015833333333333335 0.4688888888888889 0.03166666666666667 0.10666666666666667
0 0.08833333333333333 0.4211111111111111 0.05 0.1711111111111111
0 0.06166666666666667 0.46 0.02666666666666667 0.09333333333333334
0 0.5741666666666667 0.39 0.035 0.11777777777777777
0 0.6716666666666666 0.39 0.04 0.13111111111111112
0 0.6325 0.39111111111111113 0.035 0.11555555555555555
0 0.5991666666666666 0.40555555555555556 0.021666666666666667 0.07777777777777778
0 0.9441666666666667 0.39666666666666667 0.041666666666666664 0.14
0 0.9133333333333333 0.39555555555555555 0.03666666666666667 0.12444444444444444
2 0.016666666666666666 0.38555555555555554 0.02666666666666667 0.03777777777777778
2 0.2683333333333333 0.3466666666666667 0.043333333333333335 0.035555555555555556
2 0.43583333333333335 0.3411111111111111 0.021666666666666667 0.028888888888888888
4 0.04833333333333333 0.37333333333333335 0.09 0.08888888888888889
4 0.21583333333333332 0.40444444444444444 0.10166666666666667 0.14222222222222222
4 0.4608333333333333 0.3844444444444444 0.21833333333333332 0.14222222222222222
4 0.66 0.3688888888888889 0.18333333333333332 0.13777777777777778
4 0.87 0.37222222222222223 0.24666666666666667 0.16666666666666666
