0 0.02608695652173913 0.5138568129330254 0.05217391304347826 0.3394919168591224
0 0.042028985507246375 0.6096997690531177 0.08405797101449275 0.3556581986143187
0 0.0536231884057971 0.5254041570438799 0.08115942028985507 0.3163972286374134
0 0.09710144927536232 0.4930715935334873 0.0782608695652174 0.302540415704388
0 0.17246376811594202 0.6339491916859122 0.15072463768115943 0.5842956120092379
0 0.25507246376811593 0.5900692840646651 0.11594202898550725 0.45496535796766746
0 0.23623188405797102 0.5184757505773672 0.08405797101449275 0.3302540415704388
0 0.21956521739130436 0.5242494226327945 0.07391304347826087 0.2956120092378753
0 0.29782608695652174 0.5254041570438799 0.08260869565217391 0.325635103926097
0 0.3188405797101449 0.5912240184757506 0.10434782608695652 0.4110854503464203
0 0.391304347826087 0.5842956120092379 0.08695652173913043 0.3464203233256351
0 0.3601449275362319 0.5277136258660509 0.07971014492753623 0.3163972286374134
0 0.38405797101449274 0.535796766743649 0.08985507246376812 0.3510392609699769
0 0.4282608695652174 0.5565819861431871 0.08840579710144927 0.3464203233256351
0 0.4427536231884058 0.5023094688221709 0.07971014492753623 0.3163972286374134
0 0.47681159420289854 0.5011547344110855 0.07246376811594203 0.2817551963048499
0 0.46956521739130436 0.5565819861431871 0.07246376811594203 0.2817551963048499
0 0.4985507246376812 0.5508083140877598 0.08405797101449275 0.325635103926097
0 0.5217391304347826 0.5623556581986143 0.0927536231884058 0.3625866050808314
0 0.5659420289855073 0.5912240184757506 0.10869565217391304 0.4295612009237875
0 0.605072463768116 0.6027713625866051 0.10869565217391304 0.42032332563510394
0 0.6260869565217392 0.5311778290993071 0.07536231884057971 0.2909930715935335
0 0.6528985507246376 0.5438799076212472 0.09130434782608696 0.3625866050808314
0 0.7050724637681159 0.5496535796766744 0.07101449275362319 0.2817551963048499
0 0.7253623188405797 0.5623556581986143 0.08550724637681159 0.3302540415704388
0 0.7695652173913043 0.5969976905311778 0.10144927536231885 0.3995381062355658
0 0.8123188405797102 0.628175519630485 0.09420289855072464 0.3741339491916859
0 0.8427536231884057 0.5785219399538106 0.08840579710144927 0.3441108545034642
0 0.8731884057971014 0.5739030023094688 0.07101449275362319 0.2748267898383372
0 0.9456521739130435 0.6905311778290993 0.10869565217391304 0.44803695150115475
0 0.9601449275362319 0.5993071593533488 0.07971014492753623 0.3903002309468822
0 0.9094202898550725 0.5011547344110855 0.06231884057971015 0.24018475750577367
0 0.9333333333333333 0.4976905311778291 0.057971014492753624 0.22863741339491916
2 0.15144927536231884 0.3556581986143187 0.042028985507246375 0.07390300230946882
2 0.013043478260869565 0.3302540415704388 0.02318840579710145 0.046189376443418015
2 0.24347826086956523 0.33602771362586603 0.06376811594202898 0.03926096997690531
2 0.30217391304347824 0.3394919168591224 0.021739130434782608 0.04157043879907621
2 0.4246376811594203 0.35219399538106233 0.02608695652173913 0.04849884526558892
2 0.7681159420289855 0.3672055427251732 0.0782608695652174 0.046189376443418015
2 0.8507246376811595 0.37759815242494227 0.034782608695652174 0.057736720554272515
2 0.8804347826086957 0.384526558891455 0.03333333333333333 0.07159353348729793
2 0.9826086956521739 0.39838337182448036 0.03188405797101449 0.08545034642032333
