0 0.018 0.6806666666666666 0.036 0.20133333333333334
0 0.113 0.6786666666666666 0.07 0.232
0 0.174 0.68 0.056 0.18133333333333335
0 0.2095 0.674 0.083 0.2733333333333333
0 0.2705 0.68 0.059 0.192
0 0.3015 0.682 0.047 0.156
0 0.3855 0.69 0.063 0.204
0 0.396 0.6753333333333333 0.068 0.22533333333333333
0 0.394 0.684 0.1 0.3253333333333333
0 0.4735 0.6706666666666666 0.051 0.168
0 0.5205 0.67 0.061 0.20133333333333334
0 0.563 0.6773333333333333 0.078 0.256
0 0.599 0.6906666666666667 0.116 0.38133333333333336
0 0.673 0.6753333333333333 0.068 0.22
0 0.7425 0.6753333333333333 0.061 0.20133333333333334
0 0.767 0.69 0.092 0.30266666666666664
0 0.8425 0.6813333333333333 0.073 0.24
0 0.897 0.6866666666666666 0.072 0.23733333333333334
