0 0.040968342644320296 0.3488888888888889 0.08193668528864059 0.3511111111111111
0 0.09124767225325885 0.3111111111111111 0.0856610800744879 0.2577777777777778
0 0.1685288640595903 0.25222222222222224 0.03910614525139665 0.11777777777777777
0 0.20391061452513967 0.30333333333333334 0.09124767225325885 0.2733333333333333
0 0.2709497206703911 0.2544444444444444 0.04283054003724395 0.12666666666666668
0 0.3249534450651769 0.30777777777777776 0.08379888268156424 0.24222222222222223
0 0.3649906890130354 0.33 0.1154562383612663 0.34
0 0.3472998137802607 0.2966666666666667 0.08007448789571694 0.23777777777777778
0 0.41154562383612664 0.3055555555555556 0.0856610800744879 0.2511111111111111
0 0.4655493482309125 0.33111111111111113 0.11173184357541899 0.3244444444444444
0 0.5121042830540037 0.3088888888888889 0.08193668528864059 0.24444444444444444
0 0.527001862197393 0.2866666666666667 0.07076350093109869 0.21333333333333335
0 0.5865921787709497 0.3233333333333333 0.1154562383612663 0.34444444444444444
0 0.6201117318435754 0.3011111111111111 0.09683426443202979 0.2866666666666667
0 0.6797020484171322 0.30333333333333334 0.0782122905027933 0.23333333333333334
0 0.7085661080074488 0.2866666666666667 0.07262569832402235 0.21333333333333335
0 0.7523277467411545 0.33 0.1005586592178771 0.29555555555555557
0 0.8044692737430168 0.31222222222222223 0.0931098696461825 0.2688888888888889
2 0.43482309124767227 0.19 0.03165735567970205 0.042222222222222223
