0 0.27166666666666667 0.21904761904761905 0.18333333333333332 0.3673469387755102
0 0.395 0.2802721088435374 0.2 0.40272108843537413
0 0.5266666666666666 0.1945578231292517 0.11666666666666667 0.23673469387755103
0 0.6858333333333333 0.16870748299319727 0.08833333333333333 0.17687074829931973
0 0.7891666666666667 0.1272108843537415 0.075 0.1510204081632653
0 0.8916666666666667 0.14081632653061224 0.08333333333333333 0.17006802721088435
0 0.8375 0.28435374149659864 0.115 0.23401360544217686
2 0.22416666666666665 0.7421768707482993 0.325 0.25170068027210885
2 0.525 0.7517006802721088 0.23666666666666666 0.2163265306122449
2 0.7725 0.7585034013605442 0.25833333333333336 0.20272108843537415
2 0.08916666666666667 0.3034013605442177 0.17166666666666666 0.45714285714285713
2 0.6258333333333334 0.18775510204081633 0.065 0.0707482993197279
2 0.875 0.2897959183673469 0.23 0.13333333333333333
2 0.47 0.1380952380952381 0.06666666666666667 0.11020408163265306
