0 0.05763888888888889 0.5640138408304498 0.10138888888888889 0.6228373702422145
0 0.1451388888888889 0.5570934256055363 0.10416666666666667 0.6366782006920415
0 0.2375 0.5778546712802768 0.09722222222222222 0.5882352941176471
0 0.3277777777777778 0.5553633217993079 0.10555555555555556 0.6401384083044983
0 0.44027777777777777 0.5657439446366782 0.10277777777777777 0.6262975778546713
0 0.5131944444444444 0.5709342560553633 0.10138888888888889 0.6228373702422145
0 0.5430555555555555 0.5709342560553633 0.1388888888888889 0.8442906574394463
0 0.6736111111111112 0.5605536332179931 0.10555555555555556 0.643598615916955
0 0.7840277777777778 0.5622837370242214 0.10416666666666667 0.6332179930795848
0 0.8576388888888888 0.5415224913494809 0.10694444444444444 0.6539792387543253
0 0.9409722222222222 0.5432525951557093 0.10972222222222222 0.6643598615916955
