0 0.05945945945945946 0.52 0.06486486486486487 0.34285714285714286
0 0.11621621621621622 0.52 0.05405405405405406 0.29714285714285715
0 0.1972972972972973 0.5342857142857143 0.13513513513513514 0.6914285714285714
0 0.2472972972972973 0.5371428571428571 0.051351351351351354 0.2857142857142857
0 0.28243243243243243 0.5257142857142857 0.051351351351351354 0.2857142857142857
0 0.31486486486486487 0.5257142857142857 0.051351351351351354 0.2857142857142857
0 0.33783783783783783 0.5257142857142857 0.05405405405405406 0.2742857142857143
0 0.37027027027027026 0.5142857142857142 0.05405405405405406 0.2742857142857143
0 0.40675675675675677 0.5057142857142857 0.051351351351351354 0.28
0 0.4554054054054054 0.5085714285714286 0.051351351351351354 0.26285714285714284
0 0.49594594594594593 0.52 0.05675675675675676 0.30857142857142855
0 0.5324324324324324 0.5228571428571429 0.05405405405405406 0.28
0 0.5756756756756757 0.5142857142857142 0.05405405405405406 0.2742857142857143
0 0.6135135135135135 0.5342857142857143 0.04864864864864865 0.2571428571428571
0 0.6567567567567567 0.5171428571428571 0.05405405405405406 0.28
0 0.6905405405405406 0.54 0.05675675675675676 0.2914285714285714
0 0.6972972972972973 0.5114285714285715 0.06486486486486487 0.33714285714285713
0 0.7243243243243244 0.5342857142857143 0.05945945945945946 0.3028571428571429
0 0.75 0.5228571428571429 0.05675675675675676 0.3142857142857143
0 0.7783783783783784 0.5142857142857142 0.06486486486486487 0.34285714285714286
0 0.8054054054054054 0.54 0.13513513513513514 0.7142857142857143
0 0.9 0.6057142857142858 0.03783783783783784 0.19428571428571428
0 0.9202702702702703 0.5485714285714286 0.06756756756756757 0.34285714285714286
0 0.9783783783783784 0.6085714285714285 0.043243243243243246 0.2571428571428571
0 0.9689189189189189 0.5428571428571428 0.062162162162162166 0.37714285714285717
3 0.40675675675675677 0.6914285714285714 0.13783783783783785 0.29714285714285715
