0 0.029296875 0.7659574468085106 0.032552083333333336 0.13617021276595745
0 0.17447916666666666 0.7755319148936171 0.033854166666666664 0.13404255319148936
0 0.2975260416666667 0.7893617021276595 0.029947916666666668 0.12340425531914893
0 0.3489583333333333 0.6617021276595745 0.026041666666666668 0.10638297872340426
0 0.24609375 0.6585106382978724 0.0234375 0.1
0 0.1328125 0.6585106382978724 0.0234375 0.1
0 0.037760416666666664 0.6510638297872341 0.026041666666666668 0.10638297872340426
0 0.06380208333333333 0.5648936170212766 0.018229166666666668 0.07872340425531915
0 0.006510416666666667 0.5234042553191489 0.013020833333333334 0.059574468085106386
0 0.013020833333333334 0.4851063829787234 0.0078125 0.03829787234042553
0 0.021484375 0.45 0.006510416666666667 0.031914893617021274
0 0.138671875 0.5638297872340425 0.01953125 0.07659574468085106
0 0.126953125 0.5234042553191489 0.014322916666666666 0.05531914893617021
0 0.11653645833333333 0.4968085106382979 0.01171875 0.05319148936170213
0 0.18229166666666666 0.4829787234042553 0.010416666666666666 0.0425531914893617
0 0.20247395833333334 0.524468085106383 0.014322916666666666 0.06170212765957447
0 0.21419270833333334 0.5765957446808511 0.022135416666666668 0.09361702127659574
0 0.22135416666666666 0.4648936170212766 0.010416666666666666 0.04468085106382979
0 0.2532552083333333 0.4957446808510638 0.014322916666666666 0.05531914893617021
0 0.275390625 0.5276595744680851 0.014322916666666666 0.05531914893617021
0 0.2890625 0.4648936170212766 0.010416666666666666 0.04468085106382979
0 0.314453125 0.4957446808510638 0.014322916666666666 0.05531914893617021
0 0.333984375 0.5180851063829788 0.014322916666666666 0.06170212765957447
0 0.2975260416666667 0.5851063829787234 0.01953125 0.08085106382978724
0 0.376953125 0.5893617021276596 0.01953125 0.08085106382978724
0 0.3932291666666667 0.526595744680851 0.015625 0.07021276595744681
0 0.3619791666666667 0.48829787234042554 0.010416666666666666 0.04468085106382979
0 0.3802083333333333 0.4574468085106383 0.0078125 0.03829787234042553
0 0.4153645833333333 0.498936170212766 0.015625 0.06170212765957447
0 0.4264322916666667 0.46914893617021275 0.01171875 0.05319148936170213
0 0.4440104166666667 0.8085106382978723 0.036458333333333336 0.15319148936170213
0 0.4602864583333333 0.6808510638297872 0.024739583333333332 0.10638297872340426
0 0.4615885416666667 0.5946808510638298 0.022135416666666668 0.08723404255319149
0 0.4680989583333333 0.5287234042553192 0.01953125 0.07872340425531915
0 0.5345052083333334 0.5 0.014322916666666666 0.059574468085106386
0 0.546875 0.5319148936170213 0.018229166666666668 0.08085106382978724
0 0.5625 0.5904255319148937 0.015625 0.06595744680851064
0 0.572265625 0.6787234042553192 0.024739583333333332 0.10212765957446808
0 0.609375 0.8159574468085107 0.036458333333333336 0.15106382978723404
0 0.7643229166666666 0.8106382978723404 0.036458333333333336 0.14893617021276595
0 0.6829427083333334 0.6882978723404255 0.024739583333333332 0.1
0 0.6087239583333334 0.5404255319148936 0.014322916666666666 0.06382978723404255
0 0.5872395833333334 0.5085106382978724 0.015625 0.06382978723404255
0 0.568359375 0.4819148936170213 0.01171875 0.05319148936170213
0 0.599609375 0.4542553191489362 0.009114583333333334 0.04042553191489362
0 0.6165364583333334 0.46702127659574466 0.01171875 0.04893617021276596
0 0.8977864583333334 0.8095744680851064 0.03515625 0.13829787234042554
0 0.9075520833333334 0.6840425531914893 0.0234375 0.1
0 0.779296875 0.6946808510638298 0.024739583333333332 0.10425531914893617
0 0.7200520833333334 0.6042553191489362 0.020833333333333332 0.08936170212765958
0 0.6692708333333334 0.5478723404255319 0.015625 0.06595744680851064
0 0.6419270833333334 0.498936170212766 0.013020833333333334 0.0574468085106383
0 0.703125 0.5010638297872341 0.010416666666666666 0.04042553191489362
0 0.7122395833333334 0.4595744680851064 0.005208333333333333 0.02553191489361702
0 0.6901041666666666 0.4521276595744681 0.010416666666666666 0.04468085106382979
0 0.6588541666666666 0.46914893617021275 0.010416666666666666 0.04042553191489362
0 0.7473958333333334 0.5404255319148936 0.018229166666666668 0.07659574468085106
0 0.78125 0.5106382978723404 0.013020833333333334 0.059574468085106386
0 0.7669270833333334 0.47127659574468084 0.010416666666666666 0.04042553191489362
0 0.81640625 0.5074468085106383 0.013020833333333334 0.0574468085106383
0 0.81640625 0.5414893617021277 0.018229166666666668 0.07872340425531915
0 0.8294270833333334 0.6159574468085106 0.020833333333333332 0.08297872340425531
0 0.87890625 0.5436170212765957 0.013020833333333334 0.05319148936170213
0 0.9036458333333334 0.6031914893617021 0.020833333333333332 0.08297872340425531
0 0.9798177083333334 0.6 0.01953125 0.08085106382978724
0 0.9713541666666666 0.5329787234042553 0.015625 0.06170212765957447
0 0.8873697916666666 0.5 0.01171875 0.04680851063829787
0 0.8424479166666666 0.4797872340425532 0.013020833333333334 0.05319148936170213
0 0.9186197916666666 0.46063829787234045 0.009114583333333334 0.04042553191489362
0 0.9479166666666666 0.49361702127659574 0.013020833333333334 0.059574468085106386
0 0.9895833333333334 0.4797872340425532 0.010416666666666666 0.04893617021276596
0 0.06380208333333333 0.5138297872340426 0.013020833333333334 0.0574468085106383
0 0.4739583333333333 0.49361702127659574 0.013020833333333334 0.05531914893617021
0 0.33984375 0.46702127659574466 0.013020833333333334 0.05319148936170213
0 0.3802083333333333 0.46063829787234045 0.010416666666666666 0.04042553191489362
0 0.018880208333333332 0.47127659574468084 0.022135416666666668 0.08723404255319149
0 0.07942708333333333 0.4595744680851064 0.010416666666666666 0.04680851063829787
0 0.014322916666666666 0.49148936170212765 0.013020833333333334 0.05531914893617021
0 0.8912760416666666 0.502127659574468 0.014322916666666666 0.06382978723404255
0 0.6399739583333334 0.5968085106382979 0.022135416666666668 0.09574468085106383
2 0.041666666666666664 0.9297872340425531 0.0703125 0.13617021276595745
2 0.22265625 0.9382978723404255 0.0703125 0.10638297872340426
2 0.4231770833333333 0.9425531914893617 0.06770833333333333 0.08936170212765958
2 0.6471354166666666 0.9478723404255319 0.057291666666666664 0.06595744680851064
2 0.904296875 0.9680851063829787 0.04296875 0.0425531914893617
4 0.49609375 0.3595744680851064 0.9921875 0.16170212765957448
4 0.5279947916666666 0.32872340425531915 0.2799479166666667 0.08723404255319149
4 0.8307291666666666 0.3595744680851064 0.3229166666666667 0.18723404255319148
