0 0.031635802469135804 0.6041666666666666 0.029320987654320986 0.11574074074074074
0 0.015432098765432098 0.53125 0.030864197530864196 0.14583333333333334
0 0.07484567901234568 0.6296296296296297 0.044753086419753084 0.1712962962962963
0 0.11496913580246913 0.5972222222222222 0.038580246913580245 0.14351851851851852
0 0.10648148148148148 0.5324074074074074 0.030864197530864196 0.1111111111111111
0 0.1381172839506173 0.5509259259259259 0.029320987654320986 0.1111111111111111
0 0.13117283950617284 0.5046296296296297 0.030864197530864196 0.1111111111111111
0 0.16743827160493827 0.6180555555555556 0.044753086419753084 0.1712962962962963
0 0.1882716049382716 0.5868055555555556 0.043209876543209874 0.16435185185185186
0 0.21682098765432098 0.5601851851851852 0.038580246913580245 0.14351851851851852
0 0.23765432098765432 0.5300925925925926 0.037037037037037035 0.13425925925925927
0 0.25 0.5127314814814815 0.033950617283950615 0.12731481481481483
0 0.2638888888888889 0.48842592592592593 0.037037037037037035 0.1388888888888889
0 0.27469135802469136 0.48032407407407407 0.027777777777777776 0.10416666666666667
0 0.30478395061728397 0.5451388888888888 0.047839506172839504 0.17824074074074073
0 0.3325617283950617 0.5983796296296297 0.05401234567901234 0.2013888888888889
0 0.3441358024691358 0.5717592592592593 0.046296296296296294 0.17592592592592593
0 0.49537037037037035 0.5694444444444444 0.046296296296296294 0.1712962962962963
0 0.5208333333333334 0.59375 0.047839506172839504 0.17824074074074073
0 0.5609567901234568 0.5347222222222222 0.047839506172839504 0.17592592592592593
0 0.5370370370370371 0.5104166666666666 0.046296296296296294 0.16898148148148148
0 0.5794753086419753 0.4930555555555556 0.029320987654320986 0.11574074074074074
0 0.5972222222222222 0.5011574074074074 0.027777777777777776 0.10416666666666667
0 0.6149691358024691 0.5231481481481481 0.029320987654320986 0.10648148148148148
0 0.6358024691358025 0.5462962962962963 0.024691358024691357 0.09722222222222222
0 0.6751543209876543 0.5601851851851852 0.038580246913580245 0.14351851851851852
0 0.7106481481481481 0.5972222222222222 0.035493827160493825 0.13425925925925927
0 0.6898148148148148 0.5011574074074074 0.037037037037037035 0.1412037037037037
0 0.7345679012345679 0.5185185185185185 0.033950617283950615 0.125
0 0.7692901234567902 0.5520833333333334 0.035493827160493825 0.13657407407407407
0 0.7947530864197531 0.5266203703703703 0.033950617283950615 0.12731481481481483
0 0.7584876543209876 0.49189814814814814 0.032407407407407406 0.12731481481481483
0 0.7361111111111112 0.4826388888888889 0.033950617283950615 0.12268518518518519
0 0.8240740740740741 0.5740740740740741 0.04938271604938271 0.18518518518518517
0 0.8449074074074074 0.5428240740740741 0.038580246913580245 0.14583333333333334
0 0.8171296296296297 0.4895833333333333 0.035493827160493825 0.13657407407407407
0 0.8626543209876543 0.5127314814814815 0.040123456790123455 0.1550925925925926
0 0.8796296296296297 0.46064814814814814 0.030864197530864196 0.11574074074074074
0 0.8904320987654321 0.5775462962962963 0.043209876543209874 0.16435185185185186
0 0.9166666666666666 0.5370370370370371 0.043209876543209874 0.1574074074074074
0 0.9313271604938271 0.4710648148148148 0.026234567901234566 0.09490740740740741
0 0.9652777777777778 0.5555555555555556 0.047839506172839504 0.18055555555555555
0 0.9807098765432098 0.5324074074074074 0.038580246913580245 0.1527777777777778
2 0.05632716049382716 0.46064814814814814 0.09722222222222222 0.08796296296296297
2 0.1882716049382716 0.45717592592592593 0.09876543209876543 0.09490740740740741
2 0.3271604938271605 0.45601851851851855 0.037037037037037035 0.06018518518518518
2 0.41435185185185186 0.4386574074074074 0.06018518518518518 0.03935185185185185
2 0.4783950617283951 0.4398148148148148 0.04938271604938271 0.05555555555555555
2 0.8518518518518519 0.42939814814814814 0.030864197530864196 0.05324074074074074
2 0.9452160493827161 0.4166666666666667 0.10339506172839506 0.05555555555555555
