0 0.04 0.19093851132686085 0.06 0.20064724919093851
0 0.085 0.2087378640776699 0.055 0.1779935275080906
0 0.1275 0.21197411003236247 0.06 0.19093851132686085
0 0.19875 0.20711974110032363 0.0625 0.20711974110032363
0 0.3025 0.22168284789644013 0.07 0.2297734627831715
0 0.3725 0.2313915857605178 0.07 0.2297734627831715
0 0.27625 0.21844660194174756 0.0675 0.21035598705501618
0 0.88875 0.24271844660194175 0.0725 0.23300970873786409
0 0.97125 0.23948220064724918 0.0575 0.27184466019417475
0 0.78125 0.7233009708737864 0.0725 0.23624595469255663
0 0.5425 0.6521035598705501 0.04 0.1262135922330097
0 0.58125 0.6585760517799353 0.0375 0.1262135922330097
0 0.675 0.6343042071197411 0.03 0.10355987055016182
0 0.405 0.14563106796116504 0.025 0.09061488673139159
0 0.25375 0.1634304207119741 0.0325 0.10679611650485436
0 0.155 0.1488673139158576 0.025 0.08414239482200647
0 0.215 0.7637540453074434 0.085 0.2783171521035599
0 0.27125 0.7524271844660194 0.0675 0.2168284789644013
0 0.1075 0.7297734627831716 0.05 0.15857605177993528
0 0.0975 0.7055016181229773 0.05 0.1553398058252427
0 0.06875 0.7216828478964401 0.0525 0.17475728155339806
0 0.04 0.7281553398058253 0.055 0.17475728155339806
2 0.73 0.6294498381877023 0.025 0.0744336569579288
2 0.71125 0.6310679611650486 0.0175 0.08414239482200647
2 0.02125 0.6423948220064725 0.0225 0.04854368932038835
2 0.055 0.6440129449838188 0.02 0.045307443365695796
4 0.62 0.2928802588996764 0.235 0.37216828478964403
4 0.8375 0.1553398058252427 0.045 0.06472491909385113
4 0.50875 0.18608414239482202 0.0275 0.05501618122977346
