0 0.8948247078464107 0.6118090452261307 0.16026711185308848 0.5954773869346733
0 0.7963272120200334 0.6067839195979899 0.14691151919866444 0.5452261306532663
0 0.7103505843071787 0.5866834170854272 0.14858096828046743 0.5452261306532663
0 0.0676126878130217 0.5527638190954773 0.11853088480801335 0.4371859296482412
2 0.10350584307178631 0.6746231155778895 0.07345575959933222 0.3793969849246231
2 0.19699499165275458 0.678391959798995 0.08347245409015025 0.4472361809045226
2 0.3030050083472454 0.7060301507537688 0.06176961602671119 0.4120603015075377
2 0.41819699499165275 0.7236180904522613 0.08848080133555926 0.3969849246231156
2 0.5091819699499165 0.7173366834170855 0.07679465776293823 0.41457286432160806
2 0.6393989983305509 0.7211055276381909 0.10350584307178631 0.37185929648241206
2 0.11519198664440734 0.42336683417085424 0.04006677796327212 0.18341708542713567
2 0.14440734557595994 0.44472361809045224 0.038397328881469114 0.15577889447236182
2 0.19699499165275458 0.4484924623115578 0.0667779632721202 0.1984924623115578
2 0.21035058430717862 0.3793969849246231 0.05342237061769616 0.15577889447236182
2 0.27879799666110183 0.4484924623115578 0.05342237061769616 0.1884422110552764
2 0.333889816360601 0.4396984924623116 0.05676126878130217 0.22110552763819097
2 0.4006677796327212 0.46608040201005024 0.05676126878130217 0.1984924623115578
2 0.4774624373956594 0.44221105527638194 0.07345575959933222 0.21608040201005024
2 0.5467445742904842 0.4861809045226131 0.07846410684474124 0.20854271356783918
2 0.6268781302170284 0.47361809045226133 0.08180300500834725 0.2537688442211055
2 0.8489148580968281 0.33668341708542715 0.07846410684474124 0.1708542713567839
2 0.7746243739565943 0.31155778894472363 0.06343906510851419 0.1407035175879397
2 0.6752921535893155 0.27889447236180903 0.038397328881469114 0.08542713567839195
2 0.7178631051752922 0.2876884422110553 0.07345575959933222 0.11306532663316583
2 0.6343906510851419 0.2914572864321608 0.0667779632721202 0.10050251256281408
2 0.5834724540901502 0.32914572864321606 0.0651085141903172 0.12562814070351758
2 0.5484140233722872 0.2776381909547739 0.07178631051752922 0.10804020100502512
2 0.48330550918196996 0.27889447236180903 0.05843071786310518 0.09045226130653267
2 0.2696160267111853 0.3241206030150754 0.038397328881469114 0.09045226130653267
2 0.3038397328881469 0.32160804020100503 0.0333889816360601 0.09045226130653267
2 0.3647746243739566 0.31155778894472363 0.05175292153589316 0.09045226130653267
2 0.41318864774624375 0.33542713567839194 0.05509181969949917 0.11306532663316583
2 0.9340567612687813 0.3316582914572864 0.0651085141903172 0.11557788944723618
