1 0.85 0.7425068119891008 0.14 0.5095367847411444
1 0.26454545454545453 0.715258855585831 0.11454545454545455 0.41689373297002724
1 0.4636363636363636 0.7057220708446866 0.11636363636363636 0.4305177111716621
1 0.5909090909090909 0.6811989100817438 0.12 0.44141689373297005
1 0.6545454545454545 0.6525885558583107 0.10545454545454545 0.38419618528610355
1 0.7654545454545455 0.7029972752043597 0.12 0.44686648501362397
1 0.9654545454545455 0.7302452316076294 0.06909090909090909 0.45776566757493187
1 0.8936363636363637 0.659400544959128 0.09272727272727273 0.33787465940054495
1 0.11454545454545455 0.667574931880109 0.09090909090909091 0.33787465940054495
1 0.17727272727272728 0.6525885558583107 0.08545454545454545 0.3133514986376022
1 0.3463636363636364 0.6553133514986376 0.09636363636363636 0.36239782016348776
1 0.4127272727272727 0.6607629427792916 0.08727272727272728 0.3188010899182561
1 0.5436363636363636 0.6403269754768393 0.08363636363636363 0.31607629427792916
2 0.9254545454545454 0.5286103542234333 0.03272727272727273 0.08719346049046321
2 0.9509090909090909 0.5013623978201635 0.02909090909090909 0.04904632152588556
2 0.01818181818181818 0.5095367847411444 0.03272727272727273 0.07084468664850137
4 0.3845454545454545 0.5068119891008175 0.06727272727272728 0.09809264305177112
4 0.28545454545454546 0.49318801089918257 0.06545454545454546 0.05449591280653951
