0 0.40585009140767825 0.6498470948012233 0.16453382084095064 0.6758409785932722
0 0.07495429616087751 0.7400611620795107 0.10237659963436929 0.42201834862385323
0 0.18555758683729434 0.2966360856269113 0.056672760511883 0.23853211009174313
0 0.2577696526508227 0.3623853211009174 0.054844606946983544 0.22324159021406728
0 0.15539305301645337 0.23547400611620795 0.051188299817184646 0.20795107033639143
0 0.12614259597806216 0.19877675840978593 0.04021937842778794 0.1712538226299694
0 0.28793418647166363 0.27675840978593275 0.05301645338208409 0.21712538226299694
0 0.33180987202925044 0.20642201834862386 0.038391224862888484 0.16819571865443425
2 0.5813528336380256 0.6192660550458715 0.28153564899451555 0.7003058103975535
4 0.025594149908592323 0.05963302752293578 0.043875685557586835 0.10703363914373089
4 0.07038391224862889 0.12538226299694188 0.04570383912248629 0.1651376146788991
4 0.09872029250457039 0.14220183486238533 0.025594149908592323 0.1559633027522936
4 0.22851919561243145 0.11162079510703364 0.08775137111517367 0.1743119266055046
4 0.34277879341864714 0.09327217125382263 0.09323583180987204 0.18042813455657492
