0 0.81875 0.5046904315196998 0.065 0.2401500938086304
0 0.614375 0.6791744840525328 0.10875 0.3977485928705441
0 0.695 0.6932457786116323 0.115 0.42213883677298314
0 0.57375 0.5225140712945591 0.0625 0.23076923076923078
2 0.655625 0.40337711069418386 0.02625 0.04127579737335835
2 0.75125 0.41275797373358347 0.025 0.04878048780487805
2 0.881875 0.4324577861163227 0.03375 0.06941838649155722
2 0.96 0.5 0.05 0.1669793621013133
2 0.973125 0.6369606003752345 0.04625 0.10694183864915573
2 0.8725 0.6022514071294559 0.095 0.2176360225140713
2 0.75 0.8761726078799249 0.1325 0.2176360225140713
2 0.538125 0.849906191369606 0.13875 0.25140712945590993
2 0.3925 0.7335834896810507 0.1475 0.3302063789868668
2 0.23125 0.7551594746716698 0.165 0.3133208255159475
2 0.14625 0.5947467166979362 0.1475 0.20637898686679174
2 0.330625 0.5675422138836773 0.08625 0.17823639774859287
2 0.185625 0.5075046904315197 0.09375 0.10318949343339587
2 0.130625 0.4793621013133208 0.09875 0.08442776735459662
2 0.27875 0.43808630393996245 0.03 0.05065666041275797
2 0.314375 0.44090056285178236 0.04125 0.06378986866791744
2 0.365625 0.45872420262664165 0.04125 0.07692307692307693
2 0.425625 0.49906191369606 0.07625 0.1200750469043152
2 0.4775 0.5347091932457786 0.07 0.13133208255159476
2 0.544375 0.5619136960600375 0.06125 0.1669793621013133
2 0.380625 0.41838649155722324 0.01875 0.0450281425891182
2 0.453125 0.3968105065666041 0.01125 0.03189493433395872
2 0.49 0.4202626641651032 0.0225 0.06378986866791744
2 0.5225 0.41181988742964354 0.025 0.054409005628517824
2 0.475 0.44934333958724204 0.04 0.07317073170731707
2 0.51125 0.44934333958724204 0.035 0.09193245778611632
2 0.5625 0.4343339587242026 0.0325 0.07692307692307693
2 0.659375 0.47560975609756095 0.04125 0.09943714821763602
2 0.75625 0.5206378986866792 0.0625 0.14071294559099437
4 0.930625 0.3827392120075047 0.13125 0.0825515947467167
4 0.725625 0.3649155722326454 0.08875 0.04690431519699812
4 0.680625 0.3799249530956848 0.17125 0.054409005628517824
