0 0.1060126582278481 0.6277602523659306 0.1571729957805907 0.5741324921135647
0 0.21888185654008438 0.6253943217665615 0.1571729957805907 0.5788643533123028
0 0.2958860759493671 0.6301261829652997 0.1550632911392405 0.5694006309148265
0 0.37183544303797467 0.6332807570977917 0.1550632911392405 0.5662460567823344
0 0.4419831223628692 0.6269716088328076 0.16666666666666666 0.613564668769716
0 0.5184599156118144 0.637223974763407 0.169831223628692 0.6182965299684543
0 0.6213080168776371 0.6293375394321766 0.17088607594936708 0.6246056782334385
0 0.7267932489451476 0.6403785488958991 0.16877637130801687 0.6151419558359621
0 0.8006329113924051 0.6466876971608833 0.16877637130801687 0.6214511041009464
0 0.8823839662447257 0.6490536277602523 0.169831223628692 0.6230283911671924
