0 0.088 0.43485915492957744 0.156 0.6795774647887324
0 0.363 0.5176056338028169 0.214 0.9225352112676056
0 0.768 0.49119718309859156 0.224 0.9683098591549296
0 0.459 0.38380281690140844 0.142 0.6197183098591549
0 0.619 0.34507042253521125 0.134 0.5774647887323944
0 0.531 0.31690140845070425 0.114 0.5
0 0.137 0.4014084507042254 0.134 0.5845070422535211
0 0.044 0.3503521126760563 0.088 0.5105633802816901
0 0.811 0.4295774647887324 0.198 0.852112676056338
0 0.943 0.3767605633802817 0.114 0.7183098591549296
0 0.701 0.3045774647887324 0.126 0.5528169014084507
2 0.164 0.1443661971830986 0.048 0.1056338028169014
2 0.882 0.11795774647887323 0.048 0.18661971830985916
4 0.223 0.22007042253521128 0.058 0.29225352112676056
4 0.286 0.20598591549295775 0.064 0.30633802816901406
4 0.665 0.17253521126760563 0.05 0.323943661971831
