0 0.1875 0.78125 0.08166666666666667 0.2975
0 0.32916666666666666 0.76375 0.09833333333333333 0.3625
0 0.37333333333333335 0.77125 0.08666666666666667 0.3175
0 0.44666666666666666 0.7725 0.09 0.335
0 0.5016666666666667 0.7575 0.09333333333333334 0.345
0 0.5716666666666667 0.77625 0.08 0.2975
0 0.5966666666666667 0.70875 0.06666666666666667 0.2425
0 0.65 0.76 0.07 0.255
0 0.69 0.7625 0.08 0.295
0 0.7566666666666667 0.6925 0.043333333333333335 0.16
0 0.7966666666666666 0.70125 0.056666666666666664 0.2125
2 0.043333333333333335 0.6475 0.05333333333333334 0.12
2 0.9266666666666666 0.655 0.04 0.075
2 0.97 0.6625 0.04 0.11
2 0.715 0.65 0.023333333333333334 0.08
