0 0.23035439137134053 0.6734449760765551 0.15562403697996918 0.5956937799043063
0 0.35978428351309705 0.6555023923444976 0.16486902927580893 0.6220095693779905
0 0.5385208012326657 0.6602870813397129 0.14946070878274267 0.569377990430622
2 0.01926040061633282 0.9186602870813397 0.03543913713405239 0.0861244019138756
2 0.11325115562403698 0.8779904306220095 0.053929121725731895 0.15789473684210525
2 0.22110939907550076 0.9210526315789473 0.05701078582434515 0.09090909090909091
2 0.2935285053929122 0.9126794258373205 0.0662557781201849 0.09330143540669857
2 0.2596302003081664 0.7619617224880383 0.04160246533127889 0.050239234449760764
2 0.413713405238829 0.7643540669856459 0.03852080123266564 0.05980861244019139
2 0.4052388289676425 0.9138755980861244 0.07087827426810478 0.07655502392344497
2 0.6671802773497689 0.7667464114832536 0.04930662557781202 0.10287081339712918
2 0.6964560862865947 0.7511961722488039 0.04314329738058552 0.09569377990430622
2 0.8713405238828967 0.7212918660287081 0.04160246533127889 0.13157894736842105
2 0.9137134052388289 0.7129186602870813 0.05238828967642527 0.10526315789473684
2 0.9422187981510015 0.8911483253588517 0.06317411402157165 0.07416267942583732
2 0.9553158705701078 0.8492822966507177 0.05855161787365177 0.08133971291866028
2 0.9845916795069337 0.888755980861244 0.015408320493066256 0.06937799043062201
