0 0.06861924686192468 0.4635907093534212 0.07029288702928871 0.25925925925925924
0 0.11589958158995815 0.48430634023854363 0.08284518828451883 0.3044569993722536
0 0.297489539748954 0.45323289391086 0.07196652719665272 0.26490897677338354
0 0.24644351464435146 0.564030131826742 0.11715481171548117 0.4300062774639046
0 0.3951882845188284 0.6067168863779033 0.15188284518828452 0.5568110483364721
0 0.48828451882845186 0.4538606403013183 0.06443514644351464 0.23603264281230382
0 0.6345188284518829 0.4758317639673572 0.07573221757322175 0.2787193973634652
0 0.5472803347280335 0.5260514752040176 0.10711297071129706 0.39296924042686754
0 0.6972803347280335 0.4538606403013183 0.06401673640167364 0.23477715003138733
0 0.8640167364016736 0.5112994350282486 0.09707112970711297 0.354676710608914
0 0.9679916317991631 0.4661016949152542 0.050627615062761505 0.18518518518518517
0 0.8027196652719665 0.5982423101067169 0.12426778242677824 0.45699937225360954
2 0.9343096234309624 0.40081607030759575 0.027615062761506277 0.07470182046453233
2 0.9757322175732217 0.3684871311989956 0.021757322175732216 0.023854362837413684
2 0.9734309623430962 0.48430634023854363 0.0497907949790795 0.22661644695543
2 0.8328451882845188 0.38763339610797237 0.0707112970711297 0.1362209667294413
2 0.8301255230125523 0.36754551161330823 0.0200836820083682 0.03452605147520402
3 0.005230125523012552 0.48367859384808537 0.010460251046025104 0.09102322661644696
3 0.014435146443514645 0.4595103578154426 0.007949790794979079 0.027620841180163214
3 0.019456066945606695 0.4610797237915882 0.006276150627615063 0.02573760200878845
3 0.026359832635983262 0.46296296296296297 0.007531380753138075 0.037037037037037035
3 0.03410041841004184 0.46296296296296297 0.010460251046025104 0.038292529817953544
3 0.042677824267782424 0.4598242310106717 0.005857740585774059 0.029504080351537978
3 0.05 0.45605775266792214 0.007112970711297071 0.02071563088512241
3 0.1608786610878661 0.4698681732580038 0.010460251046025104 0.02448210922787194
3 0.16882845188284518 0.4670433145009416 0.006276150627615063 0.021343377275580666
3 0.17280334728033472 0.4657878217200251 0.005857740585774059 0.013810420590081607
3 0.1790794979079498 0.4736346516007533 0.007531380753138075 0.032015065913371
3 0.18807531380753137 0.47206528562460764 0.007949790794979079 0.027620841180163214
3 0.19518828451882844 0.4795982423101067 0.009623430962343096 0.030131826741996232
3 0.20606694560669456 0.48807281858129314 0.01297071129707113 0.02824858757062147
3 0.21610878661087865 0.4817953546767106 0.007112970711297071 0.029504080351537978
3 0.3573221757322176 0.4416195856873823 0.029288702928870293 0.02824858757062147
3 0.3592050209205021 0.46735718769617074 0.02384937238493724 0.035781544256120526
3 0.3667364016736402 0.4372253609541745 0.026359832635983262 0.032015065913371
3 0.3782426778242678 0.4256120527306968 0.018410041841004185 0.021343377275580666
3 0.44623430962343097 0.42812303829252984 0.011297071129707114 0.010043942247332079
3 0.4441422594142259 0.4394224733207784 0.009623430962343096 0.012554927809165096
3 0.451255230125523 0.4598242310106717 0.013807531380753139 0.01694915254237288
3 0.45690376569037655 0.4372253609541745 0.007531380753138075 0.013182674199623353
3 0.46673640167364017 0.4428750784682988 0.009623430962343096 0.014438166980539862
3 0.592887029288703 0.47300690521029504 0.01506276150627615 0.06716886377903326
3 0.6054393305439331 0.45229127432517263 0.009205020920502092 0.011927181418706842
3 0.6144351464435146 0.45794099183929693 0.015481171548117154 0.04833647206528562
3 0.6682008368200837 0.4632768361581921 0.013389121338912133 0.017576898932831136
3 0.7320083682008368 0.48995605775266793 0.016317991631799162 0.07344632768361582
3 0.7397489539748954 0.4745762711864407 0.01506276150627615 0.040175768989328314
3 0.7594142259414226 0.47112366603892025 0.01506276150627615 0.032015065913371
