0 0.26545454545454544 0.0860655737704918 0.02181818181818182 0.07923497267759563
0 0.3490909090909091 0.08743169398907104 0.01818181818181818 0.07650273224043716
0 0.2972727272727273 0.3770491803278688 0.03090909090909091 0.11475409836065574
0 0.5872727272727273 0.39207650273224043 0.05090909090909091 0.1885245901639344
0 0.7190909090909091 0.3360655737704918 0.034545454545454546 0.12568306010928962
0 0.2609090909090909 0.3743169398907104 0.02727272727272727 0.10382513661202186
0 0.24636363636363637 0.3674863387978142 0.02727272727272727 0.10109289617486339
2 0.013636363636363636 0.3756830601092896 0.02727272727272727 0.11748633879781421
2 0.04363636363636364 0.3866120218579235 0.02909090909090909 0.09016393442622951
2 0.07090909090909091 0.4016393442622951 0.02909090909090909 0.08743169398907104
2 0.10545454545454545 0.39207650273224043 0.03636363636363636 0.10109289617486339
2 0.1481818181818182 0.3620218579234973 0.06727272727272728 0.17759562841530055
2 0.2290909090909091 0.41530054644808745 0.05818181818181818 0.16393442622950818
2 0.22818181818181818 0.3224043715846995 0.023636363636363636 0.0546448087431694
2 0.6190909090909091 0.4385245901639344 0.07818181818181819 0.20491803278688525
2 0.54 0.40846994535519127 0.24363636363636362 0.6366120218579235
2 0.7290909090909091 0.41120218579234974 0.025454545454545455 0.09562841530054644
2 0.7554545454545455 0.41939890710382516 0.038181818181818185 0.10109289617486339
2 0.7781818181818182 0.42213114754098363 0.01818181818181818 0.08469945355191257
2 0.7963636363636364 0.43306010928961747 0.03272727272727273 0.07377049180327869
2 0.8327272727272728 0.42896174863387976 0.025454545454545455 0.07103825136612021
2 0.8490909090909091 0.430327868852459 0.025454545454545455 0.09016393442622951
2 0.8718181818181818 0.4248633879781421 0.023636363636363636 0.08469945355191257
2 0.9027272727272727 0.43306010928961747 0.023636363636363636 0.07923497267759563
2 0.9281818181818182 0.44808743169398907 0.023636363636363636 0.08743169398907104
2 0.9563636363636364 0.4344262295081967 0.02909090909090909 0.08196721311475409
2 0.9772727272727273 0.4385245901639344 0.016363636363636365 0.08469945355191257
2 0.990909090909091 0.4385245901639344 0.01090909090909091 0.08469945355191257
