0 0.013333333333333334 0.5613333333333334 0.023333333333333334 0.09866666666666667
0 0.03916666666666667 0.624 0.045 0.176
0 0.07916666666666666 0.6266666666666667 0.04833333333333333 0.18666666666666668
0 0.165 0.6986666666666667 0.07666666666666666 0.304
0 0.1225 0.5946666666666667 0.03166666666666667 0.12266666666666666
0 0.11 0.5813333333333334 0.02666666666666667 0.10666666666666667
0 0.18083333333333335 0.5973333333333334 0.035 0.13866666666666666
0 0.2325 0.6146666666666667 0.03833333333333333 0.15733333333333333
0 0.25083333333333335 0.58 0.021666666666666667 0.09333333333333334
0 0.2866666666666667 0.6253333333333333 0.043333333333333335 0.17333333333333334
0 0.3233333333333333 0.5933333333333334 0.02666666666666667 0.10933333333333334
0 0.3541666666666667 0.6333333333333333 0.051666666666666666 0.2
0 0.42833333333333334 0.7106666666666667 0.03 0.12533333333333332
0 0.39666666666666667 0.584 0.02666666666666667 0.10666666666666667
0 0.3775 0.6053333333333333 0.028333333333333332 0.112
0 0.43 0.6026666666666667 0.03333333333333333 0.128
0 0.4425 0.596 0.025 0.104
0 0.4558333333333333 0.5746666666666667 0.021666666666666667 0.08266666666666667
0 0.48 0.588 0.02 0.07733333333333334
0 0.5108333333333334 0.668 0.058333333333333334 0.23733333333333334
0 0.5766666666666667 0.5973333333333334 0.023333333333333334 0.096
0 0.6141666666666666 0.6426666666666667 0.045 0.176
0 0.5975 0.6173333333333333 0.03166666666666667 0.12533333333333332
0 0.6325 0.604 0.028333333333333332 0.10933333333333334
0 0.6966666666666667 0.616 0.03 0.12266666666666666
0 0.7408333333333333 0.672 0.045 0.176
0 0.7983333333333333 0.6026666666666667 0.023333333333333334 0.09066666666666667
0 0.8525 0.6346666666666667 0.03833333333333333 0.15466666666666667
0 0.9358333333333333 0.6453333333333333 0.041666666666666664 0.16
0 0.5525 0.5746666666666667 0.018333333333333333 0.072
2 0.0525 0.5413333333333333 0.018333333333333333 0.042666666666666665
2 0.07 0.5413333333333333 0.02 0.048
2 0.14333333333333334 0.5506666666666666 0.02 0.04533333333333334
2 0.3441666666666667 0.5546666666666666 0.028333333333333332 0.042666666666666665
2 0.8441666666666666 0.616 0.025 0.096
