0 0.1822 0.7579617834394905 0.0844 0.32993630573248406
0 0.1618 0.7576433121019108 0.078 0.3050955414012739
0 0.138 0.7598726114649682 0.0728 0.2840764331210191
0 0.1044 0.7531847133757962 0.0728 0.2821656050955414
0 0.2444 0.7538216560509554 0.0704 0.27579617834394904
0 0.2928 0.7601910828025478 0.0736 0.2859872611464968
0 0.3348 0.7541401273885351 0.0776 0.30318471337579617
0 0.3984 0.7528662420382166 0.0848 0.33121019108280253
0 0.4424 0.7519108280254777 0.0736 0.2859872611464968
0 0.4922 0.7474522292993631 0.078 0.30254777070063693
0 0.5502 0.7550955414012739 0.0804 0.31401273885350317
0 0.5952 0.7570063694267516 0.0672 0.26305732484076433
0 0.6504 0.7531847133757962 0.0744 0.2898089171974522
0 0.7174 0.7487261146496815 0.0796 0.31146496815286623
0 0.8038 0.7541401273885351 0.066 0.2585987261146497
0 0.875 0.7515923566878981 0.07 0.2713375796178344
0 0.9624 0.7496815286624203 0.0736 0.28535031847133757
2 0.5272 0.6315286624203822 0.0496 0.07961783439490445
