0 0.127 0.6168384879725086 0.058 0.24398625429553264
0 0.18 0.6786941580756014 0.068 0.2920962199312715
0 0.231 0.6838487972508591 0.074 0.3161512027491409
0 0.216 0.6735395189003437 0.064 0.27491408934707906
0 0.297 0.6512027491408935 0.062 0.27147766323024053
0 0.318 0.6323024054982818 0.064 0.26804123711340205
0 0.368 0.634020618556701 0.064 0.27147766323024053
0 0.423 0.6305841924398625 0.062 0.2646048109965636
0 0.448 0.6838487972508591 0.068 0.28865979381443296
0 0.461 0.6391752577319587 0.07 0.29553264604810997
0 0.51 0.6460481099656358 0.068 0.28865979381443296
0 0.533 0.6872852233676976 0.074 0.3161512027491409
0 0.59 0.6615120274914089 0.056 0.24398625429553264
0 0.633 0.6924398625429553 0.078 0.3333333333333333
0 0.712 0.6357388316151202 0.064 0.27491408934707906
0 0.758 0.6254295532646048 0.06 0.2542955326460481
0 0.733 0.6305841924398625 0.054 0.23711340206185566
0 0.794 0.6357388316151202 0.048 0.21305841924398625
0 0.802 0.5979381443298969 0.06 0.2611683848797251
0 0.833 0.6769759450171822 0.058 0.24054982817869416
0 0.865 0.6254295532646048 0.062 0.2611683848797251
0 0.908 0.6116838487972509 0.052 0.21993127147766323
0 0.943 0.6237113402061856 0.054 0.23711340206185566
0 0.972 0.5893470790378007 0.044 0.18213058419243985
0 0.387 0.6202749140893471 0.054 0.23711340206185566
0 0.265 0.6030927835051546 0.054 0.23024054982817868
0 0.674 0.6134020618556701 0.056 0.24398625429553264
2 0.161 0.5412371134020618 0.034 0.05154639175257732
2 0.16 0.5051546391752577 0.032 0.03436426116838488
2 0.201 0.5292096219931272 0.022 0.041237113402061855
2 0.487 0.5343642611683849 0.03 0.044673539518900345
2 0.557 0.5309278350515464 0.03 0.05154639175257732
2 0.85 0.5549828178694158 0.036 0.07903780068728522
2 0.015 0.6013745704467354 0.03 0.08247422680412371
2 0.057 0.5515463917525774 0.038 0.1134020618556701
2 0.864 0.48109965635738833 0.028 0.048109965635738834
2 0.829 0.4965635738831615 0.03 0.044673539518900345
2 0.91 0.48625429553264604 0.032 0.044673539518900345
4 0.052 0.49828178694158076 0.104 0.10996563573883161
4 0.135 0.47766323024054985 0.054 0.07560137457044673
4 0.199 0.4725085910652921 0.042 0.058419243986254296
4 0.308 0.4690721649484536 0.16 0.05154639175257732
4 0.496 0.48281786941580757 0.2 0.07216494845360824
4 0.696 0.47079037800687284 0.2 0.061855670103092786
4 0.934 0.4690721649484536 0.116 0.09278350515463918
