0 0.242 0.7513513513513513 0.136 0.4486486486486487
0 0.545 0.7472972972972973 0.126 0.4243243243243243
0 0.843 0.6824324324324325 0.13 0.4297297297297297
0 0.174 0.4756756756756757 0.108 0.3567567567567568
0 0.397 0.4635135135135135 0.106 0.35405405405405405
0 0.603 0.4554054054054054 0.102 0.34324324324324323
0 0.957 0.44324324324324327 0.086 0.33513513513513515
0 0.291 0.42162162162162165 0.114 0.3783783783783784
0 0.24 0.37972972972972974 0.112 0.37027027027027026
0 0.47 0.4081081081081081 0.104 0.35135135135135137
0 0.068 0.41621621621621624 0.112 0.372972972972973
0 0.775 0.45 0.098 0.3216216216216216
4 0.499 0.14594594594594595 0.99 0.2864864864864865
