0 0.8649155722326454 0.7259887005649718 0.0600375234521576 0.22598870056497175
0 0.7861163227016885 0.7274011299435028 0.07879924953095685 0.2966101694915254
0 0.6791744840525328 0.7161016949152542 0.04878048780487805 0.18361581920903955
0 0.6275797373358349 0.7344632768361582 0.08818011257035648 0.3333333333333333
0 0.4455909943714822 0.7217514124293786 0.14446529080675422 0.5282485875706214
0 0.225140712945591 0.6864406779661016 0.08630393996247655 0.327683615819209
0 0.12664165103189493 0.692090395480226 0.058161350844277676 0.22033898305084745
0 0.07786116322701689 0.6850282485875706 0.05065666041275797 0.18926553672316385
0 0.1848030018761726 0.6864406779661016 0.03564727954971857 0.13559322033898305
0 0.3067542213883677 0.6991525423728814 0.054409005628517824 0.2062146892655367
0 0.34896810506566606 0.6963276836158192 0.04127579737335835 0.1553672316384181
0 0.36866791744840527 0.7033898305084746 0.03189493433395872 0.12429378531073447
0 0.5337711069418386 0.7048022598870056 0.039399624765478425 0.1553672316384181
0 0.5956848030018762 0.7146892655367232 0.058161350844277676 0.22033898305084745
2 0.06191369606003752 0.7033898305084746 0.03377110694183865 0.12429378531073447
