0 0.19578313253012047 0.5132850241545893 0.3072289156626506 0.9057971014492754
0 0.27309236947791166 0.36835748792270534 0.18473895582329317 0.5434782608695652
0 0.44477911646586343 0.36835748792270534 0.1465863453815261 0.4323671497584541
0 0.5953815261044176 0.3321256038647343 0.12650602409638553 0.3743961352657005
0 0.4929718875502008 0.33695652173913043 0.142570281124498 0.4227053140096618
0 0.3453815261044177 0.32971014492753625 0.10040160642570281 0.2971014492753623
0 0.8594377510040161 0.35507246376811596 0.0642570281124498 0.18840579710144928
0 0.9337349397590361 0.2898550724637681 0.10040160642570281 0.2946859903381642
0 0.8022088353413654 0.3007246376811594 0.09437751004016064 0.2826086956521739
0 0.6686746987951807 0.2608695652173913 0.04819277108433735 0.14492753623188406
0 0.7369477911646586 0.2608695652173913 0.05220883534136546 0.15458937198067632
0 0.9688755020080321 0.3103864734299517 0.06224899598393574 0.30193236714975846
2 0.015060240963855422 0.21497584541062803 0.030120481927710843 0.057971014492753624
2 0.06827309236947791 0.1473429951690821 0.04417670682730924 0.0966183574879227
2 0.10341365461847389 0.15096618357487923 0.050200803212851405 0.09420289855072464
2 0.75 0.4975845410628019 0.2791164658634538 0.42028985507246375
2 0.6315261044176707 0.20169082125603865 0.02610441767068273 0.050724637681159424
2 0.6405622489959839 0.20048309178743962 0.01606425702811245 0.028985507246376812
2 0.7058232931726908 0.2318840579710145 0.03413654618473896 0.07729468599033816
2 0.7771084337349398 0.23550724637681159 0.028112449799196786 0.07971014492753623
2 0.7580321285140562 0.2028985507246377 0.02208835341365462 0.033816425120772944
4 0.7891566265060241 0.2391304347826087 0.30522088353413657 0.13043478260869565
