0 0.023333333333333334 0.55 0.04666666666666667 0.23
0 0.03833333333333333 0.535 0.056666666666666664 0.205
0 0.075 0.55125 0.06 0.2225
0 0.13333333333333333 0.5475 0.056666666666666664 0.215
0 0.17416666666666666 0.55375 0.055 0.2025
0 0.15916666666666668 0.53875 0.051666666666666666 0.1975
0 0.19916666666666666 0.5475 0.055 0.205
0 0.2275 0.5475 0.055 0.21
0 0.25 0.54125 0.05333333333333334 0.2025
0 0.2683333333333333 0.5325 0.05 0.19
0 0.30666666666666664 0.53375 0.05 0.1925
0 0.37166666666666665 0.54 0.056666666666666664 0.21
0 0.3591666666666667 0.53875 0.04833333333333333 0.1775
0 0.42083333333333334 0.54625 0.051666666666666666 0.1875
0 0.3958333333333333 0.54375 0.051666666666666666 0.1875
0 0.3325 0.5025 0.011666666666666667 0.05
0 0.3175 0.5325 0.051666666666666666 0.19
0 0.49833333333333335 0.54625 0.04 0.1475
0 0.6225 0.535 0.035 0.135
0 0.5966666666666667 0.5375 0.03333333333333333 0.125
0 0.7025 0.3575 0.008333333333333333 0.04
0 0.6958333333333333 0.3525 0.008333333333333333 0.03
0 0.08333333333333333 0.42375 0.006666666666666667 0.0225
0 0.6491666666666667 0.535 0.035 0.13
0 0.6666666666666666 0.52875 0.03666666666666667 0.1375
0 0.6858333333333333 0.53625 0.035 0.1375
0 0.7116666666666667 0.53875 0.03666666666666667 0.1425
0 0.7591666666666667 0.58125 0.07166666666666667 0.2625
0 0.8258333333333333 0.585 0.09166666666666666 0.34
0 0.835 0.57125 0.08333333333333333 0.3125
0 0.875 0.58375 0.09 0.3325
0 0.7816666666666666 0.56125 0.07333333333333333 0.2725
0 0.0475 0.4175 0.005 0.02
2 0.2733333333333333 0.52125 0.05 0.0675
2 0.31 0.53125 0.03666666666666667 0.0725
2 0.46166666666666667 0.57 0.03666666666666667 0.07
2 0.5091666666666667 0.46125 0.14166666666666666 0.1875
2 0.77 0.3425 0.023333333333333334 0.05
2 0.8958333333333334 0.77625 0.11833333333333333 0.1725
2 0.945 0.77 0.09 0.165
2 0.9366666666666666 0.69875 0.09666666666666666 0.1625
2 0.9516666666666667 0.6575 0.09 0.315
2 0.8191666666666667 0.71375 0.10166666666666667 0.1725
2 0.7783333333333333 0.68 0.13666666666666666 0.23
2 0.9216666666666666 0.50625 0.05 0.2125
2 0.9583333333333334 0.485 0.06666666666666667 0.195
2 0.9816666666666667 0.44375 0.03333333333333333 0.0875
2 0.5283333333333333 0.54625 0.03 0.0875
2 0.5566666666666666 0.56 0.03666666666666667 0.06
2 0.7425 0.52875 0.03833333333333333 0.1175
