0 0.321 0.7027027027027027 0.15 0.5525525525525525
0 0.509 0.5870870870870871 0.046 0.17717717717717718
0 0.551 0.5885885885885885 0.05 0.18018018018018017
0 0.737 0.5900900900900901 0.046 0.17717717717717718
0 0.839 0.5855855855855856 0.046 0.16816816816816818
0 0.939 0.7477477477477478 0.122 0.4804804804804805
0 0.896 0.5705705705705706 0.028 0.1021021021021021
2 0.449 0.6261261261261262 0.09 0.2012012012012012
2 0.708 0.5795795795795796 0.036 0.13213213213213212
4 0.495 0.23873873873873874 0.986 0.47147147147147145
