0 0.17153846153846153 0.628175519630485 0.19538461538461538 0.7159353348729792
0 0.3169230769230769 0.6732101616628176 0.1753846153846154 0.6443418013856813
0 0.4423076923076923 0.6443418013856813 0.18923076923076923 0.6974595842956121
0 0.5923076923076923 0.6420323325635104 0.19076923076923077 0.6974595842956121
0 0.7192307692307692 0.6720554272517321 0.17692307692307693 0.6466512702078522
0 0.8276923076923077 0.6593533487297921 0.18461538461538463 0.6766743648960739
0 0.6223076923076923 0.2956120092378753 0.04461538461538461 0.16166281755196305
0 0.6546153846153846 0.2967667436489607 0.03538461538461538 0.13163972286374134
0 0.6776923076923077 0.2863741339491917 0.038461538461538464 0.13856812933025403
0 0.74 0.2644341801385681 0.027692307692307693 0.10392609699769054
0 0.5030769230769231 0.30484988452655887 0.03076923076923077 0.12009237875288684
0 0.3792307692307692 0.2921478060046189 0.026153846153846153 0.10392609699769054
4 0.563076923076923 0.27713625866050806 0.7261538461538461 0.11085450346420324
