0 0.388 0.484984984984985 0.048 0.17717717717717718
0 0.309 0.4744744744744745 0.05 0.1921921921921922
0 0.219 0.46846846846846846 0.058 0.21021021021021022
0 0.136 0.466966966966967 0.052 0.19519519519519518
0 0.619 0.5045045045045045 0.05 0.18018018018018017
0 0.584 0.4954954954954955 0.04 0.15615615615615616
0 0.65 0.509009009009009 0.044 0.16516516516516516
0 0.69 0.5135135135135135 0.048 0.17417417417417416
0 0.956 0.5345345345345346 0.048 0.18018018018018017
0 0.911 0.536036036036036 0.046 0.17117117117117117
0 0.878 0.53003003003003 0.044 0.16516516516516516
0 0.854 0.527027027027027 0.044 0.15915915915915915
0 0.819 0.5225225225225225 0.038 0.15015015015015015
0 0.791 0.5105105105105106 0.038 0.14414414414414414
0 0.741 0.5075075075075075 0.034 0.12612612612612611
0 0.774 0.5165165165165165 0.04 0.14414414414414414
0 0.73 0.503003003003003 0.036 0.14114114114114115
0 0.551 0.527027027027027 0.062 0.23723723723723725
0 0.496 0.5015015015015015 0.064 0.23423423423423423
0 0.462 0.5 0.052 0.19519519519519518
0 0.044 0.43243243243243246 0.02 0.08408408408408409
4 0.122 0.3213213213213213 0.24 0.13213213213213212
4 0.046 0.42342342342342343 0.076 0.08408408408408409
4 0.417 0.3588588588588589 0.334 0.12912912912912913
4 0.833 0.3978978978978979 0.318 0.12312312312312312
