0 0.841 0.6626666666666666 0.09 0.2906666666666667
0 0.89 0.6466666666666666 0.084 0.27466666666666667
0 0.924 0.6306666666666667 0.076 0.25333333333333335
0 0.8 0.628 0.068 0.22666666666666666
0 0.76 0.636 0.076 0.25333333333333335
0 0.695 0.6506666666666666 0.078 0.256
0 0.591 0.644 0.07 0.22666666666666666
0 0.66 0.628 0.068 0.22133333333333333
0 0.957 0.5973333333333334 0.062 0.208
0 0.611 0.612 0.058 0.19466666666666665
0 0.548 0.6186666666666667 0.056 0.192
0 0.524 0.6106666666666667 0.052 0.176
0 0.487 0.62 0.058 0.19466666666666665
0 0.427 0.6186666666666667 0.058 0.192
0 0.458 0.5973333333333334 0.044 0.144
0 0.367 0.612 0.05 0.168
0 0.318 0.604 0.048 0.15733333333333333
0 0.267 0.596 0.042 0.14666666666666667
0 0.221 0.5906666666666667 0.046 0.152
0 0.351 0.5866666666666667 0.05 0.16
0 0.283 0.584 0.042 0.13866666666666666
0 0.147 0.5826666666666667 0.034 0.12
4 0.48 0.428 0.348 0.09866666666666667
4 0.14 0.5826666666666667 0.276 0.14133333333333334
