0 0.7326086956521739 0.631236442516269 0.06521739130434782 0.24295010845986983
0 0.8985507246376812 0.7049891540130152 0.06666666666666667 0.2472885032537961
0 0.7094202898550724 0.5997830802603037 0.05652173913043478 0.210412147505423
0 0.6608695652173913 0.60412147505423 0.057971014492753624 0.210412147505423
0 0.6094202898550725 0.6106290672451193 0.05652173913043478 0.20607375271149675
0 0.5391304347826087 0.613882863340564 0.05507246376811594 0.19956616052060738
0 0.48695652173913045 0.6160520607375272 0.05507246376811594 0.2039045553145336
0 0.4282608695652174 0.5900216919739696 0.05652173913043478 0.21258134490238612
0 0.6405797101449275 0.5824295010845987 0.05507246376811594 0.2017353579175705
0 0.5659420289855073 0.5412147505422994 0.050724637681159424 0.18872017353579176
0 0.45942028985507244 0.5563991323210412 0.05217391304347826 0.19305856832971802
0 0.33768115942028987 0.5639913232104121 0.05507246376811594 0.19956616052060738
0 0.2847826086956522 0.5336225596529284 0.0536231884057971 0.2039045553145336
0 0.23623188405797102 0.5043383947939263 0.05507246376811594 0.2017353579175705
0 0.18840579710144928 0.4761388286334056 0.04927536231884058 0.18004338394793926
0 0.13260869565217392 0.455531453362256 0.04782608695652174 0.1822125813449024
0 0.0963768115942029 0.4316702819956616 0.04782608695652174 0.1735357917570499
0 0.06231884057971015 0.41323210412147504 0.05217391304347826 0.19305856832971802
0 0.04492753623188406 0.3839479392624729 0.05217391304347826 0.19522776572668113
0 0.7304347826086957 0.43383947939262474 0.043478260869565216 0.16052060737527116
0 0.868840579710145 0.5010845986984815 0.04782608695652174 0.1735357917570499
0 0.9326086956521739 0.5292841648590022 0.0536231884057971 0.19522776572668113
0 0.6884057971014492 0.4164859002169197 0.043478260869565216 0.16052060737527116
0 0.6608695652173913 0.4002169197396963 0.04057971014492753 0.14967462039045554
0 0.6326086956521739 0.37852494577006507 0.0391304347826087 0.14967462039045554
0 0.6130434782608696 0.3600867678958785 0.04057971014492753 0.15184381778741865
0 0.5920289855072464 0.3438177874186551 0.0391304347826087 0.14533622559652928
0 0.6456521739130435 0.21691973969631237 0.03333333333333333 0.12581344902386118
0 0.6702898550724637 0.210412147505423 0.03333333333333333 0.12581344902386118
0 0.6927536231884058 0.20607375271149675 0.03188405797101449 0.11713665943600868
0 0.7144927536231884 0.1984815618221258 0.03188405797101449 0.11496746203904555
0 0.7405797101449275 0.18872017353579176 0.03188405797101449 0.11713665943600868
0 0.7659420289855072 0.19088937093275488 0.030434782608695653 0.11279826464208242
0 0.8050724637681159 0.17787418655097614 0.03333333333333333 0.12147505422993492
0 0.8420289855072464 0.1702819956616052 0.028985507246376812 0.11062906724511931
0 0.8760869565217392 0.1702819956616052 0.030434782608695653 0.1193058568329718
0 0.9123188405797101 0.1616052060737527 0.03333333333333333 0.12364425162689804
0 0.9536231884057971 0.1702819956616052 0.028985507246376812 0.11062906724511931
0 0.9869565217391304 0.15835140997830802 0.02608695652173913 0.10845986984815618
0 0.9159420289855073 0.05422993492407809 0.028985507246376812 0.10412147505422993
0 0.9514492753623188 0.05422993492407809 0.02753623188405797 0.09978308026030369
0 0.991304347826087 0.0509761388286334 0.017391304347826087 0.08026030368763558
0 0.26231884057971017 0.2017353579175705 0.03768115942028986 0.14316702819956617
0 0.2985507246376812 0.15509761388286333 0.028985507246376812 0.11062906724511931
0 0.31956521739130433 0.1475054229934924 0.02753623188405797 0.10412147505422993
0 0.40144927536231884 0.5542299349240781 0.05507246376811594 0.20607375271149675
0 0.3869565217391304 0.4891540130151844 0.04927536231884058 0.1843817787418655
0 0.35434782608695653 0.5325379609544468 0.050724637681159424 0.18872017353579176
0 0.5847826086956521 0.5813449023861171 0.0536231884057971 0.19522776572668113
0 0.5173913043478261 0.5563991323210412 0.05217391304347826 0.19305856832971802
0 0.46594202898550724 0.5206073752711496 0.04782608695652174 0.1822125813449024
0 0.5043478260869565 0.5249457700650759 0.05507246376811594 0.20824295010845986
0 0.35434782608695653 0.1616052060737527 0.0391304347826087 0.14967462039045554
0 0.1963768115942029 0.06832971800433839 0.030434782608695653 0.1193058568329718
2 0.10289855072463767 0.31127982646420826 0.011594202898550725 0.02386117136659436
2 0.1289855072463768 0.3264642082429501 0.017391304347826087 0.04121475054229935
2 0.15217391304347827 0.34273318872017355 0.020289855072463767 0.03470715835140998
2 0.1608695652173913 0.3036876355748373 0.017391304347826087 0.039045553145336226
2 0.18840579710144928 0.3676789587852495 0.028985507246376812 0.0368763557483731
2 0.5478260869565217 0.5086767895878525 0.034782608695652174 0.0455531453362256
2 0.45 0.43058568329718006 0.021739130434782608 0.06290672451193059
2 0.413768115942029 0.4490238611713666 0.02463768115942029 0.052060737527114966
2 0.3992753623188406 0.3872017353579176 0.030434782608695653 0.0368763557483731
2 0.3507246376811594 0.3893709327548807 0.028985507246376812 0.0455531453362256
2 0.30217391304347824 0.3676789587852495 0.01884057971014493 0.04121475054229935
2 0.31956521739130433 0.35900216919739697 0.02463768115942029 0.04121475054229935
2 0.286231884057971 0.3947939262472885 0.030434782608695653 0.03470715835140998
2 0.2427536231884058 0.37310195227765725 0.03333333333333333 0.04338394793926247
2 0.2608695652173913 0.351409978308026 0.02608695652173913 0.039045553145336226
2 0.2673913043478261 0.31778741865509763 0.030434782608695653 0.0368763557483731
2 0.29637681159420287 0.33405639913232105 0.021739130434782608 0.026030368763557483
2 0.20507246376811594 0.30151843817787416 0.021739130434782608 0.021691973969631236
2 0.21956521739130436 0.3286334056399132 0.021739130434782608 0.028199566160520606
2 0.20652173913043478 0.3470715835140998 0.02463768115942029 0.03470715835140998
2 0.18115942028985507 0.3264642082429501 0.02608695652173913 0.04121475054229935
4 0.19130434782608696 0.06616052060737528 0.1391304347826087 0.08459869848156182
4 0.4789855072463768 0.1052060737527115 0.3782608695652174 0.12364425162689804
4 0.881159420289855 0.03253796095444685 0.05507246376811594 0.05639913232104121
4 0.5666666666666667 0.0227765726681128 0.1565217391304348 0.0455531453362256
