0 0.55 0.7166666666666667 0.32 0.5233333333333333
0 0.2675 0.6241666666666666 0.11 0.185
0 0.36125 0.6358333333333334 0.1325 0.21833333333333332
0 0.86 0.5883333333333334 0.075 0.12333333333333334
0 0.92 0.58 0.06 0.09666666666666666
0 0.17 0.6141666666666666 0.075 0.12833333333333333
0 0.06 0.6116666666666667 0.075 0.12666666666666668
0 0.31 0.6066666666666667 0.085 0.14333333333333334
0 0.7925 0.5741666666666667 0.06 0.09833333333333333
4 0.20875 0.5558333333333333 0.4025 0.105
4 0.7925 0.5275 0.375 0.06833333333333333
