0 0.046 0.5053763440860215 0.02 0.13978494623655913
0 0.073 0.4838709677419355 0.022 0.13978494623655913
0 0.101 0.5 0.022 0.16129032258064516
0 0.162 0.5161290322580645 0.024 0.17204301075268819
0 0.222 0.5241935483870968 0.024 0.16666666666666666
0 0.283 0.5376344086021505 0.022 0.15053763440860216
0 0.339 0.553763440860215 0.026 0.17204301075268819
0 0.454 0.5403225806451613 0.024 0.1774193548387097
0 0.561 0.5241935483870968 0.022 0.15591397849462366
0 0.644 0.5295698924731183 0.02 0.14516129032258066
0 0.683 0.521505376344086 0.022 0.16129032258064516
0 0.722 0.5456989247311828 0.02 0.13440860215053763
0 0.762 0.5483870967741935 0.02 0.15053763440860216
0 0.808 0.553763440860215 0.024 0.16129032258064516
0 0.847 0.5564516129032258 0.022 0.14516129032258066
0 0.9 0.5456989247311828 0.02 0.14516129032258066
0 0.878 0.5403225806451613 0.016 0.10215053763440861
0 0.952 0.5483870967741935 0.016 0.11827956989247312
0 0.983 0.6155913978494624 0.03 0.20967741935483872
3 0.386 0.5618279569892473 0.044 0.26344086021505375
3 0.502 0.5618279569892473 0.044 0.24193548387096775
3 0.6 0.553763440860215 0.04 0.21505376344086022
4 0.495 0.42473118279569894 0.986 0.1827956989247312
