0 0.12783333333333333 0.52975 0.049 0.1795
0 0.20575 0.517375 0.041166666666666664 0.15075
0 0.255 0.53075 0.050333333333333334 0.1845
0 0.2683333333333333 0.50825 0.035333333333333335 0.13
0 0.30583333333333335 0.498875 0.033666666666666664 0.12375
0 0.321 0.51775 0.043333333333333335 0.1585
0 0.3616666666666667 0.59225 0.08633333333333333 0.3165
0 0.39766666666666667 0.533 0.052 0.19
0 0.4385833333333333 0.517375 0.042833333333333334 0.15725
0 0.46791666666666665 0.5085 0.0355 0.1305
0 0.4836666666666667 0.501875 0.03233333333333333 0.11925
0 0.50025 0.495375 0.029833333333333333 0.10975
0 0.42291666666666666 0.493625 0.030833333333333334 0.11375
0 0.5745 0.5385 0.051333333333333335 0.188
0 0.58525 0.52025 0.0435 0.16
0 0.5970833333333333 0.510625 0.03716666666666667 0.13675
0 0.60275 0.50225 0.0335 0.1225
0 0.7609166666666667 0.535375 0.0525 0.19275
0 0.736 0.52 0.045 0.165
0 0.7175 0.509375 0.03666666666666667 0.13475
0 0.70425 0.5025 0.0325 0.1195
0 0.6950833333333334 0.496125 0.030833333333333334 0.11325
0 0.8065833333333333 0.510625 0.036166666666666666 0.13225
0 0.7938333333333333 0.500625 0.033666666666666664 0.12325
0 0.7815 0.4955 0.030666666666666665 0.112
0 0.8466666666666667 0.52125 0.044333333333333336 0.1625
0 0.89375 0.536125 0.0525 0.19225
3 0.093 0.244375 0.027666666666666666 0.09975
3 0.11583333333333333 0.2375 0.027666666666666666 0.1085
3 0.14183333333333334 0.242125 0.026 0.11125
3 0.12575 0.687125 0.03916666666666667 0.13675
3 0.9234166666666667 0.672375 0.1125 0.08925
3 0.74775 0.671125 0.13316666666666666 0.07575
3 0.8063333333333333 0.584875 0.037333333333333336 0.03125
3 0.7153333333333334 0.61675 0.071 0.047
3 0.67925 0.57425 0.0805 0.0545
3 0.5245 0.66325 0.12633333333333333 0.0565
3 0.5354166666666667 0.619625 0.1065 0.03125
3 0.3914166666666667 0.871875 0.17516666666666666 0.25075
3 0.22525 0.660875 0.07783333333333334 0.07225
3 0.18391666666666667 0.60525 0.07616666666666666 0.037
3 0.3125833333333333 0.610625 0.0505 0.03975
3 0.30091666666666667 0.567875 0.035166666666666666 0.02325
3 0.41041666666666665 0.656125 0.0885 0.07425
3 0.45408333333333334 0.615125 0.059166666666666666 0.03925
3 0.4870833333333333 0.583125 0.058833333333333335 0.03175
3 0.5221666666666667 0.552625 0.039 0.02425
