0 0.220625 0.1575091575091575 0.03875 0.14285714285714285
0 0.15 0.16758241758241757 0.0425 0.152014652014652
0 0.34375 0.14194139194139194 0.0275 0.1043956043956044
0 0.39875 0.13736263736263737 0.025 0.09523809523809523
0 0.663125 0.14102564102564102 0.02125 0.07692307692307693
0 0.25625 0.14926739926739926 0.0275 0.1043956043956044
0 0.3125 0.1401098901098901 0.0275 0.09706959706959707
0 0.603125 0.13736263736263737 0.02375 0.09157509157509157
0 0.8175 0.1336996336996337 0.0225 0.08058608058608059
0 0.725 0.13095238095238096 0.0225 0.07875457875457875
0 0.45875 0.13278388278388278 0.0225 0.07875457875457875
0 0.1025 0.1382783882783883 0.0275 0.10073260073260074
4 0.9075 0.10805860805860806 0.0925 0.0695970695970696
4 0.055625 0.14652014652014653 0.10875 0.15384615384615385
