0 0.07083333333333333 0.5586206896551724 0.07833333333333334 0.2620689655172414
0 0.028333333333333332 0.5275862068965518 0.056666666666666664 0.2045977011494253
0 0.13583333333333333 0.5804597701149425 0.10166666666666667 0.3425287356321839
0 0.17166666666666666 0.5298850574712644 0.056666666666666664 0.19080459770114944
0 0.2575 0.5505747126436782 0.08166666666666667 0.2827586206896552
0 0.225 0.48735632183908045 0.04666666666666667 0.16551724137931034
0 0.31166666666666665 0.532183908045977 0.06 0.2
0 0.385 0.5954022988505747 0.1 0.34022988505747126
0 0.44416666666666665 0.5482758620689655 0.085 0.29195402298850576
0 0.45916666666666667 0.5218390804597701 0.065 0.2206896551724138
0 0.35 0.5091954022988506 0.056666666666666664 0.19540229885057472
0 0.4791666666666667 0.49195402298850577 0.055 0.19310344827586207
0 0.5258333333333334 0.46206896551724136 0.051666666666666666 0.17471264367816092
0 0.49583333333333335 0.45057471264367815 0.03166666666666667 0.11494252873563218
0 0.5466666666666666 0.4471264367816092 0.03666666666666667 0.1310344827586207
0 0.6733333333333333 0.6126436781609196 0.14333333333333334 0.4804597701149425
0 0.625 0.5908045977011495 0.10333333333333333 0.34942528735632183
0 0.7658333333333334 0.4954022988505747 0.06833333333333333 0.23218390804597702
0 0.8283333333333334 0.5275862068965518 0.08333333333333333 0.2827586206896552
0 0.905 0.5528735632183908 0.09666666666666666 0.3333333333333333
0 0.9683333333333334 0.4839080459770115 0.06333333333333334 0.22758620689655173
0 0.9475 0.4666666666666667 0.055 0.18850574712643678
0 0.565 0.4298850574712644 0.03 0.10114942528735632
0 0.5583333333333333 0.3632183908045977 0.016666666666666666 0.05517241379310345
0 0.86 0.42758620689655175 0.03333333333333333 0.11954022988505747
2 0.03166666666666667 0.39770114942528734 0.03 0.05057471264367816
2 0.06833333333333333 0.3954022988505747 0.03333333333333333 0.05517241379310345
2 0.09833333333333333 0.39655172413793105 0.03333333333333333 0.05747126436781609
2 0.165 0.3954022988505747 0.04 0.059770114942528735
2 0.2125 0.38850574712643676 0.028333333333333332 0.04597701149425287
2 0.24 0.3873563218390805 0.02666666666666667 0.05747126436781609
2 0.26166666666666666 0.3873563218390805 0.02666666666666667 0.05747126436781609
2 0.32666666666666666 0.41379310344827586 0.043333333333333335 0.0367816091954023
2 0.395 0.4045977011494253 0.02 0.0367816091954023
2 0.41083333333333333 0.40229885057471265 0.018333333333333333 0.041379310344827586
2 0.5058333333333334 0.39425287356321836 0.018333333333333333 0.029885057471264367
2 0.53 0.367816091954023 0.02666666666666667 0.041379310344827586
2 0.5841666666666666 0.40804597701149425 0.025 0.04827586206896552
2 0.6041666666666666 0.4114942528735632 0.028333333333333332 0.059770114942528735
4 0.78 0.35977011494252875 0.4266666666666667 0.10804597701149425
