0 0.26 0.7996108949416343 0.02181818181818182 0.12840466926070038
0 0.37363636363636366 0.8501945525291829 0.05272727272727273 0.2840466926070039
0 0.33090909090909093 0.7976653696498055 0.01818181818181818 0.10116731517509728
0 0.34454545454545454 0.7957198443579766 0.02 0.10505836575875487
0 0.35454545454545455 0.7957198443579766 0.01818181818181818 0.09727626459143969
0 0.9472727272727273 0.8560311284046692 0.05090909090909091 0.26459143968871596
0 0.980909090909091 0.8560311284046692 0.038181818181818185 0.26459143968871596
0 0.8709090909090909 0.8501945525291829 0.04727272727272727 0.2607003891050584
0 0.8490909090909091 0.8501945525291829 0.04727272727272727 0.245136186770428
0 0.7890909090909091 0.8560311284046692 0.04727272727272727 0.2490272373540856
0 0.77 0.867704280155642 0.045454545454545456 0.23346303501945526
0 0.7090909090909091 0.8657587548638133 0.04363636363636364 0.22957198443579765
0 0.7354545454545455 0.8404669260700389 0.04909090909090909 0.26459143968871596
0 0.6663636363636364 0.8540856031128404 0.04181818181818182 0.22957198443579765
0 0.6445454545454545 0.857976653696498 0.045454545454545456 0.23735408560311283
0 0.6172727272727273 0.8560311284046692 0.038181818181818185 0.21011673151750973
0 0.5863636363636363 0.8404669260700389 0.038181818181818185 0.20233463035019456
0 0.5527272727272727 0.8424124513618677 0.03636363636363636 0.19066147859922178
0 0.5318181818181819 0.8365758754863813 0.03090909090909091 0.17120622568093385
0 0.5118181818181818 0.830739299610895 0.03090909090909091 0.15953307392996108
0 0.48545454545454547 0.8268482490272373 0.02909090909090909 0.1517509727626459
0 0.4672727272727273 0.8268482490272373 0.02181818181818182 0.12840466926070038
0 0.4509090909090909 0.8229571984435797 0.025454545454545455 0.14396887159533073
0 0.43363636363636365 0.811284046692607 0.023636363636363636 0.12062256809338522
0 0.4209090909090909 0.811284046692607 0.023636363636363636 0.12062256809338522
0 0.4072727272727273 0.8093385214007782 0.02181818181818182 0.1245136186770428
0 0.39 0.7859922178988327 0.00909090909090909 0.0622568093385214
0 0.57 0.8385214007782101 0.034545454545454546 0.1828793774319066
