0 0.04666666666666667 0.5605633802816902 0.09333333333333334 0.5183098591549296
0 0.13 0.5126760563380282 0.08 0.3323943661971831
0 0.195 0.5591549295774648 0.10333333333333333 0.43661971830985913
0 0.31583333333333335 0.5563380281690141 0.09166666666666666 0.38028169014084506
0 0.4241666666666667 0.5197183098591549 0.09166666666666666 0.38028169014084506
0 0.46416666666666667 0.5887323943661972 0.135 0.5633802816901409
0 0.5725 0.5704225352112676 0.115 0.48169014084507045
0 0.6591666666666667 0.5521126760563381 0.10833333333333334 0.4450704225352113
0 0.7225 0.5549295774647888 0.08833333333333333 0.37183098591549296
0 0.8541666666666666 0.6140845070422535 0.15166666666666667 0.6253521126760564
0 0.9075 0.6056338028169014 0.11833333333333333 0.49577464788732395
0 0.9575 0.5774647887323944 0.085 0.43380281690140843
2 0.3958333333333333 0.5267605633802817 0.028333333333333332 0.07323943661971831
2 0.7983333333333333 0.5647887323943662 0.06 0.10422535211267606
2 0.6275 0.532394366197183 0.041666666666666664 0.10140845070422536
