0 0.06477272727272727 0.5040485829959515 0.09318181818181819 0.41700404858299595
0 0.1534090909090909 0.45951417004048584 0.07954545454545454 0.3441295546558704
0 0.1318181818181818 0.45951417004048584 0.05909090909090909 0.27125506072874495
0 0.08863636363636364 0.46356275303643724 0.031818181818181815 0.1417004048582996
0 0.2636363636363636 0.48380566801619435 0.05 0.22267206477732793
0 0.23636363636363636 0.46153846153846156 0.03636363636363636 0.16194331983805668
0 0.2034090909090909 0.44129554655870445 0.04772727272727273 0.21862348178137653
0 0.1806818181818182 0.4392712550607287 0.038636363636363635 0.1659919028340081
0 0.3477272727272727 0.5020242914979757 0.10454545454545454 0.4534412955465587
0 0.4636363636363636 0.562753036437247 0.07727272727272727 0.340080971659919
0 0.45454545454545453 0.4716599190283401 0.08181818181818182 0.3603238866396761
0 0.39090909090909093 0.5080971659919028 0.05 0.2145748987854251
0 0.39886363636363636 0.42105263157894735 0.05227272727272727 0.22672064777327935
0 0.42727272727272725 0.4574898785425101 0.045454545454545456 0.19433198380566802
0 0.48522727272727273 0.46356275303643724 0.04772727272727273 0.2145748987854251
0 0.5284090909090909 0.562753036437247 0.075 0.340080971659919
0 0.5659090909090909 0.4959514170040486 0.045454545454545456 0.20647773279352227
0 0.6090909090909091 0.4939271255060729 0.1 0.43724696356275305
0 0.675 0.5404858299595142 0.06363636363636363 0.2793522267206478
0 0.6454545454545455 0.4777327935222672 0.045454545454545456 0.20242914979757085
0 0.7045454545454546 0.5141700404858299 0.06818181818181818 0.29959514170040485
0 0.7875 0.49190283400809715 0.06136363636363636 0.2793522267206478
0 0.8306818181818182 0.4676113360323887 0.06136363636363636 0.2793522267206478
0 0.8727272727272727 0.4534412955465587 0.05454545454545454 0.25101214574898784
0 0.9125 0.451417004048583 0.04772727272727273 0.2145748987854251
0 0.7272727272727273 0.4352226720647773 0.05 0.2145748987854251
0 0.2806818181818182 0.45951417004048584 0.038636363636363635 0.17408906882591094
2 0.5511363636363636 0.3643724696356275 0.029545454545454545 0.05668016194331984
2 0.5829545454545455 0.3340080971659919 0.029545454545454545 0.05263157894736842
2 0.6306818181818182 0.340080971659919 0.025 0.048582995951417005
2 0.6590909090909091 0.3319838056680162 0.022727272727272728 0.048582995951417005
2 0.6693181818181818 0.3684210526315789 0.038636363636363635 0.048582995951417005
2 0.6931818181818182 0.3299595141700405 0.04090909090909091 0.05263157894736842
2 0.27045454545454545 0.3562753036437247 0.03636363636363636 0.06477732793522267
