0 0.046 0.32125 0.092 0.2925
0 0.125 0.67625 0.126 0.3925
0 0.22 0.8075 0.06 0.19
0 0.968 0.21125 0.064 0.2725
0 0.458 0.14625 0.048 0.1525
0 0.276 0.43 0.076 0.235
0 0.42 0.455 0.092 0.285
0 0.836 0.4825 0.084 0.255
0 0.905 0.4175 0.066 0.205
0 0.864 0.20625 0.06 0.1825
0 0.932 0.25 0.052 0.165
0 0.42 0.14625 0.052 0.1575
0 0.353 0.42375 0.074 0.2325
0 0.71 0.105 0.068 0.21
2 0.49 0.63125 0.18 0.1075
2 0.602 0.39125 0.06 0.1675
2 0.671 0.415 0.078 0.205
2 0.751 0.41625 0.074 0.2075
2 0.112 0.095 0.088 0.185
2 0.15 0.42 0.104 0.15
2 0.22 0.3725 0.096 0.155
2 0.318 0.28875 0.088 0.0975
2 0.436 0.2875 0.088 0.1
2 0.378 0.025 0.04 0.045
2 0.452 0.8625 0.064 0.08
2 0.527 0.87375 0.062 0.0575
2 0.656 0.87125 0.056 0.0525
2 0.753 0.79375 0.106 0.1325
2 0.864 0.80375 0.084 0.0725
2 0.938 0.76625 0.064 0.0675
2 0.974 0.75 0.04 0.08
2 0.898 0.06625 0.076 0.1275
2 0.835 0.095 0.042 0.075
2 0.759 0.08375 0.046 0.0725
2 0.945 0.0975 0.03 0.06
2 0.168 0.03875 0.032 0.0725
