0 0.08388888888888889 0.37360890302066774 0.16777777777777778 0.6263910969793323
0 0.24888888888888888 0.3696343402225755 0.18444444444444444 0.6470588235294118
0 0.21055555555555555 0.31875993640699524 0.17666666666666667 0.6216216216216216
0 0.2972222222222222 0.4594594594594595 0.11888888888888889 0.4165341812400636
0 0.3522222222222222 0.34340222575516693 0.1622222222222222 0.5691573926868044
0 0.4161111111111111 0.44992050874403816 0.12777777777777777 0.45151033386327505
0 0.4216666666666667 0.3600953895071542 0.15444444444444444 0.5389507154213037
0 0.4855555555555556 0.46025437201907793 0.11555555555555555 0.40222575516693165
0 0.595 0.5842607313195548 0.16333333333333333 0.5739268680445151
0 0.5683333333333334 0.43243243243243246 0.12777777777777777 0.4451510333863275
0 0.6788888888888889 0.43402225755166934 0.12666666666666668 0.4419713831478537
0 0.7761111111111111 0.3322734499205087 0.17888888888888888 0.6263910969793323
0 0.8894444444444445 0.3481717011128776 0.17222222222222222 0.6009538950715422
0 0.9477777777777778 0.3370429252782194 0.10444444444444445 0.6104928457869634
0 0.8616666666666667 0.3203497615262321 0.16111111111111112 0.5675675675675675
2 0.29388888888888887 0.08823529411764706 0.07 0.10333863275039745
2 0.16944444444444445 0.06836248012718601 0.056666666666666664 0.07313195548489666
2 0.13111111111111112 0.11685214626391097 0.05333333333333334 0.05564387917329094
2 0.47555555555555556 0.08267090620031796 0.08888888888888889 0.10492845786963434
2 0.6144444444444445 0.15500794912559618 0.06888888888888889 0.2273449920508744
