0 0.15545454545454546 0.4713114754098361 0.09636363636363636 0.3633879781420765
0 0.22636363636363635 0.48360655737704916 0.11090909090909092 0.41530054644808745
0 0.2818181818181818 0.4644808743169399 0.10909090909090909 0.3989071038251366
0 0.7254545454545455 0.34562841530054644 0.07272727272727272 0.27595628415300544
0 0.7290909090909091 0.29508196721311475 0.02909090909090909 0.1092896174863388
0 0.9009090909090909 0.3046448087431694 0.05272727272727273 0.1994535519125683
0 0.49 0.6311475409836066 0.19818181818181818 0.726775956284153
0 0.6436363636363637 0.5983606557377049 0.2109090909090909 0.7814207650273224
0 0.8681818181818182 0.6598360655737705 0.17636363636363636 0.6530054644808743
0 0.9790909090909091 0.28415300546448086 0.034545454545454546 0.12568306010928962
0 0.9654545454545455 0.30191256830601093 0.01818181818181818 0.07377049180327869
0 0.9318181818181818 0.28688524590163933 0.034545454545454546 0.12568306010928962
0 0.9454545454545454 0.2718579234972678 0.03272727272727273 0.12295081967213115
0 0.8445454545454546 0.2677595628415301 0.03090909090909091 0.11475409836065574
