0 0.0734375 0.66875 0.084375 0.2791666666666667
0 0.16796875 0.7041666666666667 0.0953125 0.31666666666666665
0 0.18046875 0.6635416666666667 0.0765625 0.2520833333333333
0 0.21171875 0.6552083333333333 0.0546875 0.18541666666666667
0 0.25 0.628125 0.065625 0.21875
0 0.2890625 0.6552083333333333 0.065625 0.21875
0 0.321875 0.6791666666666667 0.08125 0.26666666666666666
0 0.35390625 0.6197916666666666 0.0671875 0.22291666666666668
0 0.4296875 0.6197916666666666 0.0625 0.20208333333333334
0 0.51640625 0.6520833333333333 0.0640625 0.20833333333333334
0 0.61015625 0.609375 0.0484375 0.16041666666666668
0 0.71875 0.60625 0.034375 0.11666666666666667
1 0.8671875 0.728125 0.084375 0.27291666666666664
2 0.95078125 0.675 0.0609375 0.1
2 0.190625 0.5479166666666667 0.028125 0.06666666666666667
