0 0.053636363636363635 0.46311475409836067 0.056363636363636366 0.2103825136612022
0 0.028181818181818183 0.1598360655737705 0.04181818181818182 0.1557377049180328
0 0.10727272727272727 0.07923497267759563 0.03636363636363636 0.1366120218579235
0 0.3145454545454546 0.1953551912568306 0.04363636363636364 0.16120218579234974
0 0.23454545454545456 0.29508196721311475 0.04 0.14754098360655737
0 0.22 0.46311475409836067 0.05454545454545454 0.20491803278688525
0 0.27090909090909093 0.45901639344262296 0.05818181818181818 0.2185792349726776
0 0.3109090909090909 0.4603825136612022 0.05818181818181818 0.21584699453551912
0 0.34545454545454546 0.44808743169398907 0.05090909090909091 0.19672131147540983
0 0.35545454545454547 0.569672131147541 0.06 0.22131147540983606
0 0.4627272727272727 0.5655737704918032 0.05272727272727273 0.20218579234972678
0 0.6045454545454545 0.5778688524590164 0.06363636363636363 0.24316939890710382
0 0.6945454545454546 0.5642076502732241 0.05818181818181818 0.22131147540983606
0 0.8527272727272728 0.5437158469945356 0.05454545454545454 0.20765027322404372
0 0.9781818181818182 0.5300546448087432 0.04363636363636364 0.20765027322404372
0 0.5618181818181818 0.34562841530054644 0.04 0.1448087431693989
0 0.5490909090909091 0.30601092896174864 0.04727272727272727 0.17486338797814208
0 0.38272727272727275 0.45491803278688525 0.05272727272727273 0.1994535519125683
0 0.4109090909090909 0.4562841530054645 0.05090909090909091 0.1912568306010929
0 0.7045454545454546 0.4385245901639344 0.056363636363636366 0.20491803278688525
0 0.7372727272727273 0.4262295081967213 0.05272727272727273 0.19672131147540983
0 0.7809090909090909 0.4453551912568306 0.04909090909090909 0.18579234972677597
0 0.8290909090909091 0.44398907103825136 0.05818181818181818 0.21584699453551912
0 0.8881818181818182 0.4822404371584699 0.056363636363636366 0.20491803278688525
0 0.9636363636363636 0.412568306010929 0.05454545454545454 0.20218579234972678
0 0.9445454545454546 0.34972677595628415 0.045454545454545456 0.17486338797814208
0 0.9063636363636364 0.33469945355191255 0.045454545454545456 0.1721311475409836
0 0.8772727272727273 0.3251366120218579 0.045454545454545456 0.17486338797814208
0 0.8063636363636364 0.3360655737704918 0.04909090909090909 0.18032786885245902
0 0.7863636363636364 0.3292349726775956 0.045454545454545456 0.1721311475409836
0 0.6654545454545454 0.32103825136612024 0.04727272727272727 0.1721311475409836
0 0.61 0.3251366120218579 0.05272727272727273 0.1912568306010929
0 0.6472727272727272 0.40437158469945356 0.05818181818181818 0.21311475409836064
0 0.5754545454545454 0.17076502732240437 0.045454545454545456 0.16666666666666666
0 0.6527272727272727 0.1284153005464481 0.04363636363636364 0.16393442622950818
0 0.6272727272727273 0.08743169398907104 0.04363636363636364 0.15846994535519127
0 0.7509090909090909 0.17349726775956284 0.04363636363636364 0.16666666666666666
0 0.8418181818181818 0.13114754098360656 0.04 0.15300546448087432
0 0.9281818181818182 0.1721311475409836 0.04909090909090909 0.18579234972677597
0 0.8263636363636364 0.09153005464480875 0.04181818181818182 0.16120218579234974
0 0.2718181818181818 0.0942622950819672 0.038181818181818185 0.1448087431693989
0 0.30272727272727273 0.13387978142076504 0.045454545454545456 0.16393442622950818
2 0.023636363636363636 0.6598360655737705 0.04363636363636364 0.17759562841530055
2 0.15181818181818182 0.7595628415300546 0.045454545454545456 0.15300546448087432
2 0.24909090909090909 0.8852459016393442 0.05818181818181818 0.19672131147540983
2 0.5309090909090909 0.8825136612021858 0.06909090909090909 0.17486338797814208
2 0.68 0.7814207650273224 0.05818181818181818 0.15300546448087432
2 0.9272727272727272 0.8989071038251366 0.05090909090909091 0.17486338797814208
2 0.9745454545454545 0.7855191256830601 0.04363636363636364 0.1830601092896175
2 0.83 0.7131147540983607 0.05272727272727273 0.16939890710382513
2 0.4818181818181818 0.7172131147540983 0.04363636363636364 0.1557377049180328
2 0.3836363636363636 0.7718579234972678 0.06181818181818182 0.1721311475409836
2 0.30727272727272725 0.7226775956284153 0.05454545454545454 0.1721311475409836
2 0.46636363636363637 0.4644808743169399 0.034545454545454546 0.17486338797814208
2 0.509090909090909 0.4685792349726776 0.02909090909090909 0.16666666666666666
2 0.5545454545454546 0.47404371584699456 0.03636363636363636 0.11748633879781421
