0 0.9592978395061729 0.6893807870370371 0.048996913580246916 0.1791087962962963
0 0.9293016975308642 0.6833043981481481 0.04456018518518518 0.1634837962962963
0 0.9033564814814815 0.6953125 0.04938271604938271 0.18113425925925927
0 0.8697916666666666 0.6817129629629629 0.047453703703703706 0.1736111111111111
0 0.8503086419753086 0.6899594907407407 0.050540123456790126 0.18489583333333334
0 0.8128858024691358 0.6932870370370371 0.04822530864197531 0.17650462962962962
0 0.8255208333333334 0.6791087962962963 0.044945987654320986 0.16435185185185186
0 0.8738425925925926 0.6572627314814815 0.04359567901234568 0.1605902777777778
0 0.9192708333333334 0.6145833333333334 0.032214506172839504 0.11805555555555555
0 0.7826003086419753 0.6857638888888888 0.045910493827160496 0.16898148148148148
0 0.7688078703703703 0.6953125 0.05150462962962963 0.1892361111111111
0 0.7415123456790124 0.6844618055555556 0.04976851851851852 0.1831597222222222
0 0.7238618827160493 0.6973379629629629 0.05227623456790124 0.19212962962962962
0 0.6966628086419753 0.6827256944444444 0.050347222222222224 0.18489583333333334
0 0.6736111111111112 0.7000868055555556 0.05324074074074074 0.1947337962962963
0 0.6506558641975309 0.6873553240740741 0.047839506172839504 0.17505787037037038
0 0.6249035493827161 0.7008101851851852 0.051890432098765434 0.19039351851851852
0 0.5994405864197531 0.6864872685185185 0.049575617283950615 0.1814236111111111
0 0.5752314814814815 0.6996527777777778 0.05401234567901234 0.19849537037037038
0 0.5544945987654321 0.6880787037037037 0.048804012345679014 0.17881944444444445
0 0.5262345679012346 0.6986400462962963 0.055169753086419755 0.20225694444444445
0 0.5127314814814815 0.6869212962962963 0.04861111111111111 0.17824074074074073
0 0.4992283950617284 0.6744791666666666 0.0466820987654321 0.1707175925925926
0 0.4732831790123457 0.7039930555555556 0.05381944444444445 0.19675925925925927
0 0.4227430555555556 0.70703125 0.05227623456790124 0.1918402777777778
0 0.46296296296296297 0.6890914351851852 0.05131172839506173 0.18778935185185186
0 0.37471064814814814 0.7064525462962963 0.05304783950617284 0.1947337962962963
0 0.32648533950617287 0.7168692129629629 0.051890432098765434 0.19068287037037038
0 0.2785493827160494 0.7158564814814815 0.05131172839506173 0.1880787037037037
0 0.22935956790123457 0.7126736111111112 0.05401234567901234 0.19791666666666666
0 0.18132716049382716 0.7126736111111112 0.05401234567901234 0.19849537037037038
0 0.1419753086419753 0.6971932870370371 0.05169753086419753 0.18894675925925927
0 0.1253858024691358 0.7149884259259259 0.05555555555555555 0.2042824074074074
0 0.09249614197530864 0.7048611111111112 0.051118827160493825 0.1875
2 0.8823302469135802 0.5923032407407407 0.010416666666666666 0.017361111111111112
2 0.8533950617283951 0.5894097222222222 0.018132716049382717 0.034722222222222224
2 0.8134645061728395 0.5700231481481481 0.020061728395061727 0.028356481481481483
2 0.8017939814814815 0.59765625 0.014853395061728395 0.02459490740740741
2 0.7936921296296297 0.5850694444444444 0.014467592592592593 0.019097222222222224
2 0.7749807098765432 0.5856481481481481 0.016396604938271605 0.020833333333333332
2 0.7600308641975309 0.5983796296296297 0.016975308641975308 0.017939814814814815
2 0.11574074074074074 0.6022858796296297 0.015817901234567902 0.020543981481481483
2 0.10088734567901235 0.6209490740740741 0.013117283950617283 0.031828703703703706
2 0.15895061728395063 0.6063368055555556 0.013888888888888888 0.03269675925925926
4 0.09133873456790123 0.6002604166666666 0.04070216049382716 0.030960648148148147
4 0.20775462962962962 0.6005497685185185 0.18557098765432098 0.033275462962962965
4 0.22984182098765432 0.5759548611111112 0.1556712962962963 0.04832175925925926
4 0.5543016975308642 0.5675636574074074 0.4947916666666667 0.033854166666666664
