0 0.9108108108108108 0.6957403651115619 0.1 0.37322515212981744
0 0.7614864864864865 0.6967545638945233 0.10405405405405406 0.3793103448275862
0 0.5716216216216217 0.6734279918864098 0.11351351351351352 0.4178498985801217
0 0.4648648648648649 0.6815415821501014 0.11081081081081082 0.4056795131845842
0 0.20405405405405405 0.6876267748478702 0.0945945945945946 0.3448275862068966
0 0.17229729729729729 0.6866125760649088 0.08513513513513514 0.3103448275862069
0 0.14324324324324325 0.6896551724137931 0.07837837837837838 0.2880324543610548
0 0.11621621621621622 0.7058823529411765 0.06486486486486487 0.2434077079107505
0 0.07094594594594594 0.7058823529411765 0.060810810810810814 0.22718052738336714
0 0.6040540540540541 0.7058823529411765 0.07837837837837838 0.2920892494929006
0 0.6790540540540541 0.6967545638945233 0.07972972972972973 0.29411764705882354
0 0.9736486486486486 0.7028397565922921 0.052702702702702706 0.34685598377281945
2 0.3878378378378378 0.7494929006085193 0.0945945945945946 0.3265720081135903
2 0.34662162162162163 0.6135902636916836 0.07432432432432433 0.11561866125760649
2 0.33513513513513515 0.5446247464503042 0.10270270270270271 0.11156186612576065
2 0.020945945945945947 0.7332657200811359 0.041891891891891894 0.17647058823529413
2 0.4209459459459459 0.5720081135902637 0.03918918918918919 0.0486815415821501
