0 0.05 0.6831831831831832 0.1 0.6156156156156156
0 0.146 0.6501501501501501 0.124 0.4594594594594595
0 0.226 0.6516516516516516 0.12 0.4444444444444444
0 0.299 0.6096096096096096 0.102 0.37237237237237236
0 0.338 0.6381381381381381 0.116 0.42342342342342343
0 0.385 0.6201201201201201 0.094 0.35135135135135137
0 0.443 0.6516516516516516 0.11 0.4144144144144144
0 0.466 0.6126126126126126 0.092 0.34234234234234234
0 0.535 0.6531531531531531 0.11 0.4114114114114114
0 0.62 0.6486486486486487 0.112 0.4084084084084084
0 0.702 0.6426426426426426 0.1 0.37237237237237236
0 0.779 0.6456456456456456 0.098 0.36036036036036034
0 0.746 0.6096096096096096 0.076 0.2822822822822823
0 0.692 0.6021021021021021 0.092 0.34534534534534533
0 0.816 0.6066066066066066 0.092 0.33633633633633636
0 0.946 0.6051051051051051 0.076 0.27927927927927926
0 0.848 0.6351351351351351 0.096 0.35735735735735735
0 0.905 0.6261261261261262 0.086 0.3153153153153153
2 0.558 0.521021021021021 0.068 0.1831831831831832
2 0.176 0.4804804804804805 0.052 0.13813813813813813
4 0.477 0.45645645645645644 0.25 0.12612612612612611
