0 0.17825 0.8482008995502249 0.0805 0.29610194902548725
0 0.225 0.8478260869565217 0.082 0.30134932533733133
0 0.27325 0.8455772113943029 0.0825 0.30434782608695654
0 0.32425 0.8493253373313343 0.0805 0.29535232383808097
0 0.3695 0.8444527736131934 0.085 0.3110944527736132
0 0.41025 0.8564467766116941 0.0765 0.2826086956521739
0 0.454 0.841079460269865 0.082 0.29985007496251875
0 0.50025 0.8508245877061469 0.0805 0.29535232383808097
0 0.5445 0.8429535232383808 0.084 0.308095952023988
0 0.595 0.8478260869565217 0.082 0.29985007496251875
0 0.647 0.8470764617691154 0.082 0.30134932533733133
0 0.68475 0.845952023988006 0.0815 0.29910044977511246
0 0.7335 0.8467016491754122 0.082 0.3020989505247376
0 0.78075 0.848575712143928 0.0805 0.29685157421289354
0 0.8215 0.8526986506746627 0.08 0.29310344827586204
2 0.1855 0.6705397301349325 0.03 0.04572713643178411
2 0.222 0.676911544227886 0.026 0.049475262368815595
2 0.29425 0.6832833583208395 0.0265 0.060719640179910044
2 0.321 0.6784107946026986 0.029 0.049475262368815595
2 0.35425 0.6727886056971514 0.0285 0.05172413793103448
2 0.40175 0.6832833583208395 0.0265 0.04422788605697151
2 0.41025 0.6637931034482759 0.0245 0.05172413793103448
2 0.45325 0.6787856071964018 0.0265 0.0472263868065967
2 0.48225 0.6712893553223388 0.0285 0.060719640179910044
2 0.514 0.6859070464767616 0.035 0.08095952023988005
2 0.556 0.6667916041979011 0.041 0.06971514242878561
2 0.5795 0.6814092953523239 0.03 0.047976011994003
2 0.637 0.6806596701649176 0.03 0.041979010494752625
2 0.6865 0.6679160419790104 0.027 0.053973013493253376
2 0.708 0.6990254872563718 0.032 0.06521739130434782
2 0.75275 0.699400299850075 0.0355 0.07946026986506746
2 0.7905 0.7053973013493253 0.033 0.06746626686656672
