0 0.1525 0.5281954887218046 0.18 0.6578947368421053
0 0.265 0.5263157894736842 0.17 0.6240601503759399
0 0.35625 0.5150375939849624 0.1975 0.7368421052631579
0 0.47125 0.5394736842105263 0.1775 0.6654135338345865
0 0.55625 0.5451127819548872 0.1675 0.6240601503759399
0 0.63375 0.5469924812030075 0.1625 0.6052631578947368
0 0.71375 0.5639097744360902 0.1525 0.5639097744360902
0 0.785 0.5507518796992481 0.135 0.5075187969924813
0 0.82375 0.5883458646616542 0.1325 0.4924812030075188
0 0.87 0.5733082706766918 0.125 0.462406015037594
0 0.90625 0.5977443609022557 0.1175 0.42857142857142855
