0 0.09444444444444444 0.6175675675675676 0.18444444444444444 0.5540540540540541
0 0.5811111111111111 0.668918918918919 0.18 0.5378378378378378
0 0.8077777777777778 0.6608108108108108 0.14888888888888888 0.44054054054054054
0 0.93 0.6891891891891891 0.14 0.4972972972972973
0 0.43 0.6621621621621622 0.1622222222222222 0.4864864864864865
0 0.3655555555555556 0.6459459459459459 0.15333333333333332 0.4648648648648649
0 0.31333333333333335 0.5918918918918918 0.13777777777777778 0.41621621621621624
0 0.2088888888888889 0.5445945945945946 0.08444444444444445 0.25135135135135134
0 0.25222222222222224 0.5202702702702703 0.07333333333333333 0.21891891891891893
0 0.2811111111111111 0.5108108108108108 0.07333333333333333 0.22162162162162163
0 0.4911111111111111 0.6256756756756757 0.13777777777777778 0.4081081081081081
0 0.6933333333333334 0.6297297297297297 0.1288888888888889 0.3891891891891892
0 0.7422222222222222 0.6108108108108108 0.11555555555555555 0.34054054054054056
0 0.8811111111111111 0.5851351351351352 0.08666666666666667 0.25675675675675674
0 0.17444444444444446 0.4756756756756757 0.06444444444444444 0.1891891891891892
4 0.042222222222222223 0.34594594594594597 0.08 0.08108108108108109
4 0.18666666666666668 0.35945945945945945 0.09777777777777778 0.06486486486486487
4 0.40444444444444444 0.42567567567567566 0.03111111111111111 0.04594594594594595
4 0.8555555555555555 0.4743243243243243 0.04888888888888889 0.05675675675675676
