0 0.043510324483775814 0.38767395626242546 0.08112094395280237 0.27435387673956263
0 0.025073746312684365 0.3687872763419483 0.05014749262536873 0.27634194831013914
0 0.07079646017699115 0.3797216699801193 0.09144542772861357 0.30218687872763417
0 0.09660766961651918 0.3866799204771372 0.09292035398230089 0.30417495029821073
0 0.13495575221238937 0.3856858846918489 0.08702064896755163 0.28628230616302186
0 0.18067846607669616 0.39065606361829025 0.09292035398230089 0.30417495029821073
0 0.21755162241887904 0.3827037773359841 0.10176991150442478 0.3359840954274354
0 0.27876106194690264 0.40059642147117297 0.0943952802359882 0.3121272365805169
0 0.33480825958702065 0.3976143141153082 0.10029498525073746 0.33399602385685884
0 0.36430678466076694 0.3856858846918489 0.10914454277286136 0.35785288270377735
0 0.4004424778761062 0.40357852882703776 0.10176991150442478 0.341948310139165
0 0.4830383480825959 0.3966202783300199 0.10766961651917405 0.35984095427435386
0 0.4284660766961652 0.3956262425447316 0.10176991150442478 0.33399602385685884
0 0.7020648967551623 0.4284294234592445 0.12979351032448377 0.43141153081510936
0 0.8178466076696165 0.42147117296222664 0.13421828908554573 0.441351888667992
0 0.9269911504424779 0.4165009940357853 0.13421828908554573 0.4433399602385686
0 0.9019174041297935 0.4274353876739563 0.11946902654867257 0.3976143141153082
0 0.7846607669616519 0.4224652087475149 0.12094395280235988 0.3996023856858847
0 0.6305309734513275 0.4135188866799205 0.11356932153392331 0.37773359840954274
2 0.4166666666666667 0.742544731610338 0.5707964601769911 0.30019880715705766
2 0.5287610619469026 0.5854870775347912 0.252212389380531 0.5149105367793241
2 0.022861356932153392 0.40159045725646125 0.045722713864306784 0.2664015904572565
2 0.308259587020649 0.26938369781312127 0.029498525073746312 0.05765407554671968
2 0.3532448377581121 0.27335984095427435 0.03392330383480826 0.0536779324055666
2 0.5353982300884956 0.2962226640159046 0.07964601769911504 0.13518886679920478
2 0.5663716814159292 0.25347912524850896 0.04129793510324484 0.08946322067594434
2 0.6032448377581121 0.4105367793240557 0.05309734513274336 0.3757455268389662
2 0.6703539823008849 0.268389662027833 0.03982300884955752 0.09542743538767395
2 0.7138643067846607 0.24055666003976142 0.05604719764011799 0.11928429423459244
