0 0.04890829694323144 0.5471821756225426 0.062882096069869 0.23197903014416776
0 0.0851528384279476 0.5262123197903015 0.05502183406113537 0.20576671035386632
0 0.02576419213973799 0.5655307994757536 0.05152838427947598 0.20838794233289645
0 0.17248908296943233 0.6625163826998689 0.137117903930131 0.5019659239842726
0 0.2427947598253275 0.6218872870249017 0.14847161572052403 0.546526867627785
0 0.3131004366812227 0.6336828309305373 0.14585152838427948 0.5386631716906947
0 0.37860262008733625 0.6402359108781127 0.13537117903930132 0.49934469200524245
0 0.38995633187772927 0.591743119266055 0.137117903930131 0.5045871559633027
0 0.4585152838427948 0.5996068152031455 0.15021834061135372 0.5517693315858454
0 0.5109170305676856 0.5930537352555701 0.14323144104803492 0.5255570117955439
0 0.5685589519650655 0.5871559633027523 0.1554585152838428 0.5688073394495413
0 0.6480349344978166 0.601572739187418 0.14847161572052403 0.5425950196592398
0 0.7305676855895197 0.6166448230668414 0.15458515283842794 0.5674967234600262
0 0.8109170305676856 0.6382699868938401 0.14585152838427948 0.5347313237221494
0 0.8934497816593886 0.6264744429882044 0.15021834061135372 0.5504587155963303
2 0.485589519650655 0.32437745740498036 0.0611353711790393 0.09043250327653997
2 0.6091703056768559 0.34338138925294887 0.05327510917030567 0.10484927916120576
2 0.6973799126637554 0.35517693315858456 0.04279475982532751 0.0891218872870249
2 0.7703056768558952 0.3944954128440367 0.03668122270742358 0.08387942332896461
2 0.8292576419213974 0.39711664482306686 0.05152838427947598 0.08387942332896461
2 0.13449781659388646 0.45740498034076016 0.04192139737991266 0.047182175622542594
