0 0.07647058823529412 0.6396895787139689 0.058823529411764705 0.21507760532150777
0 0.29705882352941176 0.647450110864745 0.05588235294117647 0.2039911308203991
0 0.39705882352941174 0.6208425720620843 0.05588235294117647 0.2039911308203991
0 0.47352941176470587 0.6618625277161863 0.07352941176470588 0.2727272727272727
0 0.5455882352941176 0.6008869179600886 0.05 0.19068736141906872
0 0.6801470588235294 0.606430155210643 0.054411764705882354 0.20620842572062084
0 0.7588235294117647 0.6297117516629712 0.11176470588235295 0.41685144124168516
0 0.8455882352941176 0.6263858093126385 0.06470588235294118 0.24168514412416853
0 0.9823529411764705 0.5864745011086474 0.03529411764705882 0.1973392461197339
0 0.03529411764705882 0.5720620842572062 0.023529411764705882 0.09312638580931264
0 0.19117647058823528 0.5576496674057649 0.01764705882352941 0.07317073170731707
0 0.23308823529411765 0.5476718403547672 0.022058823529411766 0.07982261640798226
0 0.8904411764705882 0.5121951219512195 0.022058823529411766 0.08869179600886919
0 0.8764705882352941 0.5066518847006651 0.026470588235294117 0.09534368070953436
0 0.061764705882352944 0.573170731707317 0.026470588235294117 0.09977827050997783
4 0.10514705882352941 0.5399113082039911 0.1338235294117647 0.07317073170731707
4 0.23529411764705882 0.5210643015521065 0.13823529411764707 0.057649667405764965
4 0.36764705882352944 0.5011086474501109 0.09117647058823529 0.057649667405764965
4 0.6073529411764705 0.49445676274944567 0.10588235294117647 0.04878048780487805
4 0.6992647058823529 0.49445676274944567 0.07205882352941176 0.06208425720620843
4 0.8441176470588235 0.48558758314855877 0.12941176470588237 0.07538802660753881
