0 0.138 0.7762762762762763 0.116 0.4294294294294294
0 0.393 0.7237237237237237 0.118 0.43243243243243246
0 0.641 0.6501501501501501 0.07 0.2672672672672673
0 0.78 0.6306306306306306 0.076 0.2822822822822823
0 0.726 0.6156156156156156 0.064 0.23423423423423423
0 0.833 0.6006006006006006 0.066 0.24024024024024024
0 0.882 0.5840840840840841 0.064 0.24324324324324326
0 0.967 0.5840840840840841 0.066 0.2732732732732733
0 0.912 0.5795795795795796 0.06 0.2222222222222222
2 0.944 0.46096096096096095 0.028 0.05105105105105105
4 0.045 0.34984984984984985 0.086 0.13513513513513514
4 0.207 0.2822822822822823 0.35 0.11411411411411411
4 0.25 0.43093093093093093 0.308 0.17117117117117117
4 0.442 0.487987987987988 0.056 0.057057057057057055
4 0.606 0.34234234234234234 0.1 0.06606606606606606
4 0.658 0.4159159159159159 0.172 0.057057057057057055
4 0.761 0.33783783783783783 0.206 0.06306306306306306
4 0.83 0.4114114114114114 0.16 0.06006006006006006
4 0.93 0.34234234234234234 0.128 0.06606606606606606
4 0.954 0.4159159159159159 0.084 0.06306306306306306
