0 0.9333333333333333 0.5358056265984654 0.12 0.45268542199488493
0 0.8583333333333333 0.5383631713554987 0.11333333333333333 0.4322250639386189
0 0.78 0.5242966751918159 0.11333333333333333 0.4296675191815857
0 0.7425 0.5319693094629157 0.10833333333333334 0.4143222506393862
0 0.6908333333333333 0.5294117647058824 0.115 0.4296675191815857
0 0.6083333333333333 0.5396419437340153 0.10666666666666667 0.4040920716112532
0 0.4691666666666667 0.5179028132992327 0.11166666666666666 0.4219948849104859
0 0.2575 0.5 0.09833333333333333 0.37084398976982097
0 0.18833333333333332 0.5179028132992327 0.1 0.37595907928388744
0 0.16 0.520460358056266 0.08666666666666667 0.3248081841432225
0 0.1175 0.520460358056266 0.08166666666666667 0.3145780051150895
0 0.06416666666666666 0.5051150895140665 0.07833333333333334 0.29923273657289
2 0.0275 0.5907928388746803 0.041666666666666664 0.20460358056265984
2 0.058333333333333334 0.659846547314578 0.04666666666666667 0.2557544757033248
2 0.13083333333333333 0.6675191815856778 0.055 0.2864450127877238
2 0.1975 0.6061381074168798 0.06166666666666667 0.18414322250639387
2 0.23416666666666666 0.6649616368286445 0.055 0.34271099744245526
2 0.31416666666666665 0.6739130434782609 0.07166666666666667 0.29411764705882354
2 0.39416666666666667 0.6879795396419437 0.07833333333333334 0.3734015345268542
2 0.3525 0.5115089514066496 0.051666666666666666 0.08695652173913043
2 0.5716666666666667 0.59846547314578 0.09 0.35294117647058826
2 0.6441666666666667 0.6253196930946292 0.085 0.25831202046035806
2 0.8341666666666666 0.38491048593350385 0.04833333333333333 0.14066496163682865
