0 0.08833333333333333 0.628668171557562 0.08666666666666667 0.2866817155756208
0 0.22916666666666666 0.6139954853273137 0.051666666666666666 0.17607223476297967
0 0.49083333333333334 0.59255079006772 0.065 0.21896162528216703
0 0.5266666666666666 0.5891647855530474 0.07666666666666666 0.2528216704288939
0 0.7633333333333333 0.5767494356659142 0.07 0.2325056433408578
0 0.7808333333333334 0.5744920993227991 0.065 0.2144469525959368
0 0.8341666666666666 0.5699774266365688 0.06833333333333333 0.2325056433408578
0 0.8591666666666666 0.5688487584650113 0.065 0.22121896162528218
0 0.9141666666666667 0.5643340857787811 0.065 0.22121896162528218
0 0.9716666666666667 0.5632054176072234 0.056666666666666664 0.2234762979683973
0 0.405 0.5857787810383747 0.02 0.0744920993227991
0 0.43416666666666665 0.582392776523702 0.018333333333333333 0.06772009029345373
2 0.5625 0.22460496613995484 0.2916666666666667 0.35891647855530473
4 0.035 0.5835214446952596 0.06666666666666667 0.05191873589164785
4 0.1575 0.5756207674943566 0.10833333333333334 0.045146726862302484
4 0.35333333333333333 0.5609480812641083 0.22 0.04740406320541761
4 0.6491666666666667 0.5564334085778782 0.17833333333333334 0.04288939051918736
