0 0.20661764705882352 0.6592105263157895 0.09264705882352942 0.4131578947368421
0 0.3316176470588235 0.6618421052631579 0.08970588235294118 0.3973684210526316
0 0.40588235294117647 0.6802631578947368 0.09411764705882353 0.4131578947368421
0 0.4889705882352941 0.6855263157894737 0.09558823529411764 0.41842105263157897
0 0.5536764705882353 0.6907894736842105 0.08676470588235294 0.3868421052631579
0 0.6169117647058824 0.6868421052631579 0.09558823529411764 0.41578947368421054
0 0.6441176470588236 0.6868421052631579 0.08235294117647059 0.35789473684210527
0 0.6897058823529412 0.6947368421052632 0.08823529411764706 0.39473684210526316
0 0.7588235294117647 0.6815789473684211 0.07352941176470588 0.32105263157894737
0 0.888235294117647 0.656578947368421 0.07941176470588235 0.35526315789473684
2 0.825 0.7171052631578947 0.11764705882352941 0.19210526315789472
2 0.9647058823529412 0.6710526315789473 0.06470588235294118 0.23157894736842105
2 0.36764705882352944 0.5210526315789473 0.047058823529411764 0.07894736842105263
2 0.5080882352941176 0.5052631578947369 0.04264705882352941 0.1
2 0.7360294117647059 0.5460526315789473 0.039705882352941174 0.09210526315789473
2 0.8161764705882353 0.5118421052631579 0.08235294117647059 0.14473684210526316
4 0.5198529411764706 0.8736842105263158 0.9308823529411765 0.21052631578947367
