0 0.01796875 0.71875 0.0359375 0.13333333333333333
0 0.084375 0.7145833333333333 0.034375 0.1125
0 0.13203125 0.7375 0.0515625 0.17083333333333334
0 0.24765625 0.7520833333333333 0.0515625 0.16666666666666666
0 0.26953125 0.775 0.0359375 0.11666666666666667
0 0.2921875 0.71875 0.04375 0.15
0 0.33828125 0.7416666666666667 0.0546875 0.17916666666666667
0 0.3671875 0.7145833333333333 0.04375 0.14166666666666666
0 0.41796875 0.725 0.0515625 0.17083333333333334
0 0.48515625 0.7645833333333333 0.0796875 0.25833333333333336
0 0.5296875 0.734375 0.046875 0.15208333333333332
0 0.5734375 0.7395833333333334 0.05625 0.1875
0 0.6078125 0.7177083333333333 0.053125 0.17708333333333334
0 0.69453125 0.69375 0.0390625 0.12916666666666668
0 0.63984375 0.6958333333333333 0.0359375 0.11666666666666667
0 0.75 0.7520833333333333 0.071875 0.23333333333333334
0 0.79609375 0.7302083333333333 0.0703125 0.23125
0 0.82109375 0.7125 0.0421875 0.1375
0 0.875 0.6958333333333333 0.0375 0.125
0 0.90078125 0.7135416666666666 0.0265625 0.08958333333333333
0 0.76796875 0.5614583333333333 0.0203125 0.06875
0 0.75078125 0.5947916666666667 0.0203125 0.07291666666666667
0 0.71796875 0.603125 0.0203125 0.07291666666666667
0 0.6578125 0.6354166666666666 0.021875 0.07916666666666666
0 0.6921875 0.5645833333333333 0.021875 0.07916666666666666
0 0.68125 0.5666666666666667 0.0125 0.04583333333333333
0 0.55078125 0.5572916666666666 0.0203125 0.06458333333333334
0 0.48359375 0.56875 0.0203125 0.07083333333333333
0 0.31953125 0.58125 0.0140625 0.05
0 0.2078125 0.6197916666666666 0.01875 0.06458333333333334
0 0.1921875 0.6208333333333333 0.021875 0.075
0 0.21953125 0.5760416666666667 0.0140625 0.04791666666666667
0 0.228125 0.5770833333333333 0.0125 0.041666666666666664
0 0.2390625 0.5895833333333333 0.015625 0.058333333333333334
0 0.25625 0.56875 0.015625 0.058333333333333334
0 0.25859375 0.6208333333333333 0.0234375 0.075
0 0.38984375 0.6166666666666667 0.0203125 0.06666666666666667
2 0.971875 0.7427083333333333 0.0375 0.18958333333333333
2 0.80078125 0.5302083333333333 0.0390625 0.052083333333333336
2 0.80078125 0.578125 0.0296875 0.06041666666666667
2 0.83046875 0.5729166666666666 0.0328125 0.05
2 0.7359375 0.546875 0.03125 0.04791666666666667
2 0.71171875 0.5395833333333333 0.0265625 0.04583333333333333
