0 0.020833333333333332 0.3391959798994975 0.03166666666666667 0.12060301507537688
0 0.030833333333333334 0.3241206030150754 0.025 0.09045226130653267
0 0.0525 0.33291457286432163 0.035 0.12814070351758794
0 0.08166666666666667 0.36055276381909546 0.05 0.18341708542713567
0 0.14083333333333334 0.39195979899497485 0.055 0.21105527638190955
0 0.22166666666666668 0.4120603015075377 0.07 0.2562814070351759
0 0.16666666666666666 0.3442211055276382 0.04 0.1457286432160804
0 0.3075 0.4183417085427136 0.09166666666666666 0.3391959798994975
0 0.6383333333333333 0.5590452261306532 0.17333333333333334 0.635678391959799
0 0.8291666666666667 0.36683417085427134 0.035 0.135678391959799
0 0.9183333333333333 0.35050251256281406 0.023333333333333334 0.09296482412060302
0 0.9316666666666666 0.3492462311557789 0.023333333333333334 0.09547738693467336
0 0.9625 0.34673366834170855 0.028333333333333332 0.10552763819095477
0 0.9741666666666666 0.35175879396984927 0.025 0.09045226130653267
0 0.9908333333333333 0.3442211055276382 0.018333333333333333 0.09547738693467336
0 0.7683333333333333 0.35050251256281406 0.023333333333333334 0.09296482412060302
0 0.5633333333333334 0.35678391959798994 0.03333333333333333 0.12060301507537688
0 0.5891666666666666 0.34673366834170855 0.025 0.10050251256281408
0 0.5308333333333334 0.3391959798994975 0.025 0.10050251256281408
0 0.8016666666666666 0.33668341708542715 0.016666666666666666 0.07035175879396985
0 0.5466666666666666 0.3479899497487437 0.02 0.0829145728643216
0 0.8508333333333333 0.33668341708542715 0.018333333333333333 0.06532663316582915
2 0.7983333333333333 0.4158291457286432 0.03 0.10804020100502512
2 0.8708333333333333 0.33542713567839194 0.018333333333333333 0.052763819095477386
2 0.8933333333333333 0.32160804020100503 0.03 0.06532663316582915
2 0.6083333333333333 0.30025125628140703 0.03 0.032663316582914576
4 0.4166666666666667 0.31155778894472363 0.19333333333333333 0.07537688442211055
