0 0.4927536231884058 0.565359477124183 0.20869565217391303 0.7690631808278867
0 0.21956521739130436 0.48257080610021785 0.059420289855072465 0.22440087145969498
0 0.3565217391304348 0.46949891067538124 0.057971014492753624 0.21568627450980393
0 0.8152173913043478 0.3888888888888889 0.042028985507246375 0.15468409586056645
0 0.9847826086956522 0.4128540305010893 0.030434782608695653 0.1503267973856209
0 0.9557971014492753 0.4226579520697168 0.036231884057971016 0.13071895424836602
0 0.9195652173913044 0.41612200435729846 0.036231884057971016 0.13071895424836602
0 0.9094202898550725 0.44989106753812635 0.015942028985507246 0.06318082788671024
0 0.8876811594202898 0.4215686274509804 0.036231884057971016 0.13725490196078433
0 0.8644927536231884 0.4215686274509804 0.030434782608695653 0.11982570806100218
0 0.7746376811594203 0.4324618736383442 0.02753623188405797 0.10675381263616558
0 0.7847826086956522 0.41612200435729846 0.02753623188405797 0.10021786492374728
0 0.7528985507246376 0.42592592592592593 0.030434782608695653 0.1111111111111111
0 0.7297101449275363 0.41938997821350765 0.03333333333333333 0.12418300653594772
0 0.7137681159420289 0.43790849673202614 0.021739130434782608 0.08714596949891068
0 0.6992753623188406 0.420479302832244 0.02753623188405797 0.10893246187363835
0 0.6804347826086956 0.42374727668845313 0.030434782608695653 0.11546840958605664
0 0.636231884057971 0.4139433551198257 0.02608695652173913 0.10021786492374728
0 0.016666666666666666 0.5119825708061002 0.03333333333333333 0.1786492374727669
0 0.041304347826086954 0.5043572984749455 0.04492753623188406 0.1721132897603486
0 0.06739130434782609 0.49782135076252726 0.04492753623188406 0.1721132897603486
0 0.09782608695652174 0.49564270152505446 0.04492753623188406 0.1721132897603486
0 0.11376811594202899 0.4934640522875817 0.04492753623188406 0.16775599128540306
0 0.1565217391304348 0.48474945533769065 0.03768115942028986 0.14596949891067537
0 0.17898550724637682 0.4782135076252723 0.036231884057971016 0.1328976034858388
0 0.24710144927536232 0.47276688453159044 0.036231884057971016 0.1394335511982571
0 0.26231884057971017 0.4662309368191721 0.03188405797101449 0.12200435729847495
0 0.27391304347826084 0.4553376906318083 0.034782608695652174 0.13071895424836602
0 0.29130434782608694 0.46187363834422657 0.028985507246376812 0.11328976034858387
0 0.30144927536231886 0.45206971677559915 0.028985507246376812 0.10675381263616558
0 0.3217391304347826 0.4411764705882353 0.03188405797101449 0.12418300653594772
0 0.33043478260869563 0.4477124183006536 0.02318840579710145 0.08496732026143791
0 0.377536231884058 0.4422657952069717 0.02753623188405797 0.10893246187363835
0 0.4 0.4357298474945534 0.02608695652173913 0.10021786492374728
0 0.41231884057971013 0.434640522875817 0.02753623188405797 0.10239651416122005
0 0.6028985507246377 0.39869281045751637 0.017391304347826087 0.06535947712418301
0 0.6144927536231884 0.4008714596949891 0.017391304347826087 0.06535947712418301
2 0.03188405797101449 0.39760348583877997 0.02318840579710145 0.023965141612200435
2 0.0782608695652174 0.38562091503267976 0.043478260869565216 0.0392156862745098
2 0.12536231884057972 0.38562091503267976 0.021739130434782608 0.026143790849673203
2 0.15869565217391304 0.38453159041394336 0.021739130434782608 0.015250544662309368
2 0.18333333333333332 0.39433551198257083 0.01884057971014493 0.030501089324618737
2 0.23333333333333334 0.38453159041394336 0.03188405797101449 0.023965141612200435
2 0.2608695652173913 0.3769063180827887 0.011594202898550725 0.02178649237472767
2 0.2768115942028985 0.3747276688453159 0.014492753623188406 0.026143790849673203
2 0.30144927536231886 0.3747276688453159 0.02318840579710145 0.030501089324618737
2 0.3333333333333333 0.39106753812636164 0.017391304347826087 0.023965141612200435
2 0.3753623188405797 0.3758169934640523 0.020289855072463767 0.02832244008714597
2 0.39710144927536234 0.37363834422657954 0.011594202898550725 0.0196078431372549
2 0.4108695652173913 0.37145969498910675 0.01884057971014493 0.0196078431372549
2 0.8724637681159421 0.3453159041394335 0.020289855072463767 0.0196078431372549
2 0.8557971014492753 0.34967320261437906 0.01884057971014493 0.02832244008714597
2 0.8376811594202899 0.3474945533769063 0.017391304347826087 0.032679738562091505
2 0.768840579710145 0.35838779956427014 0.02463768115942029 0.032679738562091505
2 0.7471014492753624 0.35838779956427014 0.01884057971014493 0.05010893246187364
2 0.7130434782608696 0.35294117647058826 0.02318840579710145 0.030501089324618737
2 0.6876811594202898 0.355119825708061 0.02753623188405797 0.030501089324618737
2 0.6601449275362319 0.3681917211328976 0.03333333333333333 0.04357298474945534
4 0.605072463768116 0.14923747276688454 0.1144927536231884 0.037037037037037035
4 0.8492753623188406 0.11546840958605664 0.27246376811594203 0.06100217864923747
