0 0.015 0.6318897637795275 0.03 0.20078740157480315
0 0.085 0.6889763779527559 0.06 0.2283464566929134
0 0.18 0.7125984251968503 0.055 0.2125984251968504
0 0.28125 0.7401574803149606 0.0575 0.2204724409448819
0 0.3425 0.6968503937007874 0.055 0.2125984251968504
0 0.41375 0.7578740157480315 0.0625 0.24803149606299213
0 0.605 0.8051181102362205 0.055 0.21653543307086615
0 0.6925 0.7618110236220472 0.06 0.24015748031496062
0 0.59125 0.7401574803149606 0.0625 0.23622047244094488
0 0.46875 0.6830708661417323 0.0525 0.21653543307086615
0 0.4825 0.6259842519685039 0.05 0.1889763779527559
0 0.49125 0.5570866141732284 0.0325 0.12992125984251968
0 0.36625 0.5905511811023622 0.0475 0.18110236220472442
0 0.37875 0.5649606299212598 0.0425 0.16929133858267717
0 0.3875 0.5255905511811023 0.04 0.16141732283464566
0 0.19875 0.6476377952755905 0.0425 0.17716535433070865
0 0.2325 0.6338582677165354 0.05 0.2047244094488189
0 0.26875 0.5708661417322834 0.0375 0.15748031496062992
0 0.1375 0.6023622047244095 0.055 0.2125984251968504
0 0.11 0.6417322834645669 0.05 0.1968503937007874
0 0.03875 0.5649606299212598 0.0425 0.17716535433070865
0 0.05375 0.5255905511811023 0.0425 0.16141732283464566
0 0.07375 0.4881889763779528 0.0375 0.14173228346456693
0 0.54 0.7834645669291339 0.065 0.25196850393700787
0 0.735 0.84251968503937 0.06 0.2283464566929134
2 0.205 0.7834645669291339 0.075 0.13385826771653545
2 0.60375 0.905511811023622 0.0975 0.14960629921259844
2 0.81625 0.7145669291338582 0.0275 0.06692913385826772
2 0.81875 0.6437007874015748 0.0275 0.051181102362204724
2 0.695 0.6200787401574803 0.04 0.027559055118110236
2 0.70125 0.5767716535433071 0.0375 0.05905511811023622
2 0.945 0.6358267716535433 0.05 0.051181102362204724
2 0.95875 0.6811023622047244 0.0475 0.03937007874015748
2 0.95125 0.7303149606299213 0.0375 0.04330708661417323
2 0.9575 0.8070866141732284 0.055 0.09448818897637795
4 0.49375 0.16141732283464566 0.9825 0.2047244094488189
4 0.04 0.3405511811023622 0.055 0.15354330708661418
4 0.13125 0.33858267716535434 0.0525 0.13385826771653545
4 0.2125 0.3425196850393701 0.045 0.13385826771653545
4 0.2975 0.3543307086614173 0.045 0.14173228346456693
4 0.405 0.3641732283464567 0.06 0.16929133858267717
4 0.49625 0.3700787401574803 0.0675 0.1732283464566929
4 0.58625 0.3799212598425197 0.0925 0.20866141732283464
4 0.69875 0.421259842519685 0.1075 0.29133858267716534
4 0.81875 0.44881889763779526 0.0975 0.3464566929133858
4 0.94375 0.43700787401574803 0.1025 0.33070866141732286
