0 0.2545454545454545 0.48006644518272423 0.07272727272727272 0.26245847176079734
0 0.41704545454545455 0.5730897009966778 0.08863636363636364 0.3222591362126246
0 0.49318181818181817 0.5398671096345515 0.09090909090909091 0.3222591362126246
0 0.634090909090909 0.4684385382059801 0.05454545454545454 0.19269102990033224
0 0.7829545454545455 0.6677740863787376 0.14772727272727273 0.5382059800664452
0 0.8943181818181818 0.739202657807309 0.1340909090909091 0.4750830564784053
0 0.9761363636363637 0.4700996677740864 0.04772727272727273 0.2026578073089701
0 0.7602272727272728 0.4169435215946844 0.029545454545454545 0.10299003322259136
0 0.7125 0.39700996677740863 0.020454545454545454 0.07641196013289037
0 0.6909090909090909 0.41362126245847175 0.02727272727272727 0.10963455149501661
0 0.6022727272727273 0.40863787375415284 0.02727272727272727 0.10631229235880399
0 0.5579545454545455 0.39867109634551495 0.025 0.09302325581395349
0 0.5375 0.41029900332225916 0.020454545454545454 0.08305647840531562
0 0.4738636363636364 0.3920265780730897 0.025 0.09966777408637874
0 0.45340909090909093 0.4003322259136213 0.025 0.09634551495016612
0 0.42727272727272725 0.4019933554817276 0.022727272727272728 0.09302325581395349
0 0.39545454545454545 0.3903654485049834 0.01818181818181818 0.07641196013289037
0 0.3693181818181818 0.40365448504983387 0.020454545454545454 0.07641196013289037
0 0.2772727272727273 0.38704318936877075 0.02727272727272727 0.09634551495016612
0 0.2159090909090909 0.36212624584717606 0.013636363636363636 0.046511627906976744
0 0.19772727272727272 0.3687707641196013 0.013636363636363636 0.059800664451827246
0 0.1784090909090909 0.3654485049833887 0.011363636363636364 0.046511627906976744
0 0.15 0.39867109634551495 0.022727272727272728 0.09302325581395349
0 0.1340909090909091 0.39700996677740863 0.022727272727272728 0.08970099667774087
0 0.1159090909090909 0.3953488372093023 0.022727272727272728 0.09302325581395349
0 0.09772727272727273 0.39700996677740863 0.02727272727272727 0.10299003322259136
0 0.08068181818181819 0.39368770764119604 0.020454545454545454 0.08305647840531562
0 0.06704545454545455 0.38870431893687707 0.020454545454545454 0.07973421926910298
0 0.048863636363636366 0.3920265780730897 0.020454545454545454 0.07973421926910298
0 0.031818181818181815 0.38704318936877075 0.01818181818181818 0.06976744186046512
0 0.01818181818181818 0.38372093023255816 0.022727272727272728 0.08970099667774087
0 0.00909090909090909 0.38372093023255816 0.01818181818181818 0.08970099667774087
2 0.23977272727272728 0.3538205980066445 0.020454545454545454 0.04318936877076412
2 0.5068181818181818 0.3687707641196013 0.031818181818181815 0.03322259136212625
