0 0.0659432387312187 0.7997032640949555 0.07178631051752922 0.31750741839762614
0 0.1010016694490818 0.798219584569733 0.08180300500834725 0.3560830860534125
0 0.14440734557595994 0.7804154302670623 0.06176961602671119 0.26706231454005935
0 0.19449081803005008 0.7908011869436202 0.048414023372287146 0.2166172106824926
0 0.24373956594323873 0.7818991097922848 0.07679465776293823 0.3353115727002967
0 0.32220367278797996 0.7314540059347181 0.05008347245409015 0.228486646884273
0 0.2904841402337229 0.7759643916913946 0.04674457429048414 0.20474777448071216
0 0.36978297161936563 0.7952522255192879 0.0651085141903172 0.29080118694362017
0 0.4282136894824708 0.771513353115727 0.06176961602671119 0.27299703264094954
0 0.4657762938230384 0.7863501483679525 0.05342237061769616 0.2314540059347181
0 0.49165275459098495 0.7359050445103857 0.05843071786310518 0.26112759643916916
0 0.5383973288814691 0.7537091988130564 0.07178631051752922 0.3086053412462908
0 0.5759599332220368 0.771513353115727 0.06343906510851419 0.2789317507418398
0 0.6210350584307178 0.7937685459940653 0.0667779632721202 0.29376854599406527
0 0.664440734557596 0.7685459940652819 0.07345575959933222 0.3264094955489614
0 0.7212020033388982 0.7952522255192879 0.0667779632721202 0.29080118694362017
0 0.7712854757929883 0.7937685459940653 0.07011686143572621 0.3115727002967359
0 0.8171953255425709 0.7848664688427299 0.06844741235392321 0.2997032640949555
0 0.39398998330550916 0.7833827893175074 0.03672787979966611 0.1661721068249258
0 0.44574290484140233 0.7833827893175074 0.04006677796327212 0.17210682492581603
0 0.6969949916527546 0.787833827893175 0.041736227045075125 0.18100890207715134
2 0.020868113522537562 0.7002967359050445 0.041736227045075125 0.2314540059347181
