0 0.17 0.6990291262135923 0.11090909090909092 0.36893203883495146
0 0.28909090909090907 0.7803398058252428 0.12363636363636364 0.40048543689320387
0 0.3881818181818182 0.8300970873786407 0.08545454545454545 0.28640776699029125
0 0.7218181818181818 0.8228155339805825 0.09454545454545454 0.3106796116504854
0 0.8309090909090909 0.7002427184466019 0.09454545454545454 0.3131067961165049
0 0.6645454545454546 0.5922330097087378 0.08545454545454545 0.28640776699029125
0 0.86 0.5194174757281553 0.05818181818181818 0.18932038834951456
0 0.5372727272727272 0.4830097087378641 0.05272727272727273 0.17475728155339806
0 0.37636363636363634 0.5461165048543689 0.06909090909090909 0.23300970873786409
0 0.22545454545454546 0.4975728155339806 0.06181818181818182 0.20388349514563106
0 0.44545454545454544 0.441747572815534 0.04363636363636364 0.15048543689320387
0 0.5836363636363636 0.42839805825242716 0.04727272727272727 0.15776699029126215
0 0.7 0.4320388349514563 0.04363636363636364 0.15048543689320387
0 0.7345454545454545 0.4016990291262136 0.04363636363636364 0.14805825242718446
0 0.8054545454545454 0.5157766990291263 0.06181818181818182 0.20145631067961164
0 0.9263636363636364 0.4405339805825243 0.04181818181818182 0.14320388349514562
0 0.9727272727272728 0.45145631067961167 0.04363636363636364 0.15048543689320387
0 0.8854545454545455 0.41383495145631066 0.04363636363636364 0.14805825242718446
0 0.025454545454545455 0.4441747572815534 0.04727272727272727 0.16019417475728157
0 0.04818181818181818 0.44781553398058255 0.056363636363636366 0.1820388349514563
0 0.06909090909090909 0.4199029126213592 0.04727272727272727 0.1553398058252427
0 0.09454545454545454 0.4211165048543689 0.04727272727272727 0.16262135922330098
0 0.12363636363636364 0.4211165048543689 0.04 0.12864077669902912
0 0.15545454545454546 0.4174757281553398 0.034545454545454546 0.11650485436893204
0 0.26545454545454544 0.40898058252427183 0.04 0.1383495145631068
0 0.1918181818181818 0.40898058252427183 0.038181818181818185 0.12378640776699029
0 0.2881818181818182 0.4065533980582524 0.038181818181818185 0.13349514563106796
0 0.7936363636363636 0.4029126213592233 0.034545454545454546 0.12135922330097088
0 0.49727272727272726 0.6371359223300971 0.08181818181818182 0.2645631067961165
2 0.01818181818181818 0.3300970873786408 0.02909090909090909 0.02912621359223301
2 0.15181818181818182 0.33495145631067963 0.016363636363636365 0.02912621359223301
2 0.17454545454545456 0.33616504854368934 0.02181818181818182 0.03640776699029126
2 0.20454545454545456 0.33859223300970875 0.03090909090909091 0.03640776699029126
2 0.2381818181818182 0.33495145631067963 0.02181818181818182 0.03398058252427184
2 0.26545454545454544 0.3276699029126214 0.02909090909090909 0.02912621359223301
2 0.31363636363636366 0.4223300970873786 0.07090909090909091 0.07281553398058252
2 0.33 0.3470873786407767 0.02727272727272727 0.05339805825242718
2 0.3527272727272727 0.3737864077669903 0.025454545454545455 0.05339805825242718
2 0.4018181818181818 0.3483009708737864 0.03636363636363636 0.04611650485436893
2 0.44181818181818183 0.35436893203883496 0.03272727272727273 0.04854368932038835
2 0.4709090909090909 0.3640776699029126 0.02181818181818182 0.04854368932038835
2 0.5218181818181818 0.34101941747572817 0.04 0.0412621359223301
2 0.5545454545454546 0.3713592233009709 0.03636363636363636 0.06796116504854369
2 0.59 0.345873786407767 0.04181818181818182 0.07524271844660194
2 0.6281818181818182 0.3859223300970874 0.038181818181818185 0.038834951456310676
2 0.63 0.42961165048543687 0.045454545454545456 0.06796116504854369
2 0.6709090909090909 0.3932038834951456 0.04363636363636364 0.05339805825242718
2 0.6445454545454545 0.3592233009708738 0.04181818181818182 0.04854368932038835
2 0.3118181818181818 0.5606796116504854 0.09636363636363636 0.15048543689320387
