0 0.42606382978723406 0.6140350877192983 0.16702127659574467 0.6124401913875598
0 0.5207446808510638 0.6228070175438597 0.1478723404255319 0.5406698564593302
0 0.5877659574468085 0.6068580542264753 0.16914893617021276 0.6172248803827751
0 0.7585106382978724 0.6124401913875598 0.17446808510638298 0.6411483253588517
0 0.6936170212765957 0.6172248803827751 0.1574468085106383 0.5741626794258373
0 0.6574468085106383 0.580542264752791 0.15106382978723404 0.5582137161084529
0 0.8265957446808511 0.5422647527910686 0.1148936170212766 0.42424242424242425
0 0.875 0.5542264752791068 0.09680851063829787 0.35566188197767146
0 0.35638297872340424 0.5502392344497608 0.125531914893617 0.45933014354066987
0 0.29148936170212764 0.5980861244019139 0.13191489361702127 0.4880382775119617
0 0.19627659574468084 0.6188197767145136 0.15425531914893617 0.5645933014354066
0 0.06702127659574468 0.5470494417862839 0.1127659574468085 0.4178628389154705
0 0.031914893617021274 0.5709728867623605 0.06382978723404255 0.44019138755980863
2 0.030851063829787233 0.4019138755980861 0.031914893617021274 0.07974481658692185
