0 0.5816666666666667 0.57875 0.11333333333333333 0.4175
0 0.6916666666666667 0.37625 0.11 0.4075
0 0.87 0.48 0.11333333333333333 0.415
0 0.825 0.375 0.11 0.405
0 0.6166666666666667 0.33625 0.11 0.4025
0 0.5508333333333333 0.47875 0.11833333333333333 0.4325
0 0.45666666666666667 0.3925 0.11333333333333333 0.415
0 0.3466666666666667 0.445 0.08666666666666667 0.325
0 0.2683333333333333 0.4525 0.11 0.41
0 0.18083333333333335 0.4325 0.10833333333333334 0.4
0 0.06666666666666667 0.3975 0.11333333333333333 0.415
0 0.385 0.36375 0.10333333333333333 0.3775
0 0.31416666666666665 0.37625 0.105 0.3825
0 0.7933333333333333 0.2825 0.09666666666666666 0.36
0 0.7408333333333333 0.34375 0.105 0.3925
0 0.9475 0.37375 0.105 0.3975
0 0.9158333333333334 0.33375 0.10166666666666667 0.3775
0 0.6466666666666666 0.30375 0.10333333333333333 0.3775
0 0.20333333333333334 0.3725 0.1 0.37
0 0.11416666666666667 0.31625 0.105 0.3925
2 0.03166666666666667 0.21875 0.05333333333333334 0.0975
2 0.025833333333333333 0.11375 0.041666666666666664 0.0725
2 0.07166666666666667 0.14125 0.03666666666666667 0.0675
2 0.15833333333333333 0.11125 0.043333333333333335 0.1125
2 0.16666666666666666 0.20625 0.04 0.0575
2 0.19666666666666666 0.14375 0.03333333333333333 0.0725
2 0.23416666666666666 0.1775 0.03166666666666667 0.065
2 0.24833333333333332 0.14625 0.02666666666666667 0.0475
2 0.23333333333333334 0.0425 0.02666666666666667 0.055
2 0.2816666666666667 0.1425 0.03333333333333333 0.065
2 0.32 0.09875 0.03 0.0725
2 0.3566666666666667 0.08375 0.03666666666666667 0.0625
2 0.38916666666666666 0.10875 0.025 0.0625
2 0.42083333333333334 0.13625 0.018333333333333333 0.0625
2 0.4866666666666667 0.1525 0.043333333333333335 0.05
2 0.4666666666666667 0.19125 0.02 0.0575
2 0.49583333333333335 0.11125 0.025 0.0525
2 0.5433333333333333 0.14 0.04 0.055
2 0.5608333333333333 0.2275 0.03833333333333333 0.105
2 0.5733333333333334 0.1375 0.03 0.07
2 0.5925 0.075 0.03166666666666667 0.065
2 0.49583333333333335 0.0525 0.035 0.04
2 0.555 0.05125 0.04 0.0925
2 0.6783333333333333 0.0975 0.03666666666666667 0.065
2 0.7525 0.08625 0.035 0.0675
2 0.8008333333333333 0.09625 0.041666666666666664 0.0675
2 0.9108333333333334 0.07625 0.028333333333333332 0.0475
2 0.8916666666666667 0.16125 0.03333333333333333 0.0625
2 0.8483333333333334 0.1275 0.03 0.075
2 0.8858333333333334 0.02125 0.035 0.0425
2 0.97 0.17 0.03333333333333333 0.065
2 0.9275 0.12 0.03166666666666667 0.04
2 0.021666666666666667 0.3325 0.03666666666666667 0.07
2 0.029166666666666667 0.71 0.03833333333333333 0.1
2 0.035 0.82375 0.05333333333333334 0.0825
2 0.075 0.9275 0.05333333333333334 0.09
2 0.1275 0.8625 0.11166666666666666 0.245
2 0.23333333333333334 0.74375 0.07666666666666666 0.1525
2 0.31833333333333336 0.8075 0.07 0.165
2 0.24416666666666667 0.90875 0.06833333333333333 0.0925
2 0.39416666666666667 0.90375 0.08833333333333333 0.1375
2 0.43666666666666665 0.78 0.07 0.1
2 0.37166666666666665 0.7 0.05 0.055
2 0.3175 0.69625 0.045 0.0675
2 0.4425 0.65375 0.08833333333333333 0.2275
2 0.5675 0.93625 0.06166666666666667 0.0725
2 0.5041666666666667 0.94875 0.058333333333333334 0.0725
2 0.5108333333333334 0.825 0.04833333333333333 0.105
2 0.5808333333333333 0.79875 0.06166666666666667 0.1025
2 0.6391666666666667 0.9 0.051666666666666666 0.13
2 0.6291666666666667 0.785 0.035 0.075
2 0.7075 0.91375 0.06833333333333333 0.1175
2 0.7208333333333333 0.8225 0.06166666666666667 0.06
2 0.7675 0.80125 0.051666666666666666 0.0875
2 0.8416666666666667 0.92125 0.06666666666666667 0.0725
2 0.8733333333333333 0.87125 0.04666666666666667 0.0725
2 0.8675 0.78125 0.051666666666666666 0.0875
2 0.78 0.94125 0.056666666666666664 0.0825
2 0.9341666666666667 0.95 0.041666666666666664 0.08
2 0.9583333333333334 0.785 0.06333333333333334 0.17
