0 0.09347826086956522 0.18568665377176016 0.08840579710144927 0.2901353965183752
0 0.17028985507246377 0.1402321083172147 0.08550724637681159 0.2765957446808511
0 0.4282608695652174 0.2736943907156673 0.08550724637681159 0.2804642166344294
0 0.39710144927536234 0.2524177949709865 0.08405797101449275 0.2727272727272727
0 0.553623188405797 0.22340425531914893 0.034782608695652174 0.11798839458413926
0 0.5963768115942029 0.10058027079303675 0.03333333333333333 0.10831721470019343
0 0.6289855072463768 0.08704061895551257 0.03188405797101449 0.10444874274661509
0 0.6615942028985508 0.08123791102514506 0.02753623188405797 0.09671179883945841
0 0.8644927536231884 0.05222437137330754 0.02753623188405797 0.08897485493230174
0 0.8847826086956522 0.06479690522243714 0.021739130434782608 0.07543520309477757
0 0.9057971014492754 0.0609284332688588 0.02608695652173913 0.08704061895551257
0 0.9333333333333333 0.061895551257253385 0.02608695652173913 0.08897485493230174
0 0.9565217391304348 0.06479690522243714 0.02608695652173913 0.08317214700193423
0 0.8173913043478261 0.059961315280464215 0.014492753623188406 0.05415860735009671
0 0.7942028985507247 0.06286266924564797 0.020289855072463767 0.06769825918762089
0 0.7782608695652173 0.05609284332688588 0.020289855072463767 0.0735009671179884
0 0.7521739130434782 0.05705996131528046 0.02608695652173913 0.08704061895551257
0 0.7239130434782609 0.05222437137330754 0.02463768115942029 0.08123791102514506
0 0.7014492753623188 0.06673114119922631 0.02608695652173913 0.08704061895551257
2 0.05289855072463768 0.8500967117988395 0.07681159420289856 0.28820116054158607
2 0.23623188405797102 0.8259187620889749 0.08115942028985507 0.22823984526112184
2 0.2318840579710145 0.6634429400386848 0.0927536231884058 0.20502901353965183
2 0.36376811594202896 0.7620889748549323 0.06666666666666667 0.18181818181818182
2 0.25869565217391305 0.34332688588007737 0.08550724637681159 0.20696324951644102
2 0.13768115942028986 0.36750483558994196 0.08405797101449275 0.1895551257253385
2 0.3934782608695652 0.097678916827853 0.021739130434782608 0.05222437137330754
2 0.4789855072463768 0.17794970986460348 0.0391304347826087 0.12379110251450677
2 0.5166666666666667 0.1286266924564797 0.02753623188405797 0.08704061895551257
2 0.6036231884057971 0.14216634429400388 0.02753623188405797 0.059961315280464215
2 0.6565217391304348 0.09961315280464217 0.02318840579710145 0.06382978723404255
2 0.6876811594202898 0.06382978723404255 0.015942028985507246 0.06576402321083172
2 0.7108695652173913 0.0851063829787234 0.015942028985507246 0.0735009671179884
