0 0.085 0.5525 0.1375 0.45166666666666666
0 0.151875 0.5908333333333333 0.13625 0.4483333333333333
0 0.238125 0.5875 0.13125 0.43166666666666664
0 0.323125 0.59 0.12375 0.4033333333333333
0 0.40375 0.5858333333333333 0.125 0.405
0 0.465 0.6066666666666667 0.12 0.3933333333333333
0 0.555 0.6008333333333333 0.125 0.4083333333333333
0 0.6275 0.6108333333333333 0.1175 0.385
0 0.6875 0.6075 0.12 0.39166666666666666
0 0.77875 0.6333333333333333 0.115 0.37333333333333335
0 0.858125 0.6158333333333333 0.13625 0.4483333333333333
0 0.9275 0.6191666666666666 0.145 0.475
0 0.04 0.5125 0.08 0.295
2 0.1475 0.7408333333333333 0.0775 0.19833333333333333
2 0.243125 0.7125 0.08125 0.24833333333333332
2 0.35375 0.7183333333333334 0.0875 0.25
2 0.451875 0.7275 0.07875 0.21833333333333332
2 0.555625 0.7333333333333333 0.07625 0.22
2 0.645 0.7116666666666667 0.0775 0.2733333333333333
2 0.73 0.7158333333333333 0.0875 0.265
2 0.825625 0.715 0.07875 0.2833333333333333
2 0.815 0.42333333333333334 0.0625 0.11666666666666667
2 0.749375 0.415 0.05125 0.10333333333333333
2 0.668125 0.4008333333333333 0.04625 0.09166666666666666
2 0.595625 0.41333333333333333 0.05625 0.09333333333333334
2 0.51625 0.4083333333333333 0.0525 0.10333333333333333
2 0.420625 0.3975 0.04875 0.095
2 0.301875 0.38916666666666666 0.05375 0.095
2 0.18875 0.3975 0.0375 0.08833333333333333
2 0.963125 0.42583333333333334 0.02875 0.06833333333333333
2 0.981875 0.45166666666666666 0.02125 0.06
2 0.89125 0.43916666666666665 0.025 0.041666666666666664
