0 0.8007142857142857 0.7435622317596566 0.06142857142857143 0.22532188841201717
0 0.76 0.7328326180257511 0.06285714285714286 0.23819742489270387
0 0.7321428571428571 0.7317596566523605 0.06428571428571428 0.23605150214592274
0 0.6885714285714286 0.7317596566523605 0.06571428571428571 0.24034334763948498
0 0.6335714285714286 0.7392703862660944 0.06142857142857143 0.2296137339055794
0 0.6128571428571429 0.7253218884120172 0.06285714285714286 0.23605150214592274
0 0.5742857142857143 0.7414163090128756 0.06285714285714286 0.2296137339055794
0 0.5257142857142857 0.7263948497854077 0.06857142857142857 0.2553648068669528
0 0.4664285714285714 0.7371244635193133 0.06428571428571428 0.23819742489270387
2 0.09142857142857143 0.8562231759656652 0.10857142857142857 0.2446351931330472
2 0.027857142857142858 0.7467811158798283 0.04428571428571428 0.09012875536480687
2 0.2785714285714286 0.8379828326180258 0.07714285714285714 0.19527896995708155
2 0.3585714285714286 0.8197424892703863 0.08571428571428572 0.15879828326180256
2 0.42714285714285716 0.8948497854077253 0.09142857142857143 0.0815450643776824
2 0.4421428571428571 0.9624463519313304 0.11571428571428571 0.06223175965665236
2 0.5214285714285715 0.8841201716738197 0.10285714285714286 0.12875536480686695
2 0.41285714285714287 0.7660944206008584 0.09428571428571429 0.12875536480686695
2 0.76 0.9334763948497854 0.11714285714285715 0.12017167381974249
2 0.6664285714285715 0.9399141630901288 0.08428571428571428 0.11158798283261803
2 0.8764285714285714 0.6609442060085837 0.055714285714285716 0.11158798283261803
2 0.9442857142857143 0.6802575107296137 0.037142857142857144 0.07296137339055794
2 0.9785714285714285 0.6727467811158798 0.037142857142857144 0.10085836909871244
2 0.42714285714285716 0.6641630901287554 0.04 0.07510729613733906
2 0.4007142857142857 0.6298283261802575 0.03 0.03648068669527897
2 0.30857142857142855 0.6491416309012875 0.03428571428571429 0.05793991416309013
2 0.11071428571428571 0.6877682403433476 0.047142857142857146 0.05793991416309013
4 0.13071428571428573 0.6169527896995708 0.26142857142857145 0.1609442060085837
4 0.38857142857142857 0.5869098712446352 0.24571428571428572 0.07081545064377683
4 0.6821428571428572 0.5879828326180258 0.2757142857142857 0.06866952789699571
