0 0.109375 0.7 0.0765625 0.3333333333333333
0 0.16015625 0.6965277777777777 0.0671875 0.29583333333333334
0 0.2015625 0.6958333333333333 0.053125 0.23333333333333334
0 0.3015625 0.6993055555555555 0.075 0.32916666666666666
0 0.31484375 0.6986111111111111 0.0640625 0.28055555555555556
0 0.51796875 0.6923611111111111 0.075 0.32916666666666666
0 0.737109375 0.6986111111111111 0.07265625 0.31666666666666665
0 0.69765625 0.6958333333333333 0.065625 0.28888888888888886
0 0.6671875 0.6902777777777778 0.0609375 0.2638888888888889
0 0.62890625 0.7 0.0546875 0.2388888888888889
0 0.773828125 0.7027777777777777 0.04296875 0.18888888888888888
0 0.821484375 0.6986111111111111 0.04609375 0.20277777777777778
0 0.84609375 0.7 0.04375 0.19444444444444445
0 0.591796875 0.6895833333333333 0.04921875 0.2152777777777778
0 0.01484375 0.7048611111111112 0.0296875 0.19305555555555556
2 0.058203125 0.7236111111111111 0.03046875 0.13333333333333333
2 0.242578125 0.6847222222222222 0.02890625 0.06666666666666667
2 0.217578125 0.7173611111111111 0.02109375 0.14027777777777778
2 0.365625 0.7291666666666666 0.015625 0.10833333333333334
2 0.385546875 0.7208333333333333 0.02109375 0.12222222222222222
2 0.544140625 0.7111111111111111 0.02734375 0.11666666666666667
2 0.568359375 0.6631944444444444 0.02578125 0.07361111111111111
2 0.7984375 0.6930555555555555 0.021875 0.125
2 0.493359375 0.5638888888888889 0.02734375 0.05
2 0.32890625 0.5986111111111111 0.015625 0.075
2 0.420703125 0.7256944444444444 0.03046875 0.10416666666666667
