0 0.103 0.625 0.114 0.4147058823529412
0 0.279 0.6308823529411764 0.102 0.3735294117647059
0 0.487 0.5911764705882353 0.122 0.4470588235294118
0 0.594 0.6132352941176471 0.12 0.43823529411764706
0 0.658 0.5720588235294117 0.104 0.37941176470588234
0 0.725 0.5558823529411765 0.094 0.34705882352941175
0 0.785 0.5661764705882353 0.098 0.3558823529411765
0 0.855 0.5485294117647059 0.09 0.3323529411764706
0 0.93 0.5588235294117647 0.096 0.35294117647058826
0 0.433 0.6073529411764705 0.098 0.36176470588235293
0 0.385 0.5882352941176471 0.106 0.38823529411764707
0 0.34 0.5808823529411765 0.1 0.36176470588235293
0 0.241 0.611764705882353 0.098 0.3588235294117647
0 0.205 0.6 0.094 0.34705882352941175
0 0.159 0.5911764705882353 0.09 0.3235294117647059
0 0.06 0.6088235294117647 0.112 0.4
0 0.562 0.6044117647058823 0.096 0.34411764705882353
2 0.024 0.4602941176470588 0.032 0.1323529411764706
2 0.198 0.4147058823529412 0.036 0.058823529411764705
2 0.233 0.4147058823529412 0.034 0.047058823529411764
2 0.283 0.43970588235294117 0.03 0.07352941176470588
2 0.435 0.3985294117647059 0.034 0.05
2 0.514 0.40588235294117647 0.024 0.041176470588235294
2 0.55 0.40588235294117647 0.036 0.06470588235294118
4 0.744 0.3926470588235294 0.176 0.08529411764705883
