0 0.2872727272727273 0.8382749326145552 0.07636363636363637 0.2749326145552561
0 0.3790909090909091 0.8517520215633423 0.06 0.22641509433962265
0 0.3281818181818182 0.7048517520215634 0.056363636363636366 0.21293800539083557
0 0.2390909090909091 0.7264150943396226 0.06 0.22371967654986524
0 0.19272727272727272 0.7075471698113207 0.05090909090909091 0.18598382749326145
0 0.09363636363636364 0.6994609164420486 0.05272727272727273 0.1967654986522911
0 0.4954545454545455 0.7008086253369272 0.056363636363636366 0.20485175202156333
0 0.6272727272727273 0.6900269541778976 0.05454545454545454 0.19946091644204852
0 0.7209090909090909 0.6495956873315364 0.05272727272727273 0.18867924528301888
0 0.8245454545454546 0.6671159029649596 0.04909090909090909 0.18598382749326145
0 0.8781818181818182 0.6253369272237197 0.04727272727272727 0.1778975741239892
0 0.7845454545454545 0.2210242587601078 0.00909090909090909 0.03773584905660377
0 0.7945454545454546 0.2196765498652291 0.01090909090909091 0.04043126684636118
0 0.8009090909090909 0.2884097035040431 0.02 0.07547169811320754
0 0.8181818181818182 0.2601078167115903 0.014545454545454545 0.05660377358490566
0 0.7872727272727272 0.29245283018867924 0.01818181818181818 0.0673854447439353
0 0.7781818181818182 0.31536388140161725 0.02181818181818182 0.08086253369272237
0 0.7681818181818182 0.3140161725067385 0.016363636363636365 0.0673854447439353
0 0.7527272727272727 0.3032345013477089 0.014545454545454545 0.05660377358490566
0 0.16727272727272727 0.6509433962264151 0.04727272727272727 0.18059299191374664
0 0.12272727272727273 0.6253369272237197 0.04909090909090909 0.1778975741239892
0 0.6590909090909091 0.4420485175202156 0.034545454545454546 0.12398921832884097
0 0.6663636363636364 0.42048517520215634 0.03090909090909091 0.11859838274932614
0 0.6972727272727273 0.4272237196765499 0.03090909090909091 0.12129380053908356
0 0.7190909090909091 0.3867924528301887 0.02727272727272727 0.09973045822102426
0 0.6972727272727273 0.35714285714285715 0.023636363636363636 0.0889487870619946
0 0.6818181818181818 0.33153638814016173 0.02181818181818182 0.0862533692722372
0 0.6263636363636363 0.408355795148248 0.03090909090909091 0.1105121293800539
0 0.6036363636363636 0.39892183288409705 0.025454545454545455 0.10242587601078167
0 0.5827272727272728 0.41778975741239893 0.03090909090909091 0.11859838274932614
0 0.5481818181818182 0.4123989218328841 0.03090909090909091 0.11859838274932614
0 0.3936363636363636 0.49595687331536387 0.023636363636363636 0.09164420485175202
0 0.3690909090909091 0.4973045822102426 0.02181818181818182 0.0889487870619946
0 0.3472727272727273 0.5121293800539084 0.025454545454545455 0.09703504043126684
0 0.31545454545454543 0.5256064690026954 0.034545454545454546 0.12398921832884097
0 0.46636363636363637 0.44878706199460916 0.02 0.07816711590296496
0 0.4809090909090909 0.44070080862533695 0.016363636363636365 0.06199460916442048
0 0.6718181818181819 0.3059299191374663 0.02 0.07277628032345014
0 0.21636363636363637 0.5431266846361186 0.04727272727272727 0.16981132075471697
0 0.2590909090909091 0.522911051212938 0.034545454545454546 0.1347708894878706
0 0.5072727272727273 0.42048517520215634 0.01818181818181818 0.07547169811320754
0 0.3054545454545455 0.33423180592991913 0.01818181818181818 0.07008086253369272
0 0.32181818181818184 0.33557951482479786 0.01818181818181818 0.0673854447439353
2 0.2081818181818182 0.12533692722371967 0.016363636363636365 0.04043126684636118
2 0.22363636363636363 0.14150943396226415 0.01090909090909091 0.029649595687331536
2 0.23545454545454544 0.1509433962264151 0.012727272727272728 0.026954177897574125
2 0.63 0.31266846361185985 0.03090909090909091 0.05929919137466307
2 0.6945454545454546 0.25471698113207547 0.014545454545454545 0.04582210242587601
2 0.9009090909090909 0.48247978436657685 0.023636363636363636 0.03234501347708895
2 0.8827272727272727 0.46630727762803237 0.02 0.0215633423180593
2 0.8772727272727273 0.4393530997304582 0.02 0.0215633423180593
2 0.8327272727272728 0.35983827493261455 0.01818181818181818 0.029649595687331536
4 0.4636363636363636 0.3746630727762803 0.2 0.1940700808625337
4 0.7790909090909091 0.238544474393531 0.18363636363636363 0.14824797843665768
