0 0.11818181818181818 0.6753424657534246 0.15272727272727274 0.5616438356164384
0 0.3563636363636364 0.6917808219178082 0.15636363636363637 0.5835616438356165
0 0.7554545454545455 0.7424657534246575 0.13636363636363635 0.5041095890410959
0 0.8818181818181818 0.7684931506849315 0.12 0.4465753424657534
0 0.5954545454545455 0.6315068493150685 0.11090909090909092 0.40821917808219177
0 0.6645454545454546 0.5616438356164384 0.06727272727272728 0.25753424657534246
0 0.8390909090909091 0.5698630136986301 0.06727272727272728 0.2465753424657534
0 0.9527272727272728 0.7 0.09454545454545454 0.5726027397260274
0 0.9172727272727272 0.6068493150684932 0.08545454545454545 0.32054794520547947
0 0.046363636363636364 0.5287671232876713 0.05272727272727273 0.1917808219178082
0 0.27545454545454545 0.589041095890411 0.08545454545454545 0.3232876712328767
0 0.1709090909090909 0.6123287671232877 0.10181818181818182 0.38082191780821917
0 0.4490909090909091 0.5767123287671233 0.08 0.29315068493150687
0 0.48818181818181816 0.5452054794520548 0.06727272727272728 0.25753424657534246
2 0.63 0.4547945205479452 0.02727272727272727 0.07671232876712329
2 0.5609090909090909 0.4452054794520548 0.04909090909090909 0.08493150684931507
2 0.7990909090909091 0.510958904109589 0.034545454545454546 0.0684931506849315
2 0.32 0.4917808219178082 0.025454545454545455 0.04657534246575343
2 0.4318181818181818 0.4876712328767123 0.038181818181818185 0.0547945205479452
