0 0.14285714285714285 0.6487730061349694 0.06938775510204082 0.254601226993865
0 0.25510204081632654 0.6441717791411042 0.06938775510204082 0.25766871165644173
0 0.3306122448979592 0.7361963190184049 0.08571428571428572 0.31901840490797545
0 0.4357142857142857 0.6365030674846626 0.07142857142857142 0.2668711656441718
0 0.5142857142857142 0.6365030674846626 0.07346938775510205 0.27300613496932513
0 0.5816326530612245 0.6334355828220859 0.0653061224489796 0.24846625766871167
0 0.6163265306122448 0.6104294478527608 0.0653061224489796 0.24539877300613497
0 0.686734693877551 0.6042944785276073 0.0673469387755102 0.24539877300613497
0 0.7183673469387755 0.5904907975460123 0.061224489795918366 0.23006134969325154
0 0.7540816326530613 0.5843558282208589 0.05510204081632653 0.20552147239263804
0 0.8275510204081633 0.6073619631901841 0.05918367346938776 0.22699386503067484
0 0.8785714285714286 0.553680981595092 0.05510204081632653 0.2116564417177914
0 0.9102040816326531 0.5398773006134969 0.053061224489795916 0.19631901840490798
0 0.9571428571428572 0.5322085889570553 0.04897959183673469 0.18098159509202455
0 0.6306122448979592 0.3773006134969325 0.024489795918367346 0.09202453987730061
0 0.5959183673469388 0.3726993865030675 0.024489795918367346 0.08895705521472393
0 0.8153061224489796 0.5644171779141104 0.06326530612244897 0.2331288343558282
0 0.7438775510204082 0.4493865030674847 0.03469387755102041 0.13190184049079753
0 0.7306122448979592 0.4340490797546012 0.036734693877551024 0.13803680981595093
0 0.7061224489795919 0.4263803680981595 0.036734693877551024 0.1411042944785276
0 0.6806122448979591 0.4294478527607362 0.030612244897959183 0.1165644171779141
0 0.18775510204081633 0.5138036809815951 0.053061224489795916 0.19325153374233128
0 0.08571428571428572 0.6365030674846626 0.06938775510204082 0.2607361963190184
0 0.11224489795918367 0.6088957055214724 0.05714285714285714 0.21779141104294478
0 0.1540816326530612 0.5153374233128835 0.05102040816326531 0.1901840490797546
0 0.3469387755102041 0.4493865030674847 0.036734693877551024 0.13803680981595093
0 0.363265306122449 0.4294478527607362 0.036734693877551024 0.1411042944785276
0 0.6091836734693877 0.3512269938650307 0.022448979591836733 0.08282208588957055
0 0.6602040816326531 0.3266871165644172 0.014285714285714285 0.05828220858895705
0 0.6479591836734694 0.3328220858895706 0.014285714285714285 0.05214723926380368
0 0.5510204081632653 0.5383435582822086 0.053061224489795916 0.19325153374233128
0 0.4642857142857143 0.4401840490797546 0.04285714285714286 0.16257668711656442
0 0.47959183673469385 0.5184049079754601 0.04897959183673469 0.17791411042944785
0 0.40408163265306124 0.6180981595092024 0.05714285714285714 0.21779141104294478
0 0.6653061224489796 0.5291411042944786 0.04897959183673469 0.18098159509202455
0 0.7581632653061224 0.44631901840490795 0.03469387755102041 0.13190184049079753
2 0.06938775510204082 0.5030674846625767 0.02857142857142857 0.04294478527607362
2 0.10102040816326531 0.45858895705521474 0.026530612244897958 0.05214723926380368
2 0.12040816326530612 0.4386503067484663 0.024489795918367346 0.049079754601226995
2 0.21836734693877552 0.450920245398773 0.02857142857142857 0.06748466257668712
2 0.2510204081632653 0.4493865030674847 0.036734693877551024 0.10736196319018405
2 0.30612244897959184 0.44785276073619634 0.036734693877551024 0.11042944785276074
2 0.4061224489795918 0.44171779141104295 0.04081632653061224 0.11042944785276074
2 0.3377551020408163 0.5567484662576687 0.03877551020408163 0.0705521472392638
2 0.30612244897959184 0.5260736196319018 0.044897959183673466 0.06441717791411043
2 0.5459183673469388 0.43098159509202455 0.026530612244897958 0.046012269938650305
2 0.5653061224489796 0.4432515337423313 0.0163265306122449 0.046012269938650305
2 0.5959183673469388 0.4279141104294479 0.0326530612244898 0.046012269938650305
2 0.5908163265306122 0.46932515337423314 0.03877551020408163 0.03680981595092025
2 0.9132653061224489 0.4217791411042945 0.03469387755102041 0.03987730061349693
4 0.6418367346938776 0.3266871165644172 0.07959183673469387 0.07668711656441718
