0 0.1825 0.569811320754717 0.125 0.46037735849056605
0 0.31875 0.6 0.0775 0.2943396226415094
0 0.39625 0.6037735849056604 0.0675 0.2490566037735849
0 0.4875 0.6415094339622641 0.075 0.28679245283018867
0 0.53125 0.5886792452830188 0.0575 0.2188679245283019
0 0.57375 0.6075471698113207 0.0625 0.2339622641509434
0 0.62625 0.5867924528301887 0.0575 0.21509433962264152
0 0.68875 0.5773584905660377 0.0525 0.2037735849056604
0 0.74875 0.5641509433962264 0.0525 0.19245283018867926
0 0.71375 0.5415094339622641 0.0425 0.16981132075471697
0 0.77 0.539622641509434 0.045 0.1660377358490566
0 0.795 0.539622641509434 0.045 0.1660377358490566
0 0.84375 0.5169811320754717 0.0725 0.2792452830188679
0 0.80375 0.469811320754717 0.0475 0.17735849056603772
0 0.5625 0.5735849056603773 0.055 0.21132075471698114
0 0.59625 0.4490566037735849 0.0325 0.12830188679245283
0 0.63875 0.4358490566037736 0.0325 0.1320754716981132
0 0.9475 0.47358490566037736 0.03 0.10943396226415095
0 0.97875 0.5018867924528302 0.0325 0.12075471698113208
0 0.58125 0.4320754716981132 0.0325 0.1169811320754717
0 0.535 0.4490566037735849 0.035 0.12830188679245283
0 0.36 0.44150943396226416 0.045 0.1660377358490566
0 0.42375 0.44150943396226416 0.0375 0.1509433962264151
0 0.31625 0.44339622641509435 0.0375 0.1471698113207547
0 0.27625 0.4377358490566038 0.0475 0.17358490566037735
0 0.22625 0.4547169811320755 0.0425 0.16226415094339622
0 0.9 0.46226415094339623 0.02 0.07924528301886792
2 0.01875 0.4679245283018868 0.0375 0.06037735849056604
2 0.01625 0.37735849056603776 0.0275 0.06037735849056604
2 0.035 0.36981132075471695 0.02 0.07547169811320754
2 0.1025 0.37358490566037733 0.035 0.052830188679245285
2 0.1325 0.39622641509433965 0.015 0.045283018867924525
2 0.1025 0.4509433962264151 0.03 0.06415094339622641
2 0.07875 0.4547169811320755 0.0325 0.04150943396226415
2 0.0275 0.4339622641509434 0.025 0.045283018867924525
2 0.23625 0.4509433962264151 0.0325 0.06415094339622641
2 0.38875 0.44716981132075473 0.0325 0.05660377358490566
2 0.46875 0.44528301886792454 0.0325 0.052830188679245285
2 0.50375 0.44339622641509435 0.0275 0.04905660377358491
2 0.5225 0.439622641509434 0.025 0.04905660377358491
2 0.65875 0.439622641509434 0.0275 0.04150943396226415
2 0.925 0.40943396226415096 0.03 0.04905660377358491
2 0.96125 0.4 0.0175 0.03773584905660377
2 0.86625 0.4 0.0225 0.03773584905660377
4 0.76875 0.42452830188679247 0.2025 0.07924528301886792
