0 0.18658536585365854 0.5476190476190477 0.20243902439024392 0.8787878787878788
0 0.23780487804878048 0.5367965367965368 0.16341463414634147 0.70995670995671
0 0.4926829268292683 0.41774891774891776 0.12195121951219512 0.5411255411255411
0 0.7012195121951219 0.48917748917748916 0.13902439024390245 0.6147186147186147
0 0.6402439024390244 0.42424242424242425 0.11951219512195121 0.5281385281385281
0 0.8865853658536585 0.30952380952380953 0.07560975609756097 0.3333333333333333
0 0.7951219512195122 0.33116883116883117 0.07804878048780488 0.341991341991342
0 0.9719512195121951 0.3246753246753247 0.05609756097560976 0.3463203463203463
1 0.4329268292682927 0.4025974025974026 0.1 0.44155844155844154
2 0.3280487804878049 0.19696969696969696 0.05121951219512195 0.09090909090909091
2 0.5658536585365853 0.22294372294372294 0.03902439024390244 0.08225108225108226
2 0.6158536585365854 0.19264069264069264 0.046341463414634146 0.06493506493506493
2 0.8146341463414634 0.2077922077922078 0.02926829268292683 0.05194805194805195
4 0.03048780487804878 0.24242424242424243 0.05121951219512195 0.1471861471861472
4 0.43658536585365854 0.22077922077922077 0.16585365853658537 0.1038961038961039
