0 0.9418181818181818 0.5951704545454546 0.10181818181818182 0.38920454545454547
0 0.8790909090909091 0.578125 0.09636363636363636 0.3721590909090909
0 0.8072727272727273 0.5610795454545454 0.07636363636363637 0.29829545454545453
0 0.8145454545454546 0.609375 0.07272727272727272 0.2869318181818182
0 0.09454545454545454 0.6022727272727273 0.08363636363636363 0.3181818181818182
0 0.25181818181818183 0.6292613636363636 0.0890909090909091 0.3380681818181818
0 0.3145454545454546 0.6264204545454546 0.08727272727272728 0.33238636363636365
0 0.19727272727272727 0.640625 0.07454545454545454 0.2869318181818182
2 0.9754545454545455 0.6590909090909091 0.038181818181818185 0.14772727272727273
2 0.05181818181818182 0.4303977272727273 0.056363636363636366 0.09943181818181818
2 0.1709090909090909 0.43892045454545453 0.04727272727272727 0.08238636363636363
2 0.4727272727272727 0.4446022727272727 0.06181818181818182 0.11647727272727272
2 0.3654545454545455 0.5383522727272727 0.03636363636363636 0.07670454545454546
2 0.4 0.5610795454545454 0.03636363636363636 0.05965909090909091
2 0.01090909090909091 0.4815340909090909 0.02181818181818182 0.06534090909090909
