0 0.225 0.7833333333333333 0.125 0.4125
0 0.29296875 0.7822916666666667 0.1203125 0.39375
0 0.759375 0.671875 0.146875 0.47708333333333336
0 0.9328125 0.653125 0.04375 0.14791666666666667
0 0.7078125 0.803125 0.1125 0.3729166666666667
0 0.1984375 0.6 0.01875 0.0625
0 0.18984375 0.6041666666666666 0.0171875 0.058333333333333334
0 0.35703125 0.6614583333333334 0.0484375 0.16458333333333333
0 0.42265625 0.659375 0.0453125 0.15208333333333332
0 0.471875 0.6541666666666667 0.046875 0.15833333333333333
0 0.38828125 0.6604166666666667 0.0453125 0.14583333333333334
0 0.4359375 0.6572916666666667 0.04375 0.14375
0 0.2875 0.6302083333333334 0.1125 0.36875
0 0.15859375 0.5979166666666667 0.0140625 0.05
0 0.62734375 0.7916666666666666 0.1234375 0.4041666666666667
0 0.8140625 0.803125 0.115625 0.3770833333333333
0 0.646875 0.615625 0.021875 0.07291666666666667
0 0.978125 0.6270833333333333 0.025 0.0875
0 0.990625 0.6260416666666667 0.01875 0.08541666666666667
0 0.95625 0.6229166666666667 0.03125 0.1
0 0.91640625 0.6260416666666667 0.0234375 0.07708333333333334
0 0.8890625 0.6208333333333333 0.028125 0.09166666666666666
0 0.8734375 0.6208333333333333 0.025 0.0875
0 0.8453125 0.615625 0.028125 0.09375
0 0.82265625 0.6145833333333334 0.0265625 0.09166666666666666
0 0.48671875 0.60625 0.0171875 0.058333333333333334
0 0.503125 0.6020833333333333 0.01875 0.0625
0 0.515625 0.6041666666666666 0.01875 0.06666666666666667
0 0.5296875 0.60625 0.015625 0.058333333333333334
0 0.5453125 0.603125 0.01875 0.06875
2 0.11328125 0.6104166666666667 0.0171875 0.016666666666666666
2 0.02734375 0.61875 0.0171875 0.025
2 0.41484375 0.5385416666666667 0.0265625 0.04375
2 0.45234375 0.534375 0.0265625 0.06041666666666667
2 0.3328125 0.646875 0.01875 0.05625
2 0.5078125 0.6552083333333333 0.021875 0.052083333333333336
2 0.09296875 0.634375 0.0203125 0.03958333333333333
2 0.07109375 0.6333333333333333 0.0234375 0.041666666666666664
2 0.87734375 0.5489583333333333 0.0234375 0.03125
2 0.53984375 0.6552083333333333 0.0265625 0.06458333333333334
2 0.5640625 0.6072916666666667 0.03125 0.06458333333333334
2 0.7 0.575 0.015625 0.029166666666666667
2 0.6796875 0.5729166666666666 0.01875 0.029166666666666667
2 0.62265625 0.5791666666666667 0.0171875 0.020833333333333332
2 0.59296875 0.5708333333333333 0.0296875 0.025
2 0.10078125 0.5697916666666667 0.0296875 0.027083333333333334
2 0.96875 0.5739583333333333 0.015625 0.03125
4 0.10546875 0.60625 0.2015625 0.10833333333333334
