0 0.5287037037037037 0.5445682451253482 0.1648148148148148 0.6044568245125348
0 0.22314814814814815 0.3649025069637883 0.10555555555555556 0.38997214484679665
0 0.14444444444444443 0.29108635097493035 0.07777777777777778 0.28690807799442897
0 0.34444444444444444 0.24512534818941503 0.06666666666666667 0.24512534818941503
0 0.2564814814814815 0.2116991643454039 0.05 0.18384401114206128
0 0.7101851851851851 0.3649025069637883 0.09814814814814815 0.36768802228412256
0 0.7685185185185185 0.28690807799442897 0.07407407407407407 0.2785515320334262
0 0.799074074074074 0.25487465181058494 0.06111111111111111 0.23119777158774374
0 0.8194444444444444 0.23537604456824512 0.046296296296296294 0.17548746518105848
0 0.9564814814814815 0.1796657381615599 0.020370370370370372 0.0807799442896936
0 0.8740740740740741 0.16991643454038996 0.018518518518518517 0.07799442896935933
0 0.6268518518518519 0.21727019498607242 0.05 0.1894150417827298
0 0.6796296296296296 0.201949860724234 0.040740740740740744 0.15877437325905291
0 0.549074074074074 0.25348189415041783 0.05740740740740741 0.21727019498607242
0 0.4537037037037037 0.28690807799442897 0.07407407407407407 0.2785515320334262
0 0.5851851851851851 0.1935933147632312 0.03333333333333333 0.11977715877437325
0 0.49907407407407406 0.17688022284122562 0.03148148148148148 0.12534818941504178
0 0.36574074074074076 0.19637883008356546 0.04259259259259259 0.16434540389972144
0 0.07314814814814814 0.2116991643454039 0.046296296296296294 0.17270194986072424
0 0.03518518518518519 0.20334261838440112 0.040740740740740744 0.15041782729805014
0 0.3888888888888889 0.1573816155988858 0.014814814814814815 0.06406685236768803
4 0.19537037037037036 0.13788300835654596 0.387037037037037 0.07520891364902507
4 0.5666666666666667 0.13231197771587744 0.337037037037037 0.08635097493036212
4 0.8638888888888889 0.14484679665738162 0.2537037037037037 0.11142061281337047
