0 0.14909090909090908 0.6073619631901841 0.04727272727272727 0.20245398773006135
0 0.23272727272727273 0.6134969325153374 0.04 0.1656441717791411
0 0.2872727272727273 0.602760736196319 0.04727272727272727 0.19938650306748465
0 0.3509090909090909 0.5996932515337423 0.04363636363636364 0.18711656441717792
0 0.45181818181818184 0.598159509202454 0.04909090909090909 0.2085889570552147
0 0.5145454545454545 0.6012269938650306 0.04363636363636364 0.17791411042944785
0 0.5954545454545455 0.6042944785276073 0.05272727272727273 0.22085889570552147
0 0.6527272727272727 0.598159509202454 0.04727272727272727 0.19631901840490798
0 0.7909090909090909 0.6058282208588958 0.05454545454545454 0.2361963190184049
0 0.8090909090909091 0.6104294478527608 0.05090909090909091 0.2085889570552147
2 0.10363636363636364 0.6595092024539877 0.04363636363636364 0.13496932515337423
2 0.21727272727272728 0.6441717791411042 0.06 0.147239263803681
2 0.33 0.6380368098159509 0.02727272727272727 0.15337423312883436
2 0.41545454545454547 0.6457055214723927 0.03090909090909091 0.1687116564417178
2 0.48545454545454547 0.6349693251533742 0.025454545454545455 0.1411042944785276
2 0.5809090909090909 0.6426380368098159 0.045454545454545456 0.17484662576687116
2 0.6263636363636363 0.6411042944785276 0.023636363636363636 0.1411042944785276
2 0.7863636363636364 0.6671779141104295 0.04909090909090909 0.1687116564417178
