0 0.041501976284584984 0.5133531157270029 0.08300395256916997 0.33827893175074186
0 0.29545454545454547 0.6409495548961425 0.17193675889328064 0.6350148367952523
0 0.4041501976284585 0.4807121661721068 0.021739130434782608 0.08902077151335312
0 0.36561264822134387 0.47032640949554894 0.023715415019762844 0.08605341246290801
0 0.4644268774703557 0.49554896142433236 0.039525691699604744 0.142433234421365
0 0.5098814229249012 0.5311572700296736 0.06719367588932806 0.2433234421364985
0 0.6373517786561265 0.6305637982195845 0.1956521739130435 0.7151335311572701
0 0.808300395256917 0.5385756676557863 0.07905138339920949 0.29376854599406527
0 0.8992094861660079 0.5222551928783383 0.05533596837944664 0.20771513353115728
0 0.958498023715415 0.5623145400593472 0.07114624505928854 0.26409495548961426
0 0.5454545454545454 0.5341246290801187 0.07114624505928854 0.26706231454005935
0 0.08992094861660078 0.45103857566765576 0.021739130434782608 0.08902077151335312
0 0.11561264822134387 0.4465875370919881 0.025691699604743084 0.10385756676557864
0 0.14624505928853754 0.44807121661721067 0.019762845849802372 0.0830860534124629
0 0.043478260869565216 0.4406528189910979 0.023715415019762844 0.09792284866468842
0 0.44367588932806323 0.4688427299703264 0.025691699604743084 0.10089020771513353
2 0.17687747035573123 0.43768545994065283 0.037549407114624504 0.04451038575667656
2 0.33794466403162055 0.4362017804154303 0.043478260869565216 0.06528189910979229
2 0.06324110671936758 0.4317507418397626 0.02766798418972332 0.05637982195845697
