0 0.104 0.6506666666666666 0.18 0.5866666666666667
0 0.155 0.704 0.154 0.5013333333333333
0 0.25 0.6946666666666667 0.168 0.552
0 0.376 0.6733333333333333 0.18 0.584
0 0.425 0.6573333333333333 0.162 0.5306666666666666
0 0.506 0.7133333333333334 0.156 0.5093333333333333
0 0.559 0.6266666666666667 0.17 0.5546666666666666
0 0.606 0.704 0.152 0.496
0 0.654 0.616 0.16 0.528
0 0.696 0.6933333333333334 0.152 0.5013333333333333
0 0.755 0.6346666666666667 0.17 0.56
0 0.805 0.7093333333333334 0.162 0.528
0 0.891 0.64 0.186 0.608
