0 0.29 0.8548148148148148 0.02666666666666667 0.09185185185185185
0 0.3238888888888889 0.8540740740740741 0.03 0.09925925925925926
0 0.3488888888888889 0.8 0.02666666666666667 0.08888888888888889
0 0.4127777777777778 0.72 0.01888888888888889 0.06222222222222222
0 0.37722222222222224 0.6888888888888889 0.021111111111111112 0.07407407407407407
0 0.30666666666666664 0.7407407407407407 0.022222222222222223 0.07407407407407407
0 0.32055555555555554 0.7466666666666667 0.021111111111111112 0.07111111111111111
0 0.23277777777777778 0.7288888888888889 0.021111111111111112 0.07111111111111111
0 0.22111111111111112 0.7288888888888889 0.022222222222222223 0.07703703703703704
0 0.2961111111111111 0.6874074074074074 0.021111111111111112 0.06814814814814815
0 0.5261111111111111 0.7325925925925926 0.023333333333333334 0.07851851851851852
0 0.5533333333333333 0.7459259259259259 0.028888888888888888 0.0962962962962963
0 0.5888888888888889 0.7437037037037038 0.02666666666666667 0.08592592592592592
0 0.5933333333333334 0.8303703703703704 0.017777777777777778 0.06074074074074074
0 0.6161111111111112 0.8177777777777778 0.03 0.10074074074074074
0 0.7077777777777777 0.8333333333333334 0.03111111111111111 0.10518518518518519
0 0.6272222222222222 0.682962962962963 0.023333333333333334 0.07703703703703704
0 0.6116666666666667 0.6481481481481481 0.021111111111111112 0.0725925925925926
0 0.45111111111111113 0.6622222222222223 0.017777777777777778 0.06222222222222222
0 0.44277777777777777 0.6466666666666666 0.021111111111111112 0.06962962962962962
0 0.4288888888888889 0.6481481481481481 0.015555555555555555 0.05185185185185185
0 0.012777777777777779 0.762962962962963 0.025555555555555557 0.09185185185185185
0 0.025555555555555557 0.7651851851851852 0.028888888888888888 0.0962962962962963
0 0.03944444444444444 0.7696296296296297 0.021111111111111112 0.06962962962962962
0 0.056666666666666664 0.782962962962963 0.028888888888888888 0.09925925925925926
0 0.075 0.7696296296296297 0.014444444444444444 0.04888888888888889
0 0.085 0.7459259259259259 0.023333333333333334 0.07851851851851852
0 0.0961111111111111 0.7422222222222222 0.023333333333333334 0.08
0 0.06388888888888888 0.6903703703703704 0.021111111111111112 0.07407407407407407
0 0.06444444444444444 0.6703703703703704 0.022222222222222223 0.0725925925925926
0 0.16277777777777777 0.7014814814814815 0.023333333333333334 0.07851851851851852
0 0.1388888888888889 0.705925925925926 0.02 0.06962962962962962
0 0.18 0.6814814814814815 0.024444444444444446 0.08296296296296296
0 0.20333333333333334 0.6948148148148148 0.022222222222222223 0.07407407407407407
0 0.2127777777777778 0.6918518518518518 0.023333333333333334 0.08
0 0.14444444444444443 0.6481481481481481 0.015555555555555555 0.05185185185185185
0 0.008333333333333333 0.6792592592592592 0.016666666666666666 0.08444444444444445
0 0.006111111111111111 0.58 0.012222222222222223 0.054814814814814816
0 0.0044444444444444444 0.5185185185185185 0.008888888888888889 0.04148148148148148
0 0.023333333333333334 0.5785185185185185 0.015555555555555555 0.054814814814814816
0 0.058888888888888886 0.5748148148148148 0.015555555555555555 0.056296296296296296
0 0.08611111111111111 0.5807407407407408 0.014444444444444444 0.047407407407407405
0 0.09777777777777778 0.5644444444444444 0.013333333333333334 0.044444444444444446
0 0.1322222222222222 0.5407407407407407 0.015555555555555555 0.05037037037037037
0 0.15388888888888888 0.5414814814814815 0.014444444444444444 0.04888888888888889
0 0.17833333333333334 0.6111111111111112 0.014444444444444444 0.05185185185185185
0 0.18722222222222223 0.6014814814814815 0.016666666666666666 0.05925925925925926
0 0.20666666666666667 0.6074074074074074 0.017777777777777778 0.06222222222222222
0 0.23166666666666666 0.5911111111111111 0.016666666666666666 0.05333333333333334
0 0.2461111111111111 0.5962962962962963 0.014444444444444444 0.05185185185185185
0 0.26944444444444443 0.5525925925925926 0.01 0.035555555555555556
0 0.24388888888888888 0.5303703703703704 0.012222222222222223 0.04148148148148148
0 0.29555555555555557 0.6007407407407407 0.015555555555555555 0.05185185185185185
0 0.31777777777777777 0.5881481481481482 0.013333333333333334 0.047407407407407405
0 0.34444444444444444 0.5837037037037037 0.013333333333333334 0.044444444444444446
0 0.38722222222222225 0.617037037037037 0.016666666666666666 0.057777777777777775
0 0.38722222222222225 0.5681481481481482 0.012222222222222223 0.04
0 0.4027777777777778 0.5725925925925925 0.014444444444444444 0.04888888888888889
0 0.41388888888888886 0.5748148148148148 0.014444444444444444 0.047407407407407405
0 0.3977777777777778 0.6133333333333333 0.015555555555555555 0.05333333333333334
0 0.4572222222222222 0.6037037037037037 0.014444444444444444 0.05185185185185185
0 0.4716666666666667 0.5985185185185186 0.016666666666666666 0.05333333333333334
0 0.49 0.6 0.017777777777777778 0.05925925925925926
0 0.49444444444444446 0.6681481481481482 0.017777777777777778 0.05925925925925926
0 0.5127777777777778 0.6466666666666666 0.014444444444444444 0.05185185185185185
0 0.5005555555555555 0.6133333333333333 0.016666666666666666 0.056296296296296296
0 0.5305555555555556 0.5622222222222222 0.012222222222222223 0.04
0 0.4861111111111111 0.534074074074074 0.01 0.037037037037037035
0 0.49777777777777776 0.5370370370370371 0.013333333333333334 0.04296296296296296
0 0.5138888888888888 0.5355555555555556 0.01 0.03111111111111111
0 0.014444444444444444 0.5170370370370371 0.011111111111111112 0.035555555555555556
0 0.026111111111111113 0.5118518518518519 0.0077777777777777776 0.028148148148148148
0 0.03277777777777778 0.5051851851851852 0.01 0.03259259259259259
0 0.03888888888888889 0.5392592592592592 0.011111111111111112 0.035555555555555556
0 0.04722222222222222 0.5296296296296297 0.012222222222222223 0.04296296296296296
0 0.057777777777777775 0.5214814814814814 0.011111111111111112 0.035555555555555556
0 0.06833333333333333 0.52 0.012222222222222223 0.03851851851851852
0 0.5477777777777778 0.6459259259259259 0.017777777777777778 0.06222222222222222
0 0.5238888888888888 0.6377777777777778 0.014444444444444444 0.04888888888888889
0 0.5111111111111111 0.5903703703703703 0.013333333333333334 0.045925925925925926
0 0.6061111111111112 0.5740740740740741 0.016666666666666666 0.057777777777777775
0 0.6122222222222222 0.5777777777777777 0.015555555555555555 0.05037037037037037
0 0.6238888888888889 0.5748148148148148 0.014444444444444444 0.05037037037037037
0 0.5655555555555556 0.6444444444444445 0.015555555555555555 0.056296296296296296
0 0.15333333333333332 0.4525925925925926 0.006666666666666667 0.025185185185185185
2 0.06055555555555556 0.5096296296296297 0.03 0.035555555555555556
2 0.042777777777777776 0.5837037037037037 0.014444444444444444 0.03851851851851852
2 0.10277777777777777 0.6555555555555556 0.04111111111111111 0.06666666666666667
2 0.18722222222222223 0.6748148148148149 0.03 0.054814814814814816
2 0.14277777777777778 0.6162962962962963 0.04777777777777778 0.07407407407407407
2 0.32055555555555554 0.5259259259259259 0.09666666666666666 0.05333333333333334
2 0.6083333333333333 0.5185185185185185 0.03222222222222222 0.06222222222222222
4 0.4711111111111111 0.45925925925925926 0.38 0.08296296296296296
4 0.2677777777777778 0.47185185185185186 0.04 0.07851851851851852
4 0.16277777777777777 0.4911111111111111 0.05 0.0962962962962963
