0 0.038 0.8138138138138138 0.076 0.3123123123123123
0 0.023 0.8003003003003003 0.046 0.2912912912912913
0 0.058 0.8033033033033034 0.08 0.2972972972972973
0 0.08 0.7972972972972973 0.076 0.2852852852852853
0 0.097 0.7807807807807807 0.07 0.25825825825825827
0 0.112 0.7702702702702703 0.068 0.24924924924924924
0 0.124 0.7582582582582582 0.064 0.23723723723723725
0 0.135 0.7492492492492493 0.062 0.23723723723723725
0 0.174 0.7912912912912913 0.1 0.3633633633633634
0 0.195 0.7867867867867868 0.09 0.33633633633633636
0 0.332 0.7447447447447447 0.08 0.3003003003003003
0 0.343 0.7777777777777778 0.09 0.3303303303303303
0 0.357 0.7792792792792793 0.09 0.3333333333333333
0 0.374 0.7897897897897898 0.092 0.34234234234234234
0 0.562 0.7432432432432432 0.08 0.2972972972972973
0 0.577 0.7597597597597597 0.086 0.3123123123123123
0 0.596 0.7642642642642643 0.088 0.32732732732732733
0 0.612 0.7837837837837838 0.084 0.3183183183183183
0 0.638 0.7942942942942943 0.096 0.35735735735735735
0 0.673 0.7582582582582582 0.07 0.2552552552552553
0 0.69 0.7672672672672672 0.072 0.26126126126126126
0 0.711 0.7657657657657657 0.074 0.27627627627627627
0 0.732 0.7567567567567568 0.076 0.2882882882882883
0 0.765 0.7747747747747747 0.086 0.3123123123123123
0 0.803 0.7852852852852853 0.09 0.33933933933933935
0 0.833 0.7807807807807807 0.074 0.27627627627627627
0 0.853 0.7777777777777778 0.074 0.2702702702702703
0 0.871 0.7822822822822822 0.074 0.27927927927927926
0 0.905 0.7897897897897898 0.074 0.27627627627627627
0 0.938 0.7987987987987988 0.084 0.3123123123123123
0 0.967 0.7897897897897898 0.066 0.2882882882882883
4 0.902 0.6291291291291291 0.16 0.06906906906906907
4 0.066 0.6276276276276276 0.128 0.036036036036036036
