0 0.38666666666666666 0.49507389162561577 0.23 0.8325123152709359
0 0.03916666666666667 0.14039408866995073 0.04833333333333333 0.17733990147783252
0 0.09333333333333334 0.1354679802955665 0.05333333333333334 0.19704433497536947
0 0.12916666666666668 0.12315270935960591 0.04833333333333333 0.1724137931034483
0 0.1775 0.1206896551724138 0.04833333333333333 0.18226600985221675
0 0.2025 0.12561576354679804 0.055 0.19704433497536947
0 0.22583333333333333 0.12192118226600986 0.051666666666666666 0.1896551724137931
0 0.25333333333333335 0.1145320197044335 0.05333333333333334 0.19458128078817735
0 0.31833333333333336 0.10467980295566502 0.04666666666666667 0.1748768472906404
0 0.2808333333333333 0.33497536945812806 0.105 0.3793103448275862
0 0.4825 0.12561576354679804 0.055 0.19704433497536947
0 0.4116666666666667 0.10591133004926108 0.04666666666666667 0.1724137931034483
0 0.5241666666666667 0.12807881773399016 0.04833333333333333 0.17733990147783252
0 0.5758333333333333 0.12807881773399016 0.051666666666666666 0.18719211822660098
0 0.6108333333333333 0.13054187192118227 0.051666666666666666 0.1921182266009852
0 0.6575 0.12438423645320197 0.051666666666666666 0.1896551724137931
0 0.7466666666666667 0.1145320197044335 0.05 0.1896551724137931
0 0.7916666666666666 0.10837438423645321 0.05333333333333334 0.1921182266009852
0 0.8266666666666667 0.11576354679802955 0.05333333333333334 0.1921182266009852
0 0.8491666666666666 0.11330049261083744 0.051666666666666666 0.18719211822660098
0 0.9041666666666667 0.11330049261083744 0.045 0.16748768472906403
0 0.925 0.11822660098522167 0.05 0.18226600985221675
0 0.9683333333333334 0.1330049261083744 0.06333333333333334 0.2315270935960591
