0 0.12276785714285714 0.45436507936507936 0.07589285714285714 0.3373015873015873
0 0.24776785714285715 0.45436507936507936 0.0625 0.27380952380952384
0 0.3236607142857143 0.45634920634920634 0.07589285714285714 0.3333333333333333
0 0.38839285714285715 0.4523809523809524 0.0625 0.2698412698412698
0 0.47433035714285715 0.4662698412698413 0.09151785714285714 0.4007936507936508
0 0.5412946428571429 0.45436507936507936 0.060267857142857144 0.27380952380952384
0 0.6662946428571429 0.45634920634920634 0.08258928571428571 0.35714285714285715
0 0.7276785714285714 0.4583333333333333 0.05803571428571429 0.25793650793650796
0 0.8470982142857143 0.4662698412698413 0.07366071428571429 0.32142857142857145
0 0.9084821428571429 0.49007936507936506 0.026785714285714284 0.11507936507936507
