0 0.02537677304964539 0.5436666666666666 0.03745567375886525 0.13733333333333334
0 0.04875886524822695 0.5445 0.03590425531914894 0.13233333333333333
0 0.09031471631205673 0.559 0.07070035460992907 0.25933333333333336
0 0.1551418439716312 0.5691666666666667 0.07712765957446809 0.283
0 0.2501108156028369 0.5936666666666667 0.08089539007092199 0.29733333333333334
0 0.32125443262411346 0.5811666666666667 0.06449468085106383 0.23633333333333334
0 0.35483156028368795 0.573 0.05585106382978723 0.206
0 0.441156914893617 0.5975 0.08976063829787234 0.32966666666666666
0 0.4821586879432624 0.5935 0.06050531914893617 0.22166666666666668
0 0.6032801418439716 0.5851666666666666 0.07446808510638298 0.273
0 0.662677304964539 0.5941666666666666 0.08776595744680851 0.323
0 0.75177304964539 0.5871666666666666 0.06427304964539007 0.23633333333333334
0 0.7957668439716312 0.5996666666666667 0.07601950354609929 0.2786666666666667
0 0.9396054964539007 0.594 0.07557624113475177 0.2773333333333333
