0 0.3903846153846154 0.5657216494845361 0.09230769230769231 0.3015463917525773
0 0.5278846153846154 0.5618556701030928 0.08269230769230769 0.27319587628865977
0 0.6480769230769231 0.5425257731958762 0.07307692307692308 0.23969072164948454
0 0.7336538461538461 0.5128865979381443 0.04807692307692308 0.16494845360824742
0 0.7798076923076923 0.5322164948453608 0.05961538461538462 0.2036082474226804
0 0.8471153846153846 0.5231958762886598 0.05576923076923077 0.18556701030927836
0 0.925 0.5154639175257731 0.05 0.16494845360824742
0 0.9644230769230769 0.5 0.04038461538461539 0.13402061855670103
0 0.6798076923076923 0.4097938144329897 0.025 0.08762886597938144
0 0.7586538461538461 0.4059278350515464 0.021153846153846155 0.07474226804123711
0 0.7913461538461538 0.4097938144329897 0.021153846153846155 0.06701030927835051
0 0.823076923076923 0.40463917525773196 0.023076923076923078 0.08247422680412371
0 0.8519230769230769 0.4072164948453608 0.019230769230769232 0.07216494845360824
0 0.8769230769230769 0.41494845360824745 0.026923076923076925 0.0979381443298969
0 0.9048076923076923 0.40850515463917525 0.032692307692307694 0.11082474226804123
0 0.9336538461538462 0.41237113402061853 0.028846153846153848 0.0979381443298969
0 0.9557692307692308 0.4072164948453608 0.03076923076923077 0.10824742268041238
0 0.989423076923077 0.39819587628865977 0.021153846153846155 0.09020618556701031
0 0.4576923076923077 0.520618556701031 0.05384615384615385 0.17525773195876287
0 0.4182692307692308 0.5425257731958762 0.0673076923076923 0.22422680412371135
0 0.3057692307692308 0.5489690721649485 0.08076923076923077 0.26288659793814434
0 0.2153846153846154 0.5373711340206185 0.06923076923076923 0.22422680412371135
0 0.175 0.5309278350515464 0.06153846153846154 0.20103092783505155
0 0.12884615384615383 0.5141752577319587 0.057692307692307696 0.19329896907216496
0 0.08846153846153847 0.5064432989690721 0.05384615384615385 0.17783505154639176
0 0.06634615384615385 0.5051546391752577 0.04807692307692308 0.15979381443298968
0 0.032692307692307694 0.5012886597938144 0.04230769230769231 0.13659793814432988
0 0.016346153846153847 0.49871134020618557 0.032692307692307694 0.13144329896907217
0 0.2653846153846154 0.5231958762886598 0.057692307692307696 0.19072164948453607
0 0.3230769230769231 0.529639175257732 0.057692307692307696 0.19845360824742267
0 0.3528846153846154 0.49871134020618557 0.04038461538461539 0.13659793814432988
0 0.6961538461538461 0.5051546391752577 0.04230769230769231 0.13917525773195877
0 0.8221153846153846 0.49355670103092786 0.04038461538461539 0.14175257731958762
0 0.5701923076923077 0.5025773195876289 0.03653846153846154 0.12886597938144329
0 0.5875 0.48582474226804123 0.028846153846153848 0.10051546391752578
0 0.6134615384615385 0.48582474226804123 0.026923076923076925 0.09536082474226804
0 0.48846153846153845 0.5154639175257731 0.046153846153846156 0.14948453608247422
0 0.1519230769230769 0.5012886597938144 0.038461538461538464 0.12628865979381443
2 0.3730769230769231 0.45489690721649484 0.019230769230769232 0.03350515463917526
2 0.47307692307692306 0.45103092783505155 0.019230769230769232 0.041237113402061855
2 0.23173076923076924 0.44072164948453607 0.013461538461538462 0.03608247422680412
2 0.18942307692307692 0.4420103092783505 0.013461538461538462 0.03865979381443299
2 0.11442307692307692 0.4497422680412371 0.021153846153846155 0.04381443298969072
