0 0.3375 0.6395833333333333 0.175 0.5708333333333333
0 0.4640625 0.6333333333333333 0.159375 0.5333333333333333
0 0.0734375 0.5791666666666667 0.121875 0.4
0 0.1359375 0.5479166666666667 0.140625 0.45416666666666666
0 0.2140625 0.60625 0.109375 0.37083333333333335
0 0.2265625 0.5375 0.146875 0.48333333333333334
0 0.9375 0.5333333333333333 0.125 0.49166666666666664
0 0.84375 0.5729166666666666 0.125 0.4125
0 0.759375 0.5625 0.13125 0.425
0 0.671875 0.5583333333333333 0.125 0.4166666666666667
0 0.5203125 0.5708333333333333 0.134375 0.43333333333333335
0 0.590625 0.5791666666666667 0.1375 0.45
0 0.609375 0.6625 0.10625 0.35
0 0.5328125 0.6208333333333333 0.103125 0.3333333333333333
