0 0.11071428571428571 0.5639658848614072 0.10142857142857142 0.373134328358209
0 0.18142857142857144 0.5543710021321961 0.09428571428571429 0.34541577825159914
0 0.24428571428571427 0.5533049040511727 0.08857142857142856 0.32196162046908317
0 0.2792857142857143 0.5479744136460555 0.08142857142857143 0.302771855010661
0 0.3335714285714286 0.5970149253731343 0.13 0.47334754797441364
0 0.4057142857142857 0.579957356076759 0.10857142857142857 0.39658848614072495
0 0.48214285714285715 0.5724946695095949 0.09857142857142857 0.3603411513859275
0 0.5335714285714286 0.5660980810234542 0.08714285714285715 0.32196162046908317
0 0.5692857142857143 0.5543710021321961 0.08428571428571428 0.3070362473347548
0 0.6064285714285714 0.5543710021321961 0.07285714285714286 0.27292110874200426
0 0.6471428571428571 0.5522388059701493 0.07714285714285714 0.2857142857142857
0 0.67 0.5394456289978679 0.07142857142857142 0.2601279317697228
0 0.7185714285714285 0.5255863539445629 0.06285714285714286 0.23667377398720682
0 0.7564285714285715 0.5181236673773987 0.05285714285714286 0.19616204690831557
0 0.7735714285714286 0.5213219616204691 0.05 0.1812366737739872
0 0.8407142857142857 0.5181236673773987 0.03857142857142857 0.14072494669509594
2 0.9657142857142857 0.5628997867803838 0.02857142857142857 0.1023454157782516
