0 0.8491666666666666 0.6323877068557919 0.09833333333333333 0.3475177304964539
0 0.04666666666666667 0.706855791962175 0.09333333333333334 0.524822695035461
0 0.155 0.6430260047281324 0.09 0.31678486997635935
0 0.24416666666666667 0.5851063829787234 0.051666666666666666 0.1867612293144208
0 0.4225 0.6004728132387707 0.06166666666666667 0.2127659574468085
0 0.4741666666666667 0.5803782505910166 0.058333333333333334 0.20567375886524822
0 0.5608333333333333 0.5981087470449172 0.06166666666666667 0.2127659574468085
0 0.595 0.5768321513002365 0.043333333333333335 0.15602836879432624
0 0.6216666666666667 0.5768321513002365 0.04666666666666667 0.1702127659574468
0 0.6691666666666667 0.5650118203309693 0.041666666666666664 0.14184397163120568
0 0.7591666666666667 0.5697399527186762 0.035 0.12293144208037825
0 0.10916666666666666 0.6016548463356974 0.058333333333333334 0.20094562647754138
0 0.7233333333333334 0.5638297872340425 0.03333333333333333 0.11583924349881797
0 0.8133333333333334 0.5673758865248227 0.04 0.14184397163120568
0 0.1925 0.5626477541371159 0.025 0.09456264775413711
1 0.3258333333333333 0.5520094562647754 0.021666666666666667 0.07801418439716312
1 0.38666666666666666 0.557919621749409 0.02666666666666667 0.09929078014184398
1 0.37 0.5484633569739953 0.02 0.07565011820330969
1 0.44083333333333335 0.5484633569739953 0.018333333333333333 0.07092198581560284
1 0.5141666666666667 0.5591016548463357 0.025 0.08747044917257683
4 0.20583333333333334 0.5437352245862884 0.028333333333333332 0.05200945626477541
4 0.1325 0.5354609929078015 0.04833333333333333 0.03546099290780142
4 0.7125 0.557919621749409 0.03833333333333333 0.1182033096926714
4 0.7883333333333333 0.5602836879432624 0.04666666666666667 0.12293144208037825
4 0.6208333333333333 0.5555555555555556 0.20166666666666666 0.10401891252955082
