0 0.03213166144200627 0.46845794392523366 0.054858934169279 0.20327102803738317
0 0.06347962382445141 0.4614485981308411 0.054858934169279 0.20794392523364486
0 0.14341692789968652 0.4661214953271028 0.05172413793103448 0.1939252336448598
0 0.19984326018808776 0.4591121495327103 0.054858934169279 0.20327102803738317
0 0.2962382445141066 0.45794392523364486 0.05329153605015674 0.19158878504672897
0 0.37460815047021945 0.45210280373831774 0.050156739811912224 0.18457943925233644
0 0.5101880877742947 0.44742990654205606 0.061128526645768025 0.2219626168224299
0 0.5705329153605015 0.47313084112149534 0.05956112852664577 0.21728971962616822
0 0.6026645768025078 0.45560747663551404 0.05172413793103448 0.19626168224299065
0 0.6496865203761756 0.4567757009345794 0.048589341692789965 0.18457943925233644
0 0.6857366771159875 0.4672897196261682 0.05799373040752351 0.2102803738317757
0 0.774294670846395 0.45560747663551404 0.05329153605015674 0.19158878504672897
0 0.9043887147335423 0.530373831775701 0.11598746081504702 0.4252336448598131
2 0.3377742946708464 0.7429906542056075 0.11128526645768025 0.4485981308411215
