0 0.3475 0.7783964365256125 0.09166666666666666 0.30066815144766146
0 0.39 0.7884187082405345 0.08666666666666667 0.2806236080178174
0 0.4841666666666667 0.7605790645879733 0.08166666666666667 0.26948775055679286
0 0.6616666666666666 0.7839643652561247 0.08666666666666667 0.2806236080178174
0 0.625 0.7828507795100222 0.08333333333333333 0.26948775055679286
0 0.7475 0.7873051224944321 0.09166666666666666 0.30066815144766146
0 0.8058333333333333 0.767260579064588 0.08833333333333333 0.29175946547884185
0 0.7016666666666667 0.5423162583518931 0.05333333333333334 0.1759465478841871
0 0.79 0.779510022271715 0.07666666666666666 0.24944320712694878
0 0.5166666666666667 0.7984409799554566 0.07333333333333333 0.24721603563474387
0 0.4525 0.7928730512249443 0.07166666666666667 0.23162583518930957
