0 0.886 0.7267267267267268 0.088 0.3303303303303303
0 0.66 0.7822822822822822 0.08 0.2972972972972973
0 0.736 0.6351351351351351 0.072 0.2732732732732733
0 0.487 0.7327327327327328 0.066 0.24624624624624625
0 0.546 0.6651651651651652 0.068 0.2552552552552553
0 0.958 0.5420420420420421 0.052 0.1891891891891892
0 0.404 0.6756756756756757 0.056 0.21621621621621623
0 0.346 0.7282282282282282 0.056 0.2072072072072072
0 0.497 0.5990990990990991 0.05 0.1891891891891892
0 0.455 0.6171171171171171 0.058 0.21921921921921922
0 0.152 0.6651651651651652 0.048 0.17717717717717718
0 0.243 0.7027027027027027 0.058 0.2222222222222222
0 0.311 0.6501501501501501 0.05 0.1891891891891892
0 0.33 0.5705705705705706 0.052 0.1921921921921922
0 0.357 0.6051051051051051 0.054 0.2072072072072072
0 0.397 0.6021021021021021 0.058 0.21921921921921922
0 0.091 0.6576576576576577 0.054 0.2042042042042042
0 0.034 0.6366366366366366 0.048 0.18618618618618618
0 0.281 0.5915915915915916 0.05 0.18018018018018017
0 0.217 0.6201201201201201 0.042 0.15315315315315314
0 0.174 0.5720720720720721 0.048 0.17717717717717718
0 0.169 0.6126126126126126 0.046 0.16816816816816818
0 0.444 0.3078078078078078 0.02 0.08108108108108109
0 0.478 0.3153153153153153 0.024 0.09009009009009009
0 0.502 0.3153153153153153 0.02 0.07807807807807808
0 0.53 0.3033033033033033 0.02 0.08408408408408409
0 0.555 0.30180180180180183 0.022 0.08108108108108109
4 0.173 0.3063063063063063 0.322 0.12612612612612611
4 0.128 0.21621621621621623 0.224 0.036036036036036036
4 0.418 0.22972972972972974 0.348 0.1111111111111111
4 0.67 0.23423423423423423 0.128 0.09009009009009009
4 0.762 0.16216216216216217 0.164 0.07207207207207207
4 0.939 0.11861861861861862 0.106 0.03903903903903904
4 0.922 0.25375375375375375 0.12 0.2132132132132132
4 0.03 0.12762762762762764 0.056 0.11711711711711711
4 0.135 0.11861861861861862 0.138 0.0990990990990991
4 0.255 0.1036036036036036 0.09 0.09309309309309309
4 0.388 0.08408408408408409 0.172 0.10810810810810811
