0 0.844375 0.250936329588015 0.03375 0.12734082397003746
0 0.82875 0.27808988764044945 0.025 0.09550561797752809
0 0.800625 0.39419475655430714 0.03375 0.12921348314606743
0 0.779375 0.397940074906367 0.03125 0.11423220973782772
0 0.7625 0.40262172284644193 0.035 0.13108614232209737
0 0.74875 0.397940074906367 0.0325 0.1254681647940075
2 0.33 0.7640449438202247 0.11 0.4232209737827715
2 0.4725 0.6956928838951311 0.095 0.3801498127340824
2 0.630625 0.7453183520599251 0.10875 0.449438202247191
2 0.73 0.6891385767790262 0.0925 0.38202247191011235
2 0.8625 0.7397003745318352 0.115 0.45318352059925093
2 0.9075 0.6919475655430711 0.07 0.3352059925093633
2 0.981875 0.6207865168539326 0.03375 0.2752808988764045
2 0.120625 0.6179775280898876 0.07875 0.34831460674157305
2 0.22625 0.6797752808988764 0.07 0.3857677902621723
2 0.059375 0.5833333333333334 0.07125 0.31273408239700373
2 0.19 0.5243445692883895 0.065 0.22846441947565543
2 0.248125 0.5243445692883895 0.04625 0.149812734082397
2 0.333125 0.5543071161048689 0.06625 0.15355805243445692
2 0.360625 0.5430711610486891 0.05875 0.2209737827715356
2 0.41625 0.5168539325842697 0.05 0.20599250936329588
2 0.449375 0.5243445692883895 0.05875 0.149812734082397
2 0.486875 0.5 0.05375 0.13108614232209737
2 0.559375 0.5833333333333334 0.07875 0.24531835205992508
2 0.5825 0.5102996254681648 0.0475 0.09550561797752809
2 0.609375 0.49063670411985016 0.04625 0.08614232209737828
2 0.650625 0.48408239700374533 0.04625 0.10674157303370786
2 0.691875 0.46629213483146065 0.04625 0.08239700374531835
2 0.776875 0.5224719101123596 0.05625 0.19101123595505617
2 0.88 0.48314606741573035 0.06 0.08239700374531835
2 0.84875 0.43258426966292135 0.0275 0.0449438202247191
2 0.890625 0.44756554307116103 0.02625 0.052434456928838954
2 0.9725 0.545880149812734 0.04 0.19288389513108614
2 0.073125 0.4232209737827715 0.03125 0.06367041198501873
2 0.125 0.43820224719101125 0.04 0.06367041198501873
2 0.203125 0.42134831460674155 0.03875 0.07116104868913857
2 0.239375 0.42790262172284643 0.02125 0.03932584269662921
2 0.27375 0.4241573033707865 0.035 0.06554307116104868
2 0.30375 0.448501872659176 0.04 0.07303370786516854
2 0.35 0.4232209737827715 0.03 0.0449438202247191
2 0.395 0.4054307116104869 0.0375 0.035580524344569285
2 0.44625 0.42134831460674155 0.0375 0.0599250936329588
2 0.50125 0.43913857677902624 0.0425 0.07677902621722846
2 0.55875 0.42228464419475653 0.045 0.06179775280898876
2 0.59875 0.4307116104868914 0.0225 0.052434456928838954
2 0.62375 0.4250936329588015 0.0225 0.04868913857677903
2 0.638125 0.41853932584269665 0.01875 0.03932584269662921
2 0.715 0.4250936329588015 0.0325 0.056179775280898875
2 0.045625 0.40823970037453183 0.04375 0.07865168539325842
2 0.01 0.450374531835206 0.02 0.07677902621722846
4 0.365 0.3155430711610487 0.7275 0.16292134831460675
4 0.975625 0.32209737827715357 0.04125 0.06741573033707865
