0 0.031159420289855074 0.7911025145067698 0.06231884057971015 0.26692456479690524
0 0.12101449275362319 0.7620889748549323 0.06811594202898551 0.22437137330754353
0 0.26231884057971017 0.7446808510638298 0.07246376811594203 0.23597678916827852
0 0.3072463768115942 0.7504835589941973 0.06666666666666667 0.21663442940038685
0 0.44710144927536233 0.8191489361702128 0.08550724637681159 0.2765957446808511
0 0.5855072463768116 0.8152804642166345 0.0782608695652174 0.2611218568665377
0 0.6420289855072464 0.7804642166344294 0.06086956521739131 0.19922630560928434
0 0.7152173913043478 0.7369439071566731 0.059420289855072465 0.19729206963249515
0 0.7731884057971015 0.7640232108317214 0.06231884057971015 0.20889748549323017
0 0.6260869565217392 0.7272727272727273 0.06956521739130435 0.22823984526112184
0 0.5688405797101449 0.6827852998065764 0.06811594202898551 0.2205029013539652
0 0.9007246376811594 0.7398452611218569 0.02753623188405797 0.09090909090909091
0 0.9507246376811594 0.7408123791102514 0.02318840579710145 0.08123791102514506
0 0.9775362318840579 0.7437137330754352 0.02463768115942029 0.08704061895551257
0 0.1826086956521739 0.6943907156673114 0.02318840579710145 0.07736943907156674
0 0.06956521739130435 0.6537717601547389 0.017391304347826087 0.061895551257253385
0 0.946376811594203 0.09574468085106383 0.02608695652173913 0.09090909090909091
0 0.7992753623188406 0.08994197292069632 0.036231884057971016 0.1218568665377176
0 0.6811594202898551 0.13346228239845262 0.028985507246376812 0.09284332688588008
0 0.5681159420289855 0.18762088974854932 0.034782608695652174 0.11605415860735009
0 0.5224637681159421 0.16247582205029013 0.036231884057971016 0.11992263056092843
0 0.1108695652173913 0.1595744680851064 0.04782608695652174 0.15667311411992263
0 0.19130434782608696 0.293036750483559 0.057971014492753624 0.18762088974854932
0 0.38623188405797104 0.2253384912959381 0.04492753623188406 0.14893617021276595
0 0.4427536231884058 0.05609284332688588 0.03333333333333333 0.11218568665377177
0 0.4 0.0425531914893617 0.02608695652173913 0.0851063829787234
0 0.08405797101449275 0.05705996131528046 0.034782608695652174 0.11411992263056092
0 0.1036231884057971 0.05125725338491296 0.030434782608695653 0.10251450676982592
0 0.21304347826086956 0.32205029013539654 0.04927536231884058 0.1644100580270793
0 0.3239130434782609 0.29980657640232106 0.050724637681159424 0.16634429400386846
0 0.4789855072463768 0.23984526112185686 0.04782608695652174 0.15473887814313347
0 0.34347826086956523 0.293036750483559 0.03768115942028986 0.12572533849129594
2 0.23405797101449274 0.7475822050290135 0.03333333333333333 0.05609284332688588
2 0.3384057971014493 0.7572533849129593 0.02463768115942029 0.04448742746615087
2 0.3615942028985507 0.7601547388781431 0.03333333333333333 0.04642166344294004
2 0.8681159420289855 0.7620889748549323 0.04057971014492753 0.058027079303675046
2 0.8246376811594203 0.776595744680851 0.04057971014492753 0.048355899419729204
2 0.6108695652173913 0.37620889748549324 0.1 0.11798839458413926
2 0.7253623188405797 0.30077369439071566 0.07681159420289856 0.09090909090909091
2 0.8123188405797102 0.2437137330754352 0.07971014492753623 0.07736943907156674
2 0.8065217391304348 0.20696324951644102 0.03333333333333333 0.04642166344294004
2 0.2528985507246377 0.05415860735009671 0.0391304347826087 0.06576402321083172
2 0.21304347826086956 0.05609284332688588 0.03768115942028986 0.061895551257253385
2 0.14782608695652175 0.06576402321083172 0.02608695652173913 0.05029013539651837
2 0.12753623188405797 0.05899419729206963 0.02318840579710145 0.04448742746615087
2 0.16594202898550725 0.10831721470019343 0.02753623188405797 0.05029013539651837
2 0.17028985507246377 0.15570599613152805 0.030434782608695653 0.05609284332688588
2 0.20797101449275363 0.14893617021276595 0.036231884057971016 0.06576402321083172
2 0.4326086956521739 0.24274661508704062 0.030434782608695653 0.059961315280464215
2 0.3695652173913043 0.2379110251450677 0.02318840579710145 0.03868471953578337
2 0.2985507246376812 0.2514506769825919 0.028985507246376812 0.058027079303675046
2 0.2753623188405797 0.17891682785299806 0.02318840579710145 0.05222437137330754
2 0.2891304347826087 0.172147001934236 0.015942028985507246 0.0425531914893617
2 0.31521739130434784 0.1576402321083172 0.02753623188405797 0.04448742746615087
2 0.34855072463768116 0.16247582205029013 0.021739130434782608 0.0425531914893617
2 0.36376811594202896 0.08800773694390715 0.02318840579710145 0.048355899419729204
2 0.33405797101449275 0.09090909090909091 0.01884057971014493 0.04642166344294004
2 0.40144927536231884 0.08123791102514506 0.02608695652173913 0.03868471953578337
2 0.021739130434782608 0.30851063829787234 0.034782608695652174 0.059961315280464215
2 0.08623188405797101 0.29206963249516443 0.03333333333333333 0.0425531914893617
2 0.1036231884057971 0.24854932301740812 0.02753623188405797 0.048355899419729204
2 0.13043478260869565 0.2379110251450677 0.028985507246376812 0.05029013539651837
2 0.16376811594202897 0.2330754352030948 0.020289855072463767 0.04061895551257253
2 0.14202898550724638 0.2940038684719536 0.02318840579710145 0.05029013539651837
2 0.17318840579710146 0.2852998065764023 0.021739130434782608 0.05609284332688588
2 0.22681159420289856 0.21179883945841393 0.021739130434782608 0.04061895551257253
2 0.4420289855072464 0.12088974854932302 0.020289855072463767 0.048355899419729204
2 0.4246376811594203 0.12282398452611218 0.017391304347826087 0.048355899419729204
2 0.39492753623188404 0.12379110251450677 0.01884057971014493 0.03481624758220503
