0 0.4855555555555556 0.634375 0.20666666666666667 0.71875
0 0.8255555555555556 0.60625 0.22 0.7625
0 0.7222222222222222 0.6234375 0.21333333333333335 0.734375
0 0.6177777777777778 0.6109375 0.20444444444444446 0.703125
0 0.94 0.609375 0.12 0.74375
0 0.7722222222222223 0.6515625 0.19777777777777777 0.684375
0 0.27 0.6015625 0.19333333333333333 0.671875
0 0.36777777777777776 0.553125 0.22444444444444445 0.78125
0 0.18222222222222223 0.6328125 0.2088888888888889 0.721875
0 0.05555555555555555 0.6328125 0.1111111111111111 0.665625
0 0.1111111111111111 0.5953125 0.21333333333333335 0.734375
2 0.9344444444444444 0.071875 0.03777777777777778 0.125
2 0.9311111111111111 0.278125 0.02666666666666667 0.06875
2 0.91 0.31875 0.06 0.09375
2 0.9077777777777778 0.2453125 0.042222222222222223 0.065625
2 0.8444444444444444 0.228125 0.035555555555555556 0.0875
2 0.8366666666666667 0.115625 0.03777777777777778 0.08125
2 0.7955555555555556 0.1171875 0.044444444444444446 0.078125
2 0.7655555555555555 0.0671875 0.03333333333333333 0.053125
2 0.23444444444444446 0.2171875 0.042222222222222223 0.065625
2 0.2633333333333333 0.2421875 0.02 0.040625
2 0.29777777777777775 0.2296875 0.017777777777777778 0.034375
2 0.2911111111111111 0.1921875 0.02666666666666667 0.034375
2 0.2688888888888889 0.1671875 0.017777777777777778 0.028125
2 0.24333333333333335 0.1640625 0.02 0.034375
2 0.22444444444444445 0.1375 0.017777777777777778 0.0375
2 0.23333333333333334 0.0890625 0.022222222222222223 0.046875
2 0.2011111111111111 0.040625 0.02 0.03125
2 0.31555555555555553 0.0796875 0.02666666666666667 0.046875
2 0.31 0.1328125 0.024444444444444446 0.040625
2 0.30666666666666664 0.1609375 0.02666666666666667 0.034375
2 0.26555555555555554 0.1328125 0.024444444444444446 0.034375
2 0.27 0.1109375 0.024444444444444446 0.034375
2 0.36777777777777776 0.0328125 0.024444444444444446 0.040625
2 0.39555555555555555 0.065625 0.022222222222222223 0.0375
2 0.42444444444444446 0.0328125 0.03111111111111111 0.034375
2 0.43 0.09375 0.024444444444444446 0.0375
2 0.35555555555555557 0.140625 0.02666666666666667 0.025
2 0.33444444444444443 0.228125 0.028888888888888888 0.03125
2 0.3211111111111111 0.2578125 0.02 0.034375
2 0.35333333333333333 0.2609375 0.03111111111111111 0.034375
2 0.45222222222222225 0.0625 0.024444444444444446 0.04375
2 0.5011111111111111 0.0921875 0.028888888888888888 0.046875
2 0.5355555555555556 0.0671875 0.022222222222222223 0.065625
2 0.5911111111111111 0.0328125 0.03111111111111111 0.034375
2 0.6122222222222222 0.0609375 0.02 0.028125
2 0.6444444444444445 0.065625 0.02666666666666667 0.04375
2 0.6866666666666666 0.065625 0.03111111111111111 0.0375
2 0.6855555555555556 0.090625 0.024444444444444446 0.0375
2 0.68 0.109375 0.022222222222222223 0.0375
2 0.6822222222222222 0.140625 0.02666666666666667 0.04375
2 0.6766666666666666 0.1640625 0.015555555555555555 0.034375
2 0.72 0.1953125 0.017777777777777778 0.046875
2 0.6877777777777778 0.23125 0.02 0.0375
2 0.7555555555555555 0.23125 0.02666666666666667 0.04375
2 0.7211111111111111 0.1109375 0.03333333333333333 0.053125
2 0.5988888888888889 0.1125 0.028888888888888888 0.04375
2 0.6133333333333333 0.090625 0.03111111111111111 0.04375
2 0.57 0.08125 0.024444444444444446 0.0375
2 0.5488888888888889 0.1109375 0.022222222222222223 0.040625
2 0.5033333333333333 0.1375 0.024444444444444446 0.0375
2 0.5677777777777778 0.14375 0.02 0.04375
2 0.5933333333333334 0.1765625 0.017777777777777778 0.040625
2 0.6433333333333333 0.153125 0.028888888888888888 0.03125
2 0.6477777777777778 0.1140625 0.024444444444444446 0.034375
2 0.6344444444444445 0.1703125 0.02 0.021875
2 0.5866666666666667 0.2046875 0.03111111111111111 0.046875
2 0.4022222222222222 0.1625 0.04888888888888889 0.05625
