0 0.9075581395348837 0.715 0.11046511627906977 0.39
0 0.8174418604651162 0.7491666666666666 0.11627906976744186 0.405
0 0.686046511627907 0.7608333333333334 0.10465116279069768 0.37166666666666665
0 0.4982558139534884 0.7091666666666666 0.0941860465116279 0.3283333333333333
0 0.6191860465116279 0.6766666666666666 0.08023255813953488 0.2866666666666667
0 0.19593023255813954 0.6733333333333333 0.08953488372093023 0.31333333333333335
0 0.10406976744186046 0.7633333333333333 0.10116279069767442 0.35333333333333333
0 0.04302325581395349 0.6433333333333333 0.06976744186046512 0.25
0 0.14011627906976745 0.5516666666666666 0.040697674418604654 0.14333333333333334
0 0.11627906976744186 0.5666666666666667 0.046511627906976744 0.16666666666666666
0 0.336046511627907 0.7275 0.10930232558139535 0.3883333333333333
0 0.8563953488372092 0.5908333333333333 0.056976744186046514 0.205
0 0.9296511627906977 0.5658333333333333 0.05 0.175
0 0.5540697674418604 0.6058333333333333 0.06162790697674419 0.21833333333333332
0 0.4308139534883721 0.635 0.0755813953488372 0.2633333333333333
0 0.29127906976744183 0.6008333333333333 0.05930232558139535 0.20833333333333334
0 0.4703488372093023 0.5433333333333333 0.04302325581395349 0.15
0 0.6494186046511627 0.5708333333333333 0.05232558139534884 0.18166666666666667
0 0.7627906976744186 0.5575 0.05116279069767442 0.17833333333333334
0 0.7906976744186046 0.62 0.06744186046511629 0.23666666666666666
0 0.958139534883721 0.5625 0.04883720930232558 0.17166666666666666
0 0.24302325581395348 0.5183333333333333 0.03488372093023256 0.12333333333333334
0 0.2238372093023256 0.5341666666666667 0.03604651162790698 0.12833333333333333
0 0.3732558139534884 0.5275 0.037209302325581395 0.135
2 0.08313953488372093 0.47833333333333333 0.019767441860465116 0.04
2 0.00813953488372093 0.49666666666666665 0.013953488372093023 0.04
2 0.03488372093023256 0.475 0.020930232558139535 0.023333333333333334
2 0.16627906976744186 0.4741666666666667 0.01627906976744186 0.03166666666666667
2 0.14825581395348839 0.4741666666666667 0.019767441860465116 0.028333333333333332
2 0.4180232558139535 0.4791666666666667 0.019767441860465116 0.035
2 0.43197674418604654 0.4683333333333333 0.01744186046511628 0.023333333333333334
2 0.4558139534883721 0.4633333333333333 0.01627906976744186 0.02
2 0.5569767441860465 0.4675 0.020930232558139535 0.03166666666666667
2 0.5813953488372093 0.48333333333333334 0.018604651162790697 0.04
2 0.7151162790697675 0.49333333333333335 0.030232558139534883 0.043333333333333335
2 0.6819767441860465 0.4691666666666667 0.019767441860465116 0.025
2 0.8133720930232559 0.4791666666666667 0.015116279069767442 0.028333333333333332
2 0.8616279069767442 0.4766666666666667 0.020930232558139535 0.02666666666666667
2 0.8947674418604651 0.4708333333333333 0.01744186046511628 0.035
2 0.5197674418604651 0.49166666666666664 0.030232558139534883 0.04
2 0.4941860465116279 0.4716666666666667 0.020930232558139535 0.03666666666666667
2 0.6139534883720931 0.46416666666666667 0.01627906976744186 0.03166666666666667
2 0.7813953488372093 0.455 0.01627906976744186 0.02666666666666667
2 0.9383720930232559 0.4691666666666667 0.01627906976744186 0.035
2 0.9697674418604652 0.4633333333333333 0.018604651162790697 0.03
2 0.7337209302325581 0.5466666666666666 0.04186046511627907 0.08666666666666667
4 0.14186046511627906 0.4625 0.27906976744186046 0.058333333333333334
4 0.42674418604651165 0.44 0.28604651162790695 0.043333333333333335
4 0.6447674418604651 0.44916666666666666 0.15 0.045
4 0.775 0.44416666666666665 0.11046511627906977 0.058333333333333334
4 0.9104651162790698 0.43833333333333335 0.16279069767441862 0.04
