0 0.711875 0.7664728682170543 0.10125 0.3817829457364341
0 0.51875 0.6715116279069767 0.065 0.24612403100775193
0 0.444375 0.6957364341085271 0.07625 0.29069767441860467
0 0.405625 0.6763565891472868 0.06625 0.2558139534883721
0 0.344375 0.6773255813953488 0.07125 0.2693798449612403
0 0.2825 0.687984496124031 0.0725 0.2751937984496124
0 0.213125 0.6947674418604651 0.07125 0.2693798449612403
0 0.180625 0.6695736434108527 0.07125 0.2693798449612403
0 0.138125 0.6492248062015504 0.07375 0.27906976744186046
0 0.111875 0.6375968992248062 0.06875 0.26356589147286824
0 0.238125 0.6734496124031008 0.06625 0.25
0 0.308125 0.6647286821705426 0.06875 0.2596899224806202
0 0.00625 0.4622093023255814 0.0125 0.09108527131782945
0 0.026875 0.4622093023255814 0.02375 0.09496124031007752
0 0.04875 0.46608527131782945 0.025 0.09883720930232558
0 0.07 0.4689922480620155 0.025 0.10077519379844961
0 0.0975 0.4689922480620155 0.0275 0.10465116279069768
0 0.125625 0.4728682170542636 0.02625 0.10465116279069768
0 0.1575 0.4796511627906977 0.0275 0.1065891472868217
0 0.141875 0.47093023255813954 0.03125 0.11627906976744186
0 0.85625 0.5562015503875969 0.0575 0.21705426356589147
0 0.885625 0.5562015503875969 0.04625 0.1821705426356589
0 0.91625 0.5397286821705426 0.045 0.17635658914728683
0 0.9525 0.5426356589147286 0.0475 0.1821705426356589
0 0.97625 0.5426356589147286 0.0475 0.23255813953488372
0 0.778125 0.5804263565891473 0.04875 0.18410852713178294
0 0.789375 0.5077519379844961 0.03875 0.1511627906976744
0 0.8125 0.5145348837209303 0.0475 0.18023255813953487
0 0.83625 0.5436046511627907 0.0475 0.18023255813953487
0 0.16875 0.47189922480620156 0.0325 0.12209302325581395
0 0.183125 0.47771317829457366 0.02625 0.09883720930232558
0 0.203125 0.47771317829457366 0.03125 0.1182170542635659
0 0.21375 0.48546511627906974 0.0275 0.10271317829457365
0 0.4875 0.5048449612403101 0.04 0.15310077519379844
0 0.466875 0.5164728682170543 0.03625 0.1375968992248062
0 0.258125 0.48643410852713176 0.03125 0.12015503875968993
0 0.23375 0.4844961240310077 0.0275 0.10852713178294573
0 0.19125 0.39244186046511625 0.015 0.0562015503875969
0 0.0775 0.4127906976744186 0.0125 0.05426356589147287
2 0.165 0.5222868217054264 0.025 0.040697674418604654
2 0.188125 0.5281007751937985 0.02125 0.044573643410852716
2 0.221875 0.5213178294573644 0.02875 0.046511627906976744
2 0.244375 0.5290697674418605 0.02375 0.05813953488372093
2 0.275625 0.5203488372093024 0.02625 0.05232558139534884
2 0.301875 0.5261627906976745 0.02375 0.040697674418604654
2 0.321875 0.5242248062015504 0.02625 0.04844961240310078
2 0.355 0.5581395348837209 0.025 0.05426356589147287
2 0.36 0.5387596899224806 0.0225 0.050387596899224806
2 0.38625 0.5251937984496124 0.02 0.04263565891472868
2 0.415625 0.5387596899224806 0.02375 0.046511627906976744
2 0.459375 0.5697674418604651 0.01875 0.046511627906976744
2 0.41375 0.5591085271317829 0.015 0.044573643410852716
2 0.06375 0.4060077519379845 0.0175 0.03294573643410853
2 0.2375 0.4166666666666667 0.0125 0.031007751937984496
2 0.27 0.4486434108527132 0.015 0.029069767441860465
2 0.29625 0.4418604651162791 0.02 0.03488372093023256
2 0.31 0.46027131782945735 0.02 0.040697674418604654
2 0.336875 0.44476744186046513 0.02125 0.03294573643410853
2 0.36125 0.4631782945736434 0.025 0.05813953488372093
2 0.378125 0.4486434108527132 0.01625 0.029069767441860465
2 0.395625 0.45445736434108525 0.01375 0.025193798449612403
2 0.42875 0.4563953488372093 0.0175 0.025193798449612403
2 0.4475 0.4641472868217054 0.0175 0.03682170542635659
2 0.29875 0.3943798449612403 0.015 0.025193798449612403
2 0.315 0.3701550387596899 0.015 0.027131782945736434
2 0.343125 0.36627906976744184 0.01625 0.027131782945736434
2 0.40125 0.3633720930232558 0.0075 0.029069767441860465
2 0.421875 0.3691860465116279 0.00875 0.029069767441860465
2 0.43 0.374031007751938 0.01 0.031007751937984496
2 0.478125 0.3682170542635659 0.01625 0.027131782945736434
2 0.508125 0.3594961240310077 0.01125 0.02131782945736434
2 0.521875 0.36046511627906974 0.01125 0.027131782945736434
2 0.5525 0.35852713178294576 0.0175 0.031007751937984496
2 0.595 0.35755813953488375 0.02 0.03682170542635659
2 0.26375 0.4069767441860465 0.0125 0.023255813953488372
2 0.346875 0.40988372093023256 0.00875 0.01744186046511628
2 0.45125 0.42441860465116277 0.015 0.031007751937984496
2 0.433125 0.42344961240310075 0.01375 0.025193798449612403
2 0.418125 0.42344961240310075 0.01375 0.02131782945736434
2 0.399375 0.43507751937984496 0.01875 0.029069767441860465
2 0.35875 0.4273255813953488 0.015 0.025193798449612403
2 0.555625 0.40406976744186046 0.01625 0.029069767441860465
2 0.886875 0.4437984496124031 0.02125 0.031007751937984496
2 0.864375 0.43023255813953487 0.01375 0.03488372093023256
2 0.830625 0.437015503875969 0.01625 0.03294573643410853
2 0.763125 0.3953488372093023 0.01875 0.03488372093023256
2 0.78125 0.3963178294573643 0.015 0.029069767441860465
2 0.784375 0.41472868217054265 0.01375 0.031007751937984496
2 0.804375 0.4050387596899225 0.01625 0.031007751937984496
2 0.81125 0.3846899224806202 0.0175 0.03294573643410853
2 0.84875 0.4011627906976744 0.0125 0.03488372093023256
2 0.950625 0.3323643410852713 0.01875 0.02131782945736434
2 0.876875 0.17926356589147288 0.01625 0.02131782945736434
2 0.915625 0.1753875968992248 0.01875 0.025193798449612403
2 0.855625 0.18023255813953487 0.01875 0.01937984496124031
2 0.5475 0.19476744186046513 0.0225 0.02131782945736434
2 0.059375 0.21027131782945738 0.01125 0.029069767441860465
2 0.073125 0.21124031007751937 0.01125 0.023255813953488372
2 0.165625 0.21027131782945738 0.01875 0.02131782945736434
2 0.1875 0.2131782945736434 0.01 0.023255813953488372
2 0.8775 0.34205426356589147 0.015 0.040697674418604654
2 0.960625 0.42151162790697677 0.01375 0.02131782945736434
2 0.966875 0.3943798449612403 0.01375 0.029069767441860465
2 0.98375 0.3905038759689923 0.015 0.025193798449612403
2 0.894375 0.3817829457364341 0.01875 0.027131782945736434
3 0.97125 0.14437984496124032 0.04 0.08333333333333333
4 0.268125 0.2451550387596899 0.52125 0.09108527131782945
4 0.759375 0.23255813953488372 0.46625 0.10465116279069768
