0 0.9439024390243902 0.547945205479452 0.11219512195121951 0.4246575342465753
0 0.8426829268292683 0.5667808219178082 0.11463414634146342 0.4006849315068493
0 0.7585365853658537 0.5616438356164384 0.12195121951219512 0.4178082191780822
0 0.16829268292682928 0.2089041095890411 0.06829268292682927 0.23972602739726026
0 0.12804878048780488 0.1934931506849315 0.06585365853658537 0.2226027397260274
0 0.02804878048780488 0.17465753424657535 0.05609756097560976 0.2328767123287671
0 0.05121951219512195 0.18493150684931506 0.05853658536585366 0.2054794520547945
0 0.0975609756097561 0.18664383561643835 0.05853658536585366 0.20205479452054795
0 0.06585365853658537 0.1832191780821918 0.05853658536585366 0.20205479452054795
0 0.9707317073170731 0.1952054794520548 0.05853658536585366 0.21232876712328766
0 0.9353658536585366 0.1917808219178082 0.06097560975609756 0.2191780821917808
0 0.8878048780487805 0.2191780821917808 0.05853658536585366 0.2054794520547945
0 0.9109756097560976 0.1917808219178082 0.06585365853658537 0.2328767123287671
0 0.8439024390243902 0.18664383561643835 0.06341463414634146 0.2226027397260274
0 0.7939024390243903 0.18664383561643835 0.06097560975609756 0.21575342465753425
0 0.7560975609756098 0.18835616438356165 0.05853658536585366 0.21232876712328766
0 0.7 0.1780821917808219 0.06341463414634146 0.2191780821917808
0 0.7219512195121951 0.1780821917808219 0.06829268292682927 0.2328767123287671
0 0.6609756097560976 0.19006849315068494 0.06341463414634146 0.21575342465753425
0 0.5487804878048781 0.1797945205479452 0.06341463414634146 0.2226027397260274
0 0.5219512195121951 0.19006849315068494 0.05853658536585366 0.2089041095890411
0 0.4951219512195122 0.1832191780821918 0.06341463414634146 0.22945205479452055
0 0.4353658536585366 0.17465753424657535 0.06585365853658537 0.2328767123287671
0 0.375609756097561 0.1815068493150685 0.06829268292682927 0.2328767123287671
0 0.28292682926829266 0.1832191780821918 0.06341463414634146 0.2226027397260274
0 0.20365853658536584 0.17294520547945205 0.06097560975609756 0.21575342465753425
2 0.013414634146341463 0.03424657534246575 0.01707317073170732 0.0410958904109589
2 0.05365853658536585 0.03767123287671233 0.024390243902439025 0.04794520547945205
2 0.13658536585365855 0.03595890410958904 0.024390243902439025 0.05136986301369863
2 0.33658536585365856 0.08904109589041095 0.03414634146341464 0.0547945205479452
2 0.22560975609756098 0.053082191780821915 0.026829268292682926 0.05136986301369863
2 0.2304878048780488 0.08561643835616438 0.03170731707317073 0.0410958904109589
2 0.5121951219512195 0.032534246575342464 0.02926829268292683 0.04452054794520548
2 0.551219512195122 0.02054794520547945 0.02926829268292683 0.0273972602739726
2 0.5780487804878048 0.03424657534246575 0.02926829268292683 0.03424657534246575
2 0.5804878048780487 0.09417808219178082 0.024390243902439025 0.03767123287671233
2 0.28780487804878047 0.023972602739726026 0.024390243902439025 0.04794520547945205
2 0.8219512195121951 0.03424657534246575 0.03414634146341464 0.06164383561643835
2 0.7548780487804878 0.02054794520547945 0.036585365853658534 0.0410958904109589
2 0.6963414634146341 0.018835616438356163 0.03170731707317073 0.030821917808219176
2 0.6182926829268293 0.6506849315068494 0.07073170731707316 0.07534246575342465
2 0.6707317073170732 0.5445205479452054 0.07804878048780488 0.1095890410958904
2 0.054878048780487805 0.3595890410958904 0.05609756097560976 0.0821917808219178
2 0.09634146341463415 0.375 0.036585365853658534 0.07191780821917808
2 0.032926829268292684 0.3732876712328767 0.046341463414634146 0.0547945205479452
2 0.04878048780487805 0.571917808219178 0.04878048780487805 0.10273972602739725
2 0.3 0.6558219178082192 0.04390243902439024 0.08561643835616438
2 0.2451219512195122 0.6284246575342466 0.041463414634146344 0.08561643835616438
2 0.35853658536585364 0.4160958904109589 0.05853658536585366 0.1267123287671233
2 0.39390243902439026 0.553082191780822 0.05609756097560976 0.10616438356164383
2 0.3926829268292683 0.030821917808219176 0.03414634146341464 0.0547945205479452
2 0.34512195121951217 0.04452054794520548 0.036585365853658534 0.04794520547945205
