1 0.11293260473588343 0.5517241379310345 0.0546448087431694 0.21264367816091953
1 0.27231329690346084 0.5459770114942529 0.04918032786885246 0.19540229885057472
1 0.3087431693989071 0.5459770114942529 0.04553734061930783 0.1724137931034483
1 0.3697632058287796 0.521551724137931 0.04007285974499089 0.15804597701149425
1 0.4262295081967213 0.5172413793103449 0.029143897996357013 0.11494252873563218
1 0.5072859744990893 0.5330459770114943 0.030965391621129327 0.12931034482758622
1 0.6211293260473588 0.5445402298850575 0.04007285974499089 0.16379310344827586
1 0.7249544626593807 0.5617816091954023 0.03642987249544627 0.14080459770114942
1 0.7969034608378871 0.5574712643678161 0.04553734061930783 0.1724137931034483
1 0.8633879781420765 0.5416666666666666 0.03642987249544627 0.14080459770114942
1 0.8916211293260473 0.5488505747126436 0.012750455373406194 0.05747126436781609
1 0.9799635701275046 0.5359195402298851 0.007285974499089253 0.031609195402298854
1 0.9617486338797814 0.5416666666666666 0.007285974499089253 0.031609195402298854
1 0.651183970856102 0.521551724137931 0.00546448087431694 0.031609195402298854
3 0.16029143897996356 0.7385057471264368 0.06557377049180328 0.1781609195402299
3 0.12021857923497267 0.6221264367816092 0.20036429872495445 0.12931034482758622
3 0.2987249544626594 0.6091954022988506 0.15664845173041894 0.10919540229885058
3 0.424408014571949 0.6005747126436781 0.07650273224043716 0.14367816091954022
3 0.5154826958105647 0.6020114942528736 0.08014571948998178 0.13505747126436782
3 0.6247723132969034 0.6192528735632183 0.10200364298724955 0.14080459770114942
3 0.7276867030965392 0.6350574712643678 0.09289617486338798 0.16091954022988506
3 0.7896174863387978 0.6264367816091954 0.060109289617486336 0.16091954022988506
3 0.8524590163934426 0.6364942528735632 0.07650273224043716 0.1810344827586207
