0 0.09875 0.5338345864661654 0.0525 0.20300751879699247
0 0.1425 0.5263157894736842 0.035 0.14285714285714285
0 0.11875 0.5263157894736842 0.0275 0.09774436090225563
0 0.20625 0.575187969924812 0.1275 0.48120300751879697
0 0.29625 0.5733082706766918 0.0875 0.32706766917293234
0 0.35 0.556390977443609 0.05 0.18796992481203006
0 0.4375 0.5545112781954887 0.075 0.2894736842105263
0 0.57875 0.556390977443609 0.0725 0.2706766917293233
0 0.63 0.5676691729323309 0.055 0.21052631578947367
0 0.69 0.5469924812030075 0.06 0.22932330827067668
0 0.82625 0.5845864661654135 0.1225 0.462406015037594
0 0.95875 0.5620300751879699 0.0475 0.18421052631578946
0 0.94 0.5676691729323309 0.04 0.15789473684210525
0 0.89375 0.5507518796992481 0.0375 0.14661654135338345
0 0.73375 0.5526315789473685 0.0325 0.12030075187969924
0 0.0175 0.5281954887218046 0.035 0.19172932330827067
0 0.0775 0.5244360902255639 0.025 0.10150375939849623
0 0.25625 0.5319548872180451 0.0225 0.08646616541353383
4 0.3875 0.5263157894736842 0.045 0.05263157894736842
4 0.7725 0.5281954887218046 0.05 0.041353383458646614
