0 0.12090909090909091 0.5739726027397261 0.19818181818181818 0.736986301369863
0 0.057272727272727274 0.473972602739726 0.11454545454545455 0.5643835616438356
0 0.3927272727272727 0.4986301369863014 0.12727272727272726 0.4767123287671233
0 0.48 0.4520547945205479 0.11636363636363636 0.4273972602739726
0 0.43363636363636365 0.410958904109589 0.11818181818181818 0.4383561643835616
0 0.5690909090909091 0.4794520547945205 0.12727272727272726 0.4767123287671233
0 0.6072727272727273 0.5397260273972603 0.12363636363636364 0.4547945205479452
0 0.6836363636363636 0.5164383561643836 0.1781818181818182 0.6547945205479452
0 0.7818181818181819 0.6273972602739726 0.1709090909090909 0.6301369863013698
0 0.759090909090909 0.5424657534246575 0.17636363636363636 0.6575342465753424
0 0.9018181818181819 0.6027397260273972 0.19636363636363635 0.7835616438356164
0 0.6481818181818182 0.536986301369863 0.14727272727272728 0.547945205479452
0 0.51 0.4684931506849315 0.11454545454545455 0.42191780821917807
0 0.1709090909090909 0.3273972602739726 0.05818181818181818 0.21643835616438356
0 0.23727272727272727 0.3493150684931507 0.038181818181818185 0.14520547945205478
0 0.26545454545454544 0.37534246575342467 0.05818181818181818 0.2191780821917808
0 0.2809090909090909 0.37397260273972605 0.06363636363636363 0.2328767123287671
0 0.2018181818181818 0.33287671232876714 0.05090909090909091 0.18904109589041096
0 0.1590909090909091 0.31643835616438354 0.06 0.2219178082191781
2 0.2009090909090909 0.22465753424657534 0.02727272727272727 0.043835616438356165
2 0.2509090909090909 0.2547945205479452 0.02909090909090909 0.06027397260273973
2 0.2609090909090909 0.23424657534246576 0.012727272727272728 0.057534246575342465
2 0.27545454545454545 0.23150684931506849 0.02 0.03561643835616438
2 0.2909090909090909 0.2547945205479452 0.03272727272727273 0.06575342465753424
2 0.29454545454545455 0.2945205479452055 0.014545454545454545 0.07945205479452055
2 0.3209090909090909 0.26986301369863014 0.034545454545454546 0.0410958904109589
2 0.38727272727272727 0.23150684931506849 0.06181818181818182 0.07397260273972603
2 0.5454545454545454 0.1917808219178082 0.05454545454545454 0.0821917808219178
2 0.610909090909091 0.20410958904109588 0.04727272727272727 0.08493150684931507
2 0.6509090909090909 0.23013698630136986 0.04363636363636364 0.08767123287671233
2 0.88 0.273972602739726 0.09454545454545454 0.2465753424657534
2 0.82 0.22465753424657534 0.05818181818181818 0.13150684931506848
2 0.32727272727272727 0.2232876712328767 0.02909090909090909 0.052054794520547946
3 0.35454545454545455 0.8849315068493151 0.37454545454545457 0.1095890410958904
3 0.2827272727272727 0.7054794520547946 0.20909090909090908 0.09041095890410959
