0 0.05303030303030303 0.45227272727272727 0.10606060606060606 0.42272727272727273
0 0.1590909090909091 0.45681818181818185 0.11212121212121212 0.41363636363636364
0 0.12575757575757576 0.45681818181818185 0.10606060606060606 0.39545454545454545
0 0.2818181818181818 0.4409090909090909 0.11515151515151516 0.43636363636363634
0 0.24696969696969698 0.20227272727272727 0.06363636363636363 0.2318181818181818
0 0.30454545454545456 0.21136363636363636 0.06363636363636363 0.2409090909090909
0 0.3939393939393939 0.19772727272727272 0.06060606060606061 0.2318181818181818
0 0.3424242424242424 0.20681818181818182 0.06060606060606061 0.2318181818181818
0 0.4696969696969697 0.4909090909090909 0.11515151515151516 0.41818181818181815
0 0.5878787878787879 0.4068181818181818 0.09696969696969697 0.35909090909090907
0 0.6272727272727273 0.41818181818181815 0.08484848484848485 0.3181818181818182
0 0.6742424242424242 0.42045454545454547 0.08181818181818182 0.31363636363636366
0 0.7393939393939394 0.41363636363636364 0.08484848484848485 0.3090909090909091
0 0.8166666666666667 0.38181818181818183 0.1 0.36363636363636365
0 0.896969696969697 0.475 0.10909090909090909 0.40454545454545454
0 0.9696969696969697 0.31363636363636366 0.06060606060606061 0.33636363636363636
2 0.06212121212121212 0.7840909090909091 0.12424242424242424 0.37727272727272726
2 0.28939393939393937 0.865909090909091 0.19090909090909092 0.2590909090909091
2 0.4984848484848485 0.8977272727272727 0.13636363636363635 0.18636363636363637
2 0.6075757575757575 0.8931818181818182 0.08181818181818182 0.1318181818181818
2 0.8363636363636363 0.8636363636363636 0.12121212121212122 0.14545454545454545
2 0.9545454545454546 0.7931818181818182 0.06666666666666667 0.1590909090909091
2 0.12878787878787878 0.2 0.07575757575757576 0.12727272727272726
2 0.19393939393939394 0.21363636363636362 0.06666666666666667 0.14545454545454545
2 0.4818181818181818 0.25681818181818183 0.07878787878787878 0.1409090909090909
2 0.43787878787878787 0.17727272727272728 0.045454545454545456 0.12727272727272726
2 0.37424242424242427 0.525 0.12424242424242424 0.17727272727272728
2 0.22121212121212122 0.5113636363636364 0.08484848484848485 0.22272727272727272
2 0.8909090909090909 0.21136363636363636 0.07878787878787878 0.1409090909090909
2 0.7924242424242425 0.23863636363636365 0.03939393939393939 0.11363636363636363
2 0.24848484848484848 0.06363636363636363 0.04242424242424243 0.08181818181818182
