0 0.038181818181818185 0.4371584699453552 0.07636363636363637 0.40437158469945356
0 0.09363636363636364 0.3510928961748634 0.07454545454545454 0.2814207650273224
0 0.18727272727272729 0.546448087431694 0.12727272727272726 0.46994535519125685
0 0.22181818181818183 0.34972677595628415 0.06909090909090909 0.25136612021857924
0 0.3563636363636364 0.45081967213114754 0.11272727272727273 0.4207650273224044
0 0.4481818181818182 0.3524590163934426 0.06727272727272728 0.2459016393442623
0 0.5127272727272727 0.5819672131147541 0.15272727272727274 0.5573770491803278
0 0.6754545454545454 0.5013661202185792 0.12545454545454546 0.46174863387978143
0 0.5954545454545455 0.3756830601092896 0.07090909090909091 0.2650273224043716
0 0.7518181818181818 0.45901639344262296 0.09272727272727273 0.33879781420765026
0 0.8054545454545454 0.42896174863387976 0.07636363636363637 0.28415300546448086
0 0.8545454545454545 0.38114754098360654 0.07272727272727272 0.27049180327868855
0 0.8936363636363637 0.38524590163934425 0.056363636363636366 0.20765027322404372
0 0.9536363636363636 0.32650273224043713 0.04181818181818182 0.1557377049180328
0 0.9409090909090909 0.32786885245901637 0.04181818181818182 0.15300546448087432
0 0.5718181818181818 0.34972677595628415 0.06 0.22950819672131148
0 0.39181818181818184 0.3155737704918033 0.06 0.226775956284153
0 0.27090909090909093 0.2978142076502732 0.025454545454545455 0.09289617486338798
0 0.24 0.3114754098360656 0.05818181818181818 0.2185792349726776
0 0.02727272727272727 0.25956284153005466 0.05090909090909091 0.19672131147540983
0 0.060909090909090906 0.2527322404371585 0.04909090909090909 0.1830601092896175
0 0.29363636363636364 0.28005464480874315 0.038181818181818185 0.13934426229508196
2 0.26454545454545453 0.5901639344262295 0.3327272727272727 0.8032786885245902
2 0.16363636363636364 0.20081967213114754 0.03636363636363636 0.05191256830601093
2 0.17909090909090908 0.26366120218579236 0.07454545454545454 0.11748633879781421
2 0.25272727272727274 0.21584699453551912 0.02909090909090909 0.10382513661202186
2 0.3390909090909091 0.22540983606557377 0.03090909090909091 0.08469945355191257
2 0.5027272727272727 0.2855191256830601 0.04909090909090909 0.07923497267759563
2 0.5136363636363637 0.24316939890710382 0.04181818181818182 0.07650273224043716
2 0.5454545454545454 0.24180327868852458 0.02909090909090909 0.08469945355191257
2 0.5681818181818182 0.22404371584699453 0.02727272727272727 0.060109289617486336
2 0.5927272727272728 0.21994535519125682 0.02181818181818182 0.05737704918032787
2 0.67 0.24726775956284153 0.034545454545454546 0.07377049180327869
2 0.7427272727272727 0.28415300546448086 0.045454545454545456 0.12021857923497267
2 0.8081818181818182 0.26639344262295084 0.05272727272727273 0.09562841530054644
2 0.8372727272727273 0.2527322404371585 0.034545454545454546 0.06830601092896176
4 0.3809090909090909 0.19262295081967212 0.14727272727272728 0.07923497267759563
4 0.5372727272727272 0.19398907103825136 0.10727272727272727 0.060109289617486336
4 0.8136363636363636 0.21994535519125682 0.35818181818181816 0.11202185792349727
