0 0.11454545454545455 0.724376731301939 0.13454545454545455 0.5013850415512465
0 0.2381818181818182 0.7146814404432132 0.14545454545454545 0.5429362880886427
0 0.3336363636363636 0.7479224376731302 0.13636363636363635 0.5041551246537396
0 0.4090909090909091 0.7271468144044322 0.14181818181818182 0.5346260387811634
0 0.4863636363636364 0.7146814404432132 0.14727272727272728 0.554016620498615
0 0.6827272727272727 0.724376731301939 0.14727272727272728 0.5512465373961218
0 0.8827272727272727 0.5955678670360111 0.11454545454545455 0.4265927977839335
0 0.8309090909090909 0.4404432132963989 0.06181818181818182 0.23268698060941828
0 0.7790909090909091 0.6135734072022161 0.12181818181818181 0.4515235457063712
2 0.031818181818181815 0.5055401662049861 0.056363636363636366 0.14127423822714683
2 0.09090909090909091 0.4806094182825485 0.05818181818181818 0.09695290858725762
2 0.06545454545454546 0.42382271468144045 0.04727272727272727 0.07756232686980609
2 0.09272727272727273 0.32825484764542934 0.05090909090909091 0.07479224376731301
2 0.016363636363636365 0.3462603878116344 0.025454545454545455 0.038781163434903045
2 0.48 0.3448753462603878 0.09090909090909091 0.19113573407202217
2 0.4 0.42382271468144045 0.06181818181818182 0.0997229916897507
2 0.35545454545454547 0.44598337950138506 0.07090909090909091 0.11080332409972299
2 0.4636363636363636 0.4806094182825485 0.05454545454545454 0.10803324099722991
2 0.5454545454545454 0.4584487534626039 0.05454545454545454 0.08587257617728532
2 0.5936363636363636 0.40166204986149584 0.03090909090909091 0.0886426592797784
2 0.6790909090909091 0.42382271468144045 0.06727272727272728 0.10526315789473684
2 0.7018181818181818 0.34349030470914127 0.05454545454545454 0.09418282548476455
2 0.6327272727272727 0.5318559556786704 0.08 0.11634349030470914
2 0.7572727272727273 0.5207756232686981 0.09636363636363636 0.11634349030470914
2 0.15818181818181817 0.4556786703601108 0.06181818181818182 0.10803324099722991
2 0.2390909090909091 0.3545706371191136 0.03090909090909091 0.07756232686980609
2 0.27090909090909093 0.33933518005540164 0.04 0.09695290858725762
2 0.3281818181818182 0.33518005540166207 0.038181818181818185 0.07756232686980609
2 0.2990909090909091 0.44182825484764543 0.04181818181818182 0.10249307479224377
2 0.5772727272727273 0.3476454293628809 0.038181818181818185 0.05263157894736842
2 0.6418181818181818 0.3490304709141274 0.05090909090909091 0.07202216066481995
2 0.78 0.3573407202216066 0.04 0.08310249307479224
2 0.740909090909091 0.3628808864265928 0.04181818181818182 0.04986149584487535
2 0.9654545454545455 0.39196675900277006 0.04727272727272727 0.10249307479224377
