0 0.03875 0.5225140712945591 0.0775 0.32082551594746717
0 0.15625 0.48405253283302063 0.06 0.22138836772983114
0 0.22375 0.4878048780487805 0.06 0.225140712945591
0 0.185 0.5168855534709194 0.085 0.30956848030018763
0 0.38125 0.5412757973733584 0.125 0.4596622889305816
0 0.47125 0.5168855534709194 0.1175 0.4371482176360225
0 0.566875 0.5065666041275797 0.11375 0.4165103189493433
0 0.72625 0.550656660412758 0.1175 0.42964352720450283
0 0.753125 0.39399624765478425 0.01375 0.04878048780487805
0 0.846875 0.42120075046904315 0.02375 0.09193245778611632
0 0.8825 0.3902439024390244 0.015 0.0600375234521576
0 0.914375 0.42964352720450283 0.04625 0.16885553470919323
0 0.890625 0.3874296435272045 0.01375 0.054409005628517824
0 0.944375 0.4268292682926829 0.04375 0.1669793621013133
0 0.9775 0.45121951219512196 0.045 0.19324577861163228
2 0.306875 0.6829268292682927 0.11875 0.2851782363977486
2 0.28875 0.46153846153846156 0.09 0.2589118198874296
2 0.42 0.6754221388367729 0.12 0.31894934333958724
2 0.545625 0.6810506566604128 0.10375 0.3227016885553471
2 0.666875 0.6913696060037523 0.13875 0.34709193245778613
2 0.64875 0.4634146341463415 0.0825 0.2589118198874296
2 0.60375 0.3780487804878049 0.0375 0.06566604127579738
2 0.346875 0.35553470919324576 0.05625 0.06566604127579738
2 0.326875 0.39399624765478425 0.03875 0.0975609756097561
2 0.24875 0.42120075046904315 0.015 0.058161350844277676
2 0.26125 0.4024390243902439 0.02 0.043151969981238276
2 0.204375 0.42120075046904315 0.03125 0.07317073170731707
2 0.960625 0.37335834896810505 0.01125 0.0300187617260788
2 0.97375 0.37523452157598497 0.0125 0.0300187617260788
2 0.92875 0.3677298311444653 0.0175 0.01125703564727955
2 0.836875 0.3893058161350844 0.01375 0.04690431519699812
