0 0.81640625 0.5763546798029556 0.036458333333333336 0.1724137931034483
0 0.7936197916666666 0.6822660098522167 0.04296875 0.2019704433497537
0 0.716796875 0.7610837438423645 0.06640625 0.3103448275862069
0 0.673828125 0.7241379310344828 0.055989583333333336 0.2660098522167488
0 0.564453125 0.6982758620689655 0.048177083333333336 0.22413793103448276
0 0.5514322916666666 0.6933497536945813 0.045572916666666664 0.21921182266009853
2 0.2669270833333333 0.5467980295566502 0.03125 0.08374384236453201
2 0.31640625 0.5566502463054187 0.0390625 0.07389162561576355
2 0.3665364583333333 0.5492610837438424 0.045572916666666664 0.07389162561576355
2 0.412109375 0.541871921182266 0.037760416666666664 0.06896551724137931
2 0.478515625 0.5504926108374384 0.02734375 0.07142857142857142
2 0.5481770833333334 0.5492610837438424 0.036458333333333336 0.059113300492610835
2 0.6009114583333334 0.5443349753694581 0.032552083333333336 0.06896551724137931
2 0.6653645833333334 0.5554187192118226 0.0390625 0.05665024630541872
2 0.7102864583333334 0.5467980295566502 0.037760416666666664 0.06403940886699508
2 0.08138020833333333 0.9051724137931034 0.09505208333333333 0.14532019704433496
2 0.158203125 0.9396551724137931 0.07421875 0.10098522167487685
2 0.2571614583333333 0.9507389162561576 0.06380208333333333 0.07389162561576355
2 0.375 0.937192118226601 0.109375 0.12561576354679804
2 0.5221354166666666 0.9298029556650246 0.08072916666666667 0.1354679802955665
2 0.8528645833333334 0.9236453201970444 0.08072916666666667 0.12807881773399016
2 0.94921875 0.9482758620689655 0.08072916666666667 0.07881773399014778
2 0.576171875 0.8669950738916257 0.055989583333333336 0.12315270935960591
2 0.615234375 0.9618226600985221 0.061197916666666664 0.06157635467980296
2 0.6770833333333334 0.9273399014778325 0.078125 0.0960591133004926
2 0.67578125 0.854679802955665 0.0703125 0.10837438423645321
2 0.6419270833333334 0.8325123152709359 0.06510416666666667 0.09852216748768473
2 0.5970052083333334 0.7857142857142857 0.055989583333333336 0.09852216748768473
2 0.5709635416666666 0.7549261083743842 0.053385416666666664 0.10591133004926108
2 0.5247395833333334 0.7302955665024631 0.033854166666666664 0.05665024630541872
2 0.8072916666666666 0.8189655172413793 0.06510416666666667 0.11083743842364532
2 0.8528645833333334 0.8078817733990148 0.041666666666666664 0.06403940886699508
2 0.892578125 0.7389162561576355 0.055989583333333336 0.10837438423645321
2 0.9557291666666666 0.7278325123152709 0.052083333333333336 0.08620689655172414
2 0.259765625 0.8657635467980296 0.053385416666666664 0.11083743842364532
2 0.2864583333333333 0.7980295566502463 0.046875 0.12315270935960591
2 0.3450520833333333 0.7105911330049262 0.0390625 0.0812807881773399
2 0.36328125 0.7450738916256158 0.046875 0.07142857142857142
2 0.3763020833333333 0.8559113300492611 0.057291666666666664 0.10591133004926108
2 0.4557291666666667 0.8374384236453202 0.049479166666666664 0.10344827586206896
2 0.4850260416666667 0.8091133004926109 0.029947916666666668 0.08620689655172414
2 0.4622395833333333 0.7266009852216748 0.033854166666666664 0.08866995073891626
2 0.4205729166666667 0.75 0.041666666666666664 0.10098522167487685
2 0.2506510416666667 0.7623152709359606 0.040364583333333336 0.05172413793103448
2 0.2532552083333333 0.7179802955665024 0.04296875 0.05665024630541872
2 0.22330729166666666 0.8004926108374384 0.06901041666666667 0.12807881773399016
2 0.177734375 0.8620689655172413 0.061197916666666664 0.12315270935960591
2 0.046875 0.7857142857142857 0.0625 0.08866995073891626
2 0.08138020833333333 0.7647783251231527 0.032552083333333336 0.07142857142857142
2 0.12369791666666667 0.7549261083743842 0.036458333333333336 0.0812807881773399
2 0.16145833333333334 0.7487684729064039 0.028645833333333332 0.059113300492610835
2 0.18098958333333334 0.7302955665024631 0.036458333333333336 0.07635467980295567
2 0.833984375 0.7142857142857143 0.045572916666666664 0.07389162561576355
