0 0.08775510204081632 0.2589041095890411 0.053061224489795916 0.18356164383561643
0 0.1306122448979592 0.2493150684931507 0.04897959183673469 0.1643835616438356
0 0.2010204081632653 0.4849315068493151 0.21836734693877552 0.7123287671232876
0 0.16938775510204082 0.2452054794520548 0.053061224489795916 0.18356164383561643
0 0.6448979591836734 0.2465753424657534 0.05714285714285714 0.1917808219178082
0 0.6193877551020408 0.2534246575342466 0.04693877551020408 0.15616438356164383
0 0.7020408163265306 0.2493150684931507 0.04897959183673469 0.1643835616438356
0 0.6704081632653062 0.2465753424657534 0.04693877551020408 0.1589041095890411
0 0.7724489795918368 0.4780821917808219 0.18571428571428572 0.6164383561643836
0 0.8224489795918367 0.46301369863013697 0.15510204081632653 0.5095890410958904
2 0.47653061224489796 0.17534246575342466 0.07142857142857142 0.09315068493150686
2 0.5683673469387756 0.4123287671232877 0.5571428571428572 0.6328767123287671
2 0.2826530612244898 0.6712328767123288 0.2795918367346939 0.5260273972602739
2 0.5591836734693878 0.7712328767123288 0.27346938775510204 0.32602739726027397
2 0.8846938775510204 0.6671232876712329 0.14489795918367346 0.5452054794520548
2 0.9102040816326531 0.27123287671232876 0.07346938775510205 0.23013698630136986
2 0.9387755102040817 0.17123287671232876 0.036734693877551024 0.10136986301369863
2 0.8561224489795919 0.1863013698630137 0.04693877551020408 0.09315068493150686
2 0.8112244897959183 0.19726027397260273 0.030612244897959183 0.12602739726027398
2 0.11326530612244898 0.7109589041095891 0.13673469387755102 0.4575342465753425
