0 0.05 0.498220640569395 0.076 0.33451957295373663
0 0.16 0.5 0.128 0.5658362989323843
0 0.195 0.498220640569395 0.042 0.19217081850533807
0 0.244 0.48398576512455516 0.04 0.18505338078291814
0 0.304 0.4786476868327402 0.084 0.3736654804270463
0 0.347 0.4750889679715303 0.07 0.3096085409252669
0 0.376 0.47153024911032027 0.04 0.18149466192170818
0 0.395 0.4608540925266904 0.03 0.13167259786476868
0 0.407 0.4608540925266904 0.022 0.09608540925266904
0 0.437 0.46441281138790036 0.022 0.09608540925266904
0 0.464 0.4626334519572954 0.02 0.08540925266903915
0 0.494 0.44661921708185054 0.032 0.1387900355871886
0 0.511 0.4608540925266904 0.038 0.17437722419928825
0 0.533 0.45907473309608543 0.05 0.2206405693950178
0 0.596 0.4608540925266904 0.072 0.3096085409252669
0 0.64 0.45195729537366547 0.048 0.20640569395017794
0 0.682 0.45729537366548045 0.096 0.4234875444839858
0 0.702 0.45373665480427045 0.052 0.23843416370106763
0 0.791 0.45195729537366547 0.062 0.2775800711743772
0 0.844 0.42704626334519574 0.136 0.5907473309608541
0 0.946 0.45195729537366547 0.044 0.19217081850533807
0 0.908 0.4377224199288256 0.04 0.17793594306049823
0 0.958 0.44483985765124556 0.084 0.6334519572953736
2 0.098 0.4928825622775801 0.032 0.2669039145907473
2 0.426 0.4412811387900356 0.02 0.0498220640569395
2 0.573 0.3896797153024911 0.034 0.08185053380782918
