0 0.05683563748079877 0.5740740740740741 0.07680491551459294 0.28703703703703703
0 0.020737327188940093 0.5405092592592593 0.041474654377880185 0.18287037037037038
0 0.09293394777265745 0.5798611111111112 0.07834101382488479 0.28935185185185186
0 0.1313364055299539 0.5694444444444444 0.07219662058371736 0.2638888888888889
0 0.17204301075268819 0.5717592592592593 0.06758832565284179 0.25462962962962965
0 0.22657450076804916 0.5752314814814815 0.06912442396313365 0.2523148148148148
0 0.261136712749616 0.5717592592592593 0.06758832565284179 0.25462962962962965
0 0.2818740399385561 0.5555555555555556 0.07219662058371736 0.2638888888888889
0 0.3187403993855607 0.5659722222222222 0.06912442396313365 0.2523148148148148
0 0.3602150537634409 0.5949074074074074 0.05069124423963134 0.18981481481481483
0 0.41321044546851 0.5925925925925926 0.04915514592933948 0.18518518518518517
0 0.9761904761904762 0.6087962962962963 0.047619047619047616 0.26851851851851855
0 0.9516129032258065 0.5925925925925926 0.07219662058371736 0.27314814814814814
0 0.9178187403993856 0.5694444444444444 0.07219662058371736 0.26851851851851855
0 0.8609831029185868 0.5752314814814815 0.06912442396313365 0.2569444444444444
0 0.4631336405529954 0.5868055555555556 0.053763440860215055 0.19675925925925927
0 0.5015360983102919 0.5983796296296297 0.053763440860215055 0.19675925925925927
0 0.5422427035330261 0.5891203703703703 0.06451612903225806 0.23842592592592593
0 0.5944700460829493 0.59375 0.06144393241167435 0.2337962962962963
0 0.6459293394777266 0.6053240740740741 0.05683563748079877 0.21064814814814814
0 0.6804915514592934 0.59375 0.06144393241167435 0.22453703703703703
0 0.7327188940092166 0.6400462962962963 0.04608294930875576 0.16898148148148148
0 0.7534562211981567 0.59375 0.059907834101382486 0.22453703703703703
0 0.7864823348694316 0.6377314814814815 0.04915514592933948 0.18287037037037038
2 0.22043010752688172 0.41898148148148145 0.029185867895545316 0.032407407407407406
2 0.2910906298003072 0.3923611111111111 0.041474654377880185 0.04861111111111111
2 0.2565284178187404 0.43171296296296297 0.02457757296466974 0.03009259259259259
2 0.195852534562212 0.4479166666666667 0.029185867895545316 0.03935185185185185
2 0.30414746543778803 0.4340277777777778 0.021505376344086023 0.04398148148148148
2 0.3433179723502304 0.42939814814814814 0.029185867895545316 0.04398148148148148
2 0.3563748079877112 0.4664351851851852 0.021505376344086023 0.04861111111111111
2 0.3817204301075269 0.44907407407407407 0.029185867895545316 0.06481481481481481
2 0.4055299539170507 0.4583333333333333 0.027649769585253458 0.06018518518518518
2 0.4216589861751152 0.44212962962962965 0.02304147465437788 0.05092592592592592
2 0.4393241167434716 0.4224537037037037 0.02457757296466974 0.04398148148148148
2 0.46774193548387094 0.41782407407407407 0.02304147465437788 0.05324074074074074
2 0.49078341013824883 0.44675925925925924 0.029185867895545316 0.08796296296296297
2 0.5122887864823349 0.4050925925925926 0.019969278033794162 0.05092592592592592
2 0.5299539170506913 0.44328703703703703 0.027649769585253458 0.04861111111111111
2 0.5491551459293394 0.4131944444444444 0.026113671274961597 0.05787037037037037
2 0.5883256528417818 0.4039351851851852 0.03379416282642089 0.04398148148148148
2 0.5783410138248848 0.4479166666666667 0.03225806451612903 0.05787037037037037
2 0.6136712749615976 0.42939814814814814 0.019969278033794162 0.04861111111111111
2 0.631336405529954 0.4710648148148148 0.027649769585253458 0.05324074074074074
2 0.6589861751152074 0.4444444444444444 0.039938556067588324 0.06481481481481481
2 0.7089093701996928 0.46064814814814814 0.0445468509984639 0.06944444444444445
2 0.7450076804915514 0.44907407407407407 0.030721966205837174 0.07407407407407407
2 0.7150537634408602 0.5266203703703703 0.03840245775729647 0.07175925925925926
2 0.783410138248848 0.4409722222222222 0.039938556067588324 0.0625
2 0.8279569892473119 0.45023148148148145 0.03379416282642089 0.06712962962962964
2 0.7949308755760369 0.5127314814814815 0.03533026113671275 0.07175925925925926
2 0.82642089093702 0.6319444444444444 0.039938556067588324 0.1712962962962963
2 0.8648233486943164 0.6331018518518519 0.043010752688172046 0.16898148148148148
2 0.9109062980030722 0.6354166666666666 0.05222734254992319 0.16435185185185186
2 0.1175115207373272 0.6331018518518519 0.0445468509984639 0.16898148148148148
2 0.16052227342549924 0.6400462962962963 0.029185867895545316 0.17824074074074073
2 0.19969278033794163 0.6226851851851852 0.04608294930875576 0.16666666666666666
2 0.2542242703533026 0.6307870370370371 0.03533026113671275 0.1597222222222222
2 0.31259600614439326 0.6238425925925926 0.047619047619047616 0.16435185185185186
2 0.37480798771121354 0.6469907407407407 0.039938556067588324 0.1597222222222222
2 0.43010752688172044 0.6504629629629629 0.05222734254992319 0.1574074074074074
2 0.489247311827957 0.6585648148148148 0.041474654377880185 0.1550925925925926
2 0.5314900153609831 0.6458333333333334 0.043010752688172046 0.1574074074074074
2 0.5775729646697388 0.6550925925925926 0.043010752688172046 0.1712962962962963
2 0.6336405529953917 0.6423611111111112 0.05069124423963134 0.15046296296296297
2 0.6966205837173579 0.6597222222222222 0.053763440860215055 0.16666666666666666
2 0.07910906298003072 0.4479166666666667 0.02304147465437788 0.04398148148148148
2 0.1313364055299539 0.42592592592592593 0.026113671274961597 0.032407407407407406
