0 0.04921875 0.5027777777777778 0.0984375 0.5333333333333333
0 0.12734375 0.4361111111111111 0.0796875 0.35555555555555557
0 0.0953125 0.45555555555555555 0.08125 0.3611111111111111
0 0.17734375 0.5097222222222222 0.0921875 0.4083333333333333
0 0.25859375 0.5083333333333333 0.0859375 0.38333333333333336
0 0.20234375 0.4375 0.0703125 0.30833333333333335
0 0.2953125 0.4791666666666667 0.06875 0.30833333333333335
0 0.371875 0.5 0.0875 0.38333333333333336
0 0.3953125 0.4486111111111111 0.078125 0.3472222222222222
0 0.42890625 0.46805555555555556 0.0671875 0.2916666666666667
0 0.4875 0.5027777777777778 0.071875 0.31666666666666665
0 0.59765625 0.6430555555555556 0.1515625 0.6583333333333333
0 0.5125 0.4388888888888889 0.059375 0.25555555555555554
0 0.546875 0.4583333333333333 0.0625 0.2777777777777778
0 0.64921875 0.4166666666666667 0.0515625 0.2222222222222222
0 0.73515625 0.45 0.0640625 0.2833333333333333
0 0.81953125 0.475 0.0671875 0.28888888888888886
0 0.91328125 0.5069444444444444 0.0609375 0.26944444444444443
0 0.67734375 0.36527777777777776 0.0296875 0.13055555555555556
0 0.69296875 0.3736111111111111 0.0265625 0.11388888888888889
