0 0.02142857142857143 0.40192307692307694 0.04285714285714286 0.21153846153846154
0 0.04404761904761905 0.40384615384615385 0.05 0.2076923076923077
0 0.07023809523809524 0.4115384615384615 0.05476190476190476 0.2153846153846154
0 0.0988095238095238 0.4230769230769231 0.05952380952380952 0.23846153846153847
0 0.13214285714285715 0.4076923076923077 0.06904761904761905 0.2692307692307692
0 0.21785714285714286 0.5634615384615385 0.14047619047619048 0.5576923076923077
0 0.28095238095238095 0.43846153846153846 0.08095238095238096 0.33076923076923076
0 0.32261904761904764 0.43653846153846154 0.08333333333333333 0.3346153846153846
0 0.3761904761904762 0.46923076923076923 0.08571428571428572 0.3384615384615385
0 0.4511904761904762 0.475 0.08333333333333333 0.3423076923076923
0 0.5095238095238095 0.45576923076923076 0.0761904761904762 0.31153846153846154
0 0.5666666666666667 0.49615384615384617 0.1 0.4
0 0.6416666666666667 0.5057692307692307 0.11190476190476191 0.4423076923076923
0 0.5857142857142857 0.4634615384615385 0.08571428571428572 0.3346153846153846
0 0.6928571428571428 0.47115384615384615 0.09523809523809523 0.38076923076923075
0 0.7904761904761904 0.47692307692307695 0.1 0.4076923076923077
0 0.8928571428571429 0.45 0.10952380952380952 0.4307692307692308
0 0.8428571428571429 0.24615384615384617 0.014285714285714285 0.06923076923076923
0 0.8785714285714286 0.2519230769230769 0.014285714285714285 0.057692307692307696
0 0.9583333333333334 0.2403846153846154 0.016666666666666666 0.06538461538461539
0 0.9821428571428571 0.23846153846153847 0.011904761904761904 0.05384615384615385
0 0.8047619047619048 0.25769230769230766 0.014285714285714285 0.05384615384615385
0 0.7785714285714286 0.24615384615384617 0.014285714285714285 0.06153846153846154
0 0.7261904761904762 0.24807692307692308 0.014285714285714285 0.057692307692307696
0 0.6202380952380953 0.25769230769230766 0.011904761904761904 0.046153846153846156
0 0.48333333333333334 0.27307692307692305 0.014285714285714285 0.06153846153846154
0 0.4630952380952381 0.275 0.011904761904761904 0.057692307692307696
0 0.5666666666666667 0.26346153846153847 0.009523809523809525 0.05
0 0.5571428571428572 0.26153846153846155 0.009523809523809525 0.046153846153846156
0 0.49523809523809526 0.2653846153846154 0.014285714285714285 0.05384615384615385
2 0.35833333333333334 0.3076923076923077 0.04523809523809524 0.06923076923076923
2 0.009523809523809525 0.29423076923076924 0.014285714285714285 0.04230769230769231
2 0.02619047619047619 0.28846153846153844 0.014285714285714285 0.038461538461538464
2 0.06666666666666667 0.2923076923076923 0.023809523809523808 0.038461538461538464
2 0.12023809523809524 0.2846153846153846 0.02619047619047619 0.038461538461538464
2 0.16666666666666666 0.3 0.02857142857142857 0.05384615384615385
2 0.18214285714285713 0.36153846153846153 0.05476190476190476 0.12307692307692308
2 0.21904761904761905 0.2673076923076923 0.02857142857142857 0.026923076923076925
