0 0.21836734693877552 0.13763066202090593 0.02040816326530612 0.08710801393728224
0 0.2530612244897959 0.12020905923344948 0.024489795918367346 0.10104529616724739
0 0.26632653061224487 0.13763066202090593 0.018367346938775512 0.08013937282229965
0 0.2816326530612245 0.12195121951219512 0.02040816326530612 0.0975609756097561
0 0.19081632653061226 0.13763066202090593 0.022448979591836733 0.09407665505226481
0 0.2 0.2073170731707317 0.02857142857142857 0.12195121951219512
0 0.1816326530612245 0.3240418118466899 0.04081632653061224 0.18118466898954705
0 0.24693877551020407 0.5609756097560976 0.17142857142857143 0.7247386759581882
0 0.04897959183673469 0.5313588850174216 0.024489795918367346 0.11498257839721254
0 0.3051020408163265 0.44947735191637633 0.04693877551020408 0.1951219512195122
0 0.3153061224489796 0.40069686411149824 0.04285714285714286 0.18118466898954705
0 0.36122448979591837 0.3623693379790941 0.04897959183673469 0.20905923344947736
0 0.5469387755102041 0.5644599303135889 0.13877551020408163 0.578397212543554
0 0.4530612244897959 0.5871080139372822 0.07755102040816327 0.3310104529616725
0 0.823469387755102 0.5 0.10408163265306122 0.4425087108013937
0 0.9520408163265306 0.43902439024390244 0.09591836734693877 0.5226480836236934
1 0.7765306122448979 0.13414634146341464 0.018367346938775512 0.07317073170731707
1 0.7928571428571428 0.13240418118466898 0.022448979591836733 0.09059233449477352
2 0.42653061224489797 0.30662020905923343 0.0326530612244898 0.04878048780487805
2 0.6469387755102041 0.5592334494773519 0.05714285714285714 0.08710801393728224
2 0.8704081632653061 0.5156794425087108 0.022448979591836733 0.05574912891986063
2 0.8908163265306123 0.5627177700348432 0.018367346938775512 0.04529616724738676
