0 0.19090909090909092 0.7129186602870813 0.12363636363636364 0.39712918660287083
0 0.4381818181818182 0.6782296650717703 0.10909090909090909 0.35167464114832536
0 0.6054545454545455 0.6471291866028708 0.06545454545454546 0.21291866028708134
0 0.6636363636363637 0.6710526315789473 0.07272727272727272 0.23684210526315788
0 0.6945454545454546 0.6578947368421053 0.07272727272727272 0.23923444976076555
0 0.7172727272727273 0.6244019138755981 0.06727272727272728 0.22009569377990432
0 0.7445454545454545 0.6399521531100478 0.06363636363636363 0.20334928229665072
0 0.7881818181818182 0.631578947368421 0.06363636363636363 0.21052631578947367
0 0.850909090909091 0.6602870813397129 0.06909090909090909 0.22966507177033493
0 0.8818181818181818 0.6435406698564593 0.06909090909090909 0.22966507177033493
0 0.8945454545454545 0.6339712918660287 0.06181818181818182 0.20574162679425836
0 0.31363636363636366 0.465311004784689 0.038181818181818185 0.12679425837320574
0 0.3709090909090909 0.43899521531100477 0.03272727272727273 0.10287081339712918
0 0.39 0.4449760765550239 0.03090909090909091 0.10047846889952153
0 0.41545454545454547 0.4533492822966507 0.03090909090909091 0.10287081339712918
0 0.4309090909090909 0.4605263157894737 0.02909090909090909 0.09808612440191387
0 0.9590909090909091 0.6028708133971292 0.023636363636363636 0.08133971291866028
2 0.27090909090909093 0.45095693779904306 0.014545454545454545 0.02631578947368421
2 0.22363636363636363 0.4449760765550239 0.01818181818181818 0.03349282296650718
2 0.19090909090909092 0.43779904306220097 0.01818181818181818 0.023923444976076555
2 0.019090909090909092 0.41866028708133973 0.023636363636363636 0.023923444976076555
2 0.04 0.41866028708133973 0.007272727272727273 0.03827751196172249
2 0.060909090909090906 0.4246411483253589 0.012727272727272728 0.03110047846889952
2 0.07454545454545454 0.4222488038277512 0.01090909090909091 0.02631578947368421
4 0.7 0.47607655502392343 0.5672727272727273 0.13875598086124402
