0 0.032 0.4457831325301205 0.064 0.2469879518072289
0 0.057 0.4322289156626506 0.07 0.2560240963855422
0 0.09 0.45180722891566266 0.064 0.23493975903614459
0 0.124 0.4442771084337349 0.072 0.2680722891566265
0 0.16 0.48493975903614456 0.06 0.22289156626506024
0 0.291 0.49849397590361444 0.05 0.1897590361445783
0 0.185 0.44728915662650603 0.066 0.25
0 0.212 0.4442771084337349 0.068 0.2560240963855422
0 0.233 0.4352409638554217 0.066 0.24397590361445784
0 0.305 0.44126506024096385 0.058 0.21385542168674698
0 0.344 0.4457831325301205 0.06 0.2289156626506024
0 0.389 0.4457831325301205 0.062 0.2289156626506024
0 0.428 0.4894578313253012 0.048 0.18373493975903615
0 0.467 0.4503012048192771 0.062 0.2319277108433735
0 0.503 0.4126506024096386 0.058 0.21084337349397592
0 0.538 0.4939759036144578 0.048 0.18674698795180722
0 0.556 0.4292168674698795 0.068 0.2560240963855422
0 0.605 0.4397590361445783 0.066 0.24096385542168675
0 0.579 0.4292168674698795 0.062 0.2319277108433735
0 0.632 0.4397590361445783 0.064 0.24096385542168675
0 0.68 0.45481927710843373 0.06 0.22289156626506024
0 0.736 0.4322289156626506 0.068 0.2560240963855422
0 0.794 0.5030120481927711 0.044 0.16265060240963855
0 0.795 0.43373493975903615 0.066 0.2469879518072289
0 0.834 0.4246987951807229 0.068 0.2469879518072289
0 0.861 0.42620481927710846 0.066 0.25
0 0.89 0.42168674698795183 0.064 0.23493975903614459
0 0.925 0.48042168674698793 0.046 0.1716867469879518
0 0.924 0.4246987951807229 0.068 0.2469879518072289
0 0.942 0.4397590361445783 0.064 0.23493975903614459
0 0.966 0.42168674698795183 0.068 0.25903614457831325
0 0.977 0.43373493975903615 0.046 0.25301204819277107
2 0.192 0.27710843373493976 0.024 0.04216867469879518
2 0.249 0.28012048192771083 0.026 0.04216867469879518
2 0.303 0.27710843373493976 0.026 0.024096385542168676
2 0.358 0.2816265060240964 0.032 0.03313253012048193
2 0.479 0.30120481927710846 0.026 0.024096385542168676
2 0.418 0.34789156626506024 0.024 0.045180722891566265
2 0.279 0.3493975903614458 0.026 0.05421686746987952
2 0.677 0.3463855421686747 0.03 0.04819277108433735
2 0.77 0.34036144578313254 0.024 0.03614457831325301
2 0.874 0.3433734939759036 0.024 0.04216867469879518
