0 0.03571428571428571 0.5992063492063492 0.07142857142857142 0.35714285714285715
0 0.1328125 0.6964285714285714 0.109375 0.4880952380952381
0 0.19754464285714285 0.7638888888888888 0.10491071428571429 0.45634920634920634
0 0.328125 0.5714285714285714 0.05803571428571429 0.2619047619047619
0 0.23214285714285715 0.5535714285714286 0.049107142857142856 0.2261904761904762
0 0.36607142857142855 0.6607142857142857 0.09821428571428571 0.43253968253968256
0 0.4609375 0.5892857142857143 0.06473214285714286 0.28174603174603174
0 0.5100446428571429 0.7202380952380952 0.12276785714285714 0.5357142857142857
0 0.5479910714285714 0.6190476190476191 0.07366071428571429 0.3333333333333333
0 0.6138392857142857 0.5952380952380952 0.07142857142857142 0.31746031746031744
0 0.6752232142857143 0.6865079365079365 0.10491071428571429 0.4603174603174603
0 0.7857142857142857 0.6527777777777778 0.08928571428571429 0.38492063492063494
0 0.8560267857142857 0.6309523809523809 0.07366071428571429 0.3333333333333333
0 0.29575892857142855 0.5396825396825397 0.033482142857142856 0.15873015873015872
1 0.12276785714285714 0.5277777777777778 0.03125 0.1349206349206349
2 0.10379464285714286 0.5 0.029017857142857144 0.047619047619047616
2 0.20424107142857142 0.4781746031746032 0.05133928571428571 0.10714285714285714
