0 0.8163265306122449 0.8101071975497703 0.04081632653061224 0.07963246554364471
0 0.8510204081632653 0.7940275650842267 0.04081632653061224 0.0781010719754977
0 0.8785714285714286 0.7687595712098009 0.04693877551020408 0.08575803981623277
0 0.9295918367346939 0.8009188361408882 0.04285714285714286 0.07963246554364471
0 0.9622448979591837 0.8223583460949464 0.03469387755102041 0.06738131699846861
0 0.8244897959183674 0.6730474732006125 0.04897959183673469 0.0903522205206738
0 0.7979591836734694 0.6776416539050536 0.0326530612244898 0.05972434915773354
0 0.7806122448979592 0.6822358346094947 0.04285714285714286 0.08116385911179173
0 0.736734693877551 0.7350689127105666 0.053061224489795916 0.09800918836140889
0 0.7438775510204082 0.6607963246554365 0.03877551020408163 0.07197549770290965
0 0.9775510204081632 0.6454823889739663 0.02857142857142857 0.05359877488514548
0 0.9469387755102041 0.6462480857580398 0.024489795918367346 0.04900459418070444
0 0.939795918367347 0.6171516079632465 0.026530612244897958 0.04900459418070444
0 0.9826530612244898 0.5658499234303216 0.030612244897959183 0.05972434915773354
0 0.9255102040816326 0.5160796324655437 0.026530612244897958 0.04900459418070444
0 0.9061224489795918 0.5114854517611026 0.02040816326530612 0.036753445635528334
0 0.7091836734693877 0.5551301684532925 0.022448979591836733 0.0444104134762634
0 0.7183673469387755 0.5367534456355283 0.02857142857142857 0.05666156202143951
0 0.6887755102040817 0.6408882082695253 0.04285714285714286 0.08116385911179173
0 0.6602040816326531 0.6194486983154671 0.04285714285714286 0.08422664624808576
0 0.6510204081632653 0.5980091883614089 0.04081632653061224 0.07503828483920368
0 0.6244897959183674 0.5635528330781011 0.036734693877551024 0.07044410413476264
0 0.6204081632653061 0.5474732006125574 0.036734693877551024 0.06584992343032159
0 0.5122448979591837 0.5926493108728943 0.04081632653061224 0.07350689127105667
0 0.5102040816326531 0.5635528330781011 0.0326530612244898 0.06431852986217458
0 0.42653061224489797 0.6309341500765697 0.04081632653061224 0.07656967840735068
0 0.4744897959183674 0.6569678407350689 0.04693877551020408 0.0888208269525268
0 0.3520408163265306 0.6738131699846861 0.05102040816326531 0.09188361408882083
0 0.4418367346938776 0.7879019908116386 0.04693877551020408 0.0903522205206738
0 0.41836734693877553 0.7787136294027565 0.04897959183673469 0.0903522205206738
0 0.4 0.7442572741194488 0.04897959183673469 0.09188361408882083
0 0.45816326530612245 0.5352220520673813 0.04285714285714286 0.08116385911179173
0 0.4846938775510204 0.5375191424196019 0.030612244897959183 0.05819295558958652
0 0.523469387755102 0.5122511485451761 0.026530612244897958 0.05053598774885146
0 0.4306122448979592 0.5344563552833078 0.04081632653061224 0.07656967840735068
0 0.4153061224489796 0.5206738131699847 0.03877551020408163 0.07044410413476264
0 0.35816326530612247 0.5467075038284839 0.03877551020408163 0.07656967840735068
0 0.3510204081632653 0.4793261868300153 0.02857142857142857 0.05819295558958652
0 0.3295918367346939 0.49310872894333846 0.030612244897959183 0.06125574272588055
0 0.39081632653061227 0.4908116385911179 0.03469387755102041 0.06278713629402756
0 0.4775510204081633 0.47013782542113325 0.02040816326530612 0.042879019908116385
0 0.5 0.5160796324655437 0.036734693877551024 0.07044410413476264
0 0.5846938775510204 0.47090352220520676 0.03877551020408163 0.07197549770290965
0 0.6336734693877552 0.46937212863705974 0.03469387755102041 0.06278713629402756
0 0.6795918367346939 0.4448698315467075 0.036734693877551024 0.06891271056661562
0 0.32142857142857145 0.39586523736600304 0.026530612244897958 0.05359877488514548
0 0.37755102040816324 0.43721286370597245 0.036734693877551024 0.06584992343032159
0 0.5306122448979592 0.37442572741194485 0.0326530612244898 0.05972434915773354
0 0.5285714285714286 0.29173047473200614 0.024489795918367346 0.0444104134762634
0 0.30918367346938774 0.32465543644716693 0.030612244897959183 0.06125574272588055
0 0.4459183673469388 0.3836140888208269 0.026530612244897958 0.04747320061255743
1 0.7602040816326531 0.47320061255742724 0.026530612244897958 0.04900459418070444
1 0.7448979591836735 0.4777947932618683 0.004081632653061225 0.01225114854517611
1 0.6051020408163266 0.7718223583460949 0.04693877551020408 0.0888208269525268
1 0.5806122448979592 0.7802450229709035 0.026530612244897958 0.04747320061255743
1 0.5642857142857143 0.5581929555895865 0.03877551020408163 0.07197549770290965
1 0.539795918367347 0.5643185298621746 0.014285714285714285 0.026033690658499236
2 0.48775510204081635 0.30245022970903523 0.02040816326530612 0.022970903522205207
2 0.5122448979591837 0.37059724349157736 0.024489795918367346 0.018376722817764167
2 0.47244897959183674 0.3675344563552833 0.022448979591836733 0.01225114854517611
2 0.7775510204081633 0.40888208269525267 0.02040816326530612 0.015313935681470138
2 0.7316326530612245 0.4777947932618683 0.01020408163265306 0.018376722817764167
2 0.7775510204081633 0.6163859111791731 0.0163265306122449 0.022970903522205207
2 0.8214285714285714 0.6255742725880551 0.014285714285714285 0.016845329249617153
2 0.5469387755102041 0.4770290964777948 0.012244897959183673 0.016845329249617153
2 0.576530612244898 0.4908116385911179 0.022448979591836733 0.019908116385911178
2 0.5561224489795918 0.44869831546707506 0.014285714285714285 0.021439509954058193
2 0.41836734693877553 0.44946401225114857 0.0326530612244898 0.03215926493108729
2 0.4448979591836735 0.4387442572741195 0.02040816326530612 0.02909647779479326
4 0.22755102040816327 0.1768759571209801 0.38979591836734695 0.17917304747320062
4 0.3979591836734694 0.34762633996937214 0.47346938775510206 0.1562021439509954
