0 0.156 0.6494661921708185 0.076 0.33807829181494664
0 0.957 0.3896797153024911 0.034 0.1601423487544484
0 0.902 0.38434163701067614 0.048 0.21352313167259787
0 0.23 0.4804270462633452 0.032 0.1494661921708185
0 0.262 0.49110320284697506 0.04 0.17793594306049823
0 0.292 0.4893238434163701 0.044 0.18861209964412812
0 0.328 0.49466192170818507 0.044 0.199288256227758
0 0.355 0.49466192170818507 0.038 0.17793594306049823
0 0.398 0.47330960854092524 0.04 0.18505338078291814
0 0.434 0.47330960854092524 0.048 0.21352313167259787
0 0.472 0.4750889679715303 0.048 0.21708185053380782
0 0.529 0.46441281138790036 0.054 0.2313167259786477
0 0.585 0.45729537366548045 0.05 0.22419928825622776
0 0.643 0.4483985765124555 0.05 0.21352313167259787
0 0.692 0.42704626334519574 0.06 0.26334519572953735
0 0.74 0.400355871886121 0.06 0.27402135231316727
0 0.813 0.5177935943060499 0.034 0.14590747330960854
0 0.772 0.4430604982206406 0.056 0.24555160142348753
2 0.308 0.3274021352313167 0.02 0.028469750889679714
2 0.279 0.3701067615658363 0.022 0.03558718861209965
2 0.316 0.35587188612099646 0.028 0.028469750889679714
2 0.345 0.3594306049822064 0.018 0.042704626334519574
2 0.375 0.3701067615658363 0.022 0.03558718861209965
2 0.389 0.34519572953736655 0.022 0.03558718861209965
2 0.389 0.304270462633452 0.014 0.03202846975088968
2 0.413 0.3220640569395018 0.022 0.03914590747330961
2 0.432 0.30604982206405695 0.02 0.0498220640569395
2 0.45 0.33629893238434166 0.024 0.060498220640569395
2 0.494 0.33274021352313166 0.024 0.046263345195729534
2 0.49 0.29359430604982206 0.024 0.03914590747330961
2 0.517 0.3220640569395018 0.026 0.05338078291814947
2 0.544 0.3416370106761566 0.028 0.05693950177935943
2 0.535 0.28647686832740216 0.022 0.046263345195729534
2 0.565 0.302491103202847 0.022 0.03558718861209965
2 0.6 0.3238434163701068 0.028 0.05693950177935943
2 0.608 0.26334519572953735 0.024 0.03558718861209965
2 0.624 0.30782918149466193 0.02 0.03914590747330961
2 0.65 0.298932384341637 0.024 0.05693950177935943
2 0.775 0.27580071174377224 0.034 0.08185053380782918
2 0.809 0.5658362989323843 0.042 0.0711743772241993
2 0.727 0.5622775800711743 0.034 0.06405693950177936
2 0.661 0.5516014234875445 0.034 0.0498220640569395
2 0.611 0.5587188612099644 0.038 0.06405693950177936
2 0.555 0.5604982206405694 0.038 0.07473309608540925
2 0.494 0.5729537366548043 0.028 0.06405693950177936
2 0.446 0.5747330960854092 0.028 0.060498220640569395
2 0.412 0.6138790035587188 0.016 0.05338078291814947
2 0.396 0.6476868327402135 0.028 0.05693950177935943
2 0.389 0.5889679715302492 0.022 0.05338078291814947
2 0.359 0.5960854092526691 0.026 0.06761565836298933
2 0.313 0.5925266903914591 0.022 0.060498220640569395
2 0.272 0.5925266903914591 0.028 0.060498220640569395
2 0.231 0.5818505338078291 0.034 0.05338078291814947
2 0.203 0.6120996441281139 0.026 0.042704626334519574
4 0.933 0.3540925266903915 0.11 0.09608540925266904
