0 0.8483333333333334 0.8411016949152542 0.05333333333333334 0.1652542372881356
0 0.9775 0.7870762711864406 0.045 0.13771186440677965
0 0.9208333333333333 0.4608050847457627 0.018333333333333333 0.057203389830508475
0 0.8566666666666667 0.510593220338983 0.013333333333333334 0.046610169491525424
0 0.8141666666666667 0.6546610169491526 0.021666666666666667 0.07203389830508475
0 0.7616666666666667 0.6694915254237288 0.02 0.06779661016949153
0 0.7866666666666666 0.690677966101695 0.01 0.038135593220338986
0 0.7108333333333333 0.6578389830508474 0.028333333333333332 0.08686440677966102
0 0.7441666666666666 0.6313559322033898 0.025 0.0847457627118644
0 0.6691666666666667 0.6557203389830508 0.035 0.10805084745762712
0 0.6225 0.6610169491525424 0.025 0.0847457627118644
0 0.5758333333333333 0.690677966101695 0.021666666666666667 0.06779661016949153
0 0.5566666666666666 0.6536016949152542 0.03333333333333333 0.1038135593220339
0 0.11583333333333333 0.7891949152542372 0.045 0.1461864406779661
0 0.515 0.590042372881356 0.02 0.06991525423728813
0 0.5941666666666666 0.5847457627118644 0.025 0.08050847457627118
0 0.37 0.5953389830508474 0.03 0.09745762711864407
0 0.4166666666666667 0.5307203389830508 0.02 0.0614406779661017
0 0.29833333333333334 0.6101694915254238 0.03333333333333333 0.1016949152542373
0 0.26666666666666666 0.6345338983050848 0.03 0.09957627118644068
0 0.23833333333333334 0.6398305084745762 0.03333333333333333 0.1059322033898305
0 0.175 0.6154661016949152 0.02666666666666667 0.08686440677966102
0 0.17666666666666667 0.5180084745762712 0.023333333333333334 0.07415254237288135
0 0.135 0.4989406779661017 0.02 0.06567796610169492
0 0.79 0.4396186440677966 0.016666666666666666 0.057203389830508475
0 0.7691666666666667 0.4332627118644068 0.015 0.05296610169491525
0 0.7775 0.486228813559322 0.015 0.04449152542372881
0 0.59 0.4904661016949153 0.02 0.0614406779661017
0 0.5608333333333333 0.510593220338983 0.021666666666666667 0.07203389830508475
0 0.5175 0.4925847457627119 0.025 0.0826271186440678
0 0.49583333333333335 0.4989406779661017 0.018333333333333333 0.057203389830508475
0 0.4608333333333333 0.5360169491525424 0.018333333333333333 0.05508474576271186
0 0.12416666666666666 0.6345338983050848 0.021666666666666667 0.07415254237288135
0 0.09416666666666666 0.6239406779661016 0.03166666666666667 0.09957627118644068
0 0.06666666666666667 0.625 0.03333333333333333 0.1016949152542373
0 0.043333333333333335 0.6271186440677966 0.03 0.09745762711864407
0 0.016666666666666666 0.5402542372881356 0.02666666666666667 0.0847457627118644
0 0.0425 0.538135593220339 0.018333333333333333 0.059322033898305086
0 0.06916666666666667 0.5529661016949152 0.021666666666666667 0.06779661016949153
0 0.115 0.5688559322033898 0.013333333333333334 0.04449152542372881
0 0.10083333333333333 0.5360169491525424 0.021666666666666667 0.07203389830508475
0 0.3283333333333333 0.4639830508474576 0.016666666666666666 0.059322033898305086
0 0.655 0.5826271186440678 0.016666666666666666 0.05508474576271186
0 0.6816666666666666 0.5794491525423728 0.016666666666666666 0.05296610169491525
1 0.13916666666666666 0.8569915254237288 0.04833333333333333 0.15466101694915255
2 0.1925 0.7701271186440678 0.021666666666666667 0.023305084745762712
2 0.5166666666666667 0.6864406779661016 0.02666666666666667 0.03389830508474576
2 0.8058333333333333 0.4968220338983051 0.021666666666666667 0.03177966101694915
2 0.7466666666666667 0.5561440677966102 0.016666666666666666 0.02754237288135593
4 0.3958333333333333 0.4110169491525424 0.735 0.09745762711864407
4 0.64 0.3230932203389831 0.26666666666666666 0.09957627118644068
4 0.8616666666666667 0.4152542372881356 0.08333333333333333 0.1016949152542373
