0 0.06666666666666667 0.047619047619047616 0.01 0.040100250626566414
0 0.05416666666666667 0.047619047619047616 0.008333333333333333 0.040100250626566414
0 0.041666666666666664 0.040100250626566414 0.01 0.03508771929824561
0 0.03666666666666667 0.07518796992481203 0.01 0.045112781954887216
0 0.0525 0.07518796992481203 0.008333333333333333 0.03508771929824561
0 0.03166666666666667 0.12155388471177944 0.016666666666666666 0.06265664160401002
0 0.05333333333333334 0.12406015037593984 0.016666666666666666 0.06265664160401002
0 0.06333333333333334 0.11904761904761904 0.016666666666666666 0.06265664160401002
0 0.10083333333333333 0.11528822055137844 0.015 0.05513784461152882
0 0.1175 0.11654135338345864 0.015 0.05764411027568922
0 0.14666666666666667 0.12030075187969924 0.013333333333333334 0.05513784461152882
0 0.1325 0.06766917293233082 0.008333333333333333 0.040100250626566414
0 0.14166666666666666 0.06265664160401002 0.01 0.045112781954887216
0 0.19583333333333333 0.11654135338345864 0.015 0.05263157894736842
0 0.23416666666666666 0.11027568922305764 0.018333333333333333 0.06516290726817042
0 0.25416666666666665 0.10776942355889724 0.015 0.05513784461152882
0 0.2808333333333333 0.11027568922305764 0.015 0.05513784461152882
0 0.3225 0.11152882205513784 0.018333333333333333 0.07268170426065163
0 0.335 0.11779448621553884 0.013333333333333334 0.05012531328320802
0 0.35583333333333333 0.11528822055137844 0.011666666666666667 0.05012531328320802
0 0.37916666666666665 0.11403508771929824 0.015 0.05764411027568922
0 0.4033333333333333 0.11403508771929824 0.013333333333333334 0.05764411027568922
0 0.4175 0.11779448621553884 0.015 0.05513784461152882
0 0.44083333333333335 0.11152882205513784 0.015 0.05764411027568922
0 0.4716666666666667 0.11779448621553884 0.013333333333333334 0.05513784461152882
0 0.49166666666666664 0.12781954887218044 0.016666666666666666 0.06015037593984962
0 0.5091666666666667 0.13157894736842105 0.018333333333333333 0.06766917293233082
0 0.5233333333333333 0.13784461152882205 0.016666666666666666 0.06516290726817042
0 0.5366666666666666 0.14536340852130325 0.013333333333333334 0.05012531328320802
0 0.5458333333333333 0.14536340852130325 0.015 0.05513784461152882
0 0.5583333333333333 0.14035087719298245 0.016666666666666666 0.06015037593984962
0 0.5716666666666667 0.14411027568922305 0.016666666666666666 0.06766917293233082
0 0.5833333333333334 0.15162907268170425 0.016666666666666666 0.06766917293233082
0 0.6025 0.14661654135338345 0.015 0.05764411027568922
0 0.62 0.15288220551378445 0.016666666666666666 0.07017543859649122
0 0.6266666666666667 0.15914786967418545 0.016666666666666666 0.06265664160401002
0 0.6408333333333334 0.16165413533834586 0.018333333333333333 0.07268170426065163
0 0.67 0.16917293233082706 0.02 0.07268170426065163
0 0.6891666666666667 0.17293233082706766 0.018333333333333333 0.07017543859649122
0 0.7008333333333333 0.17669172932330826 0.018333333333333333 0.07268170426065163
0 0.715 0.18170426065162906 0.02 0.08270676691729323
0 0.7341666666666666 0.18546365914786966 0.018333333333333333 0.07518796992481203
0 0.7441666666666666 0.19423558897243107 0.025 0.09273182957393483
0 0.7633333333333333 0.20175438596491227 0.023333333333333334 0.08771929824561403
0 0.775 0.20927318295739347 0.023333333333333334 0.08771929824561403
0 0.7891666666666667 0.21679197994987467 0.021666666666666667 0.08771929824561403
0 0.7991666666666667 0.22180451127819548 0.025 0.09774436090225563
0 0.8158333333333333 0.22807017543859648 0.021666666666666667 0.08521303258145363
0 0.8241666666666667 0.24686716791979949 0.021666666666666667 0.08270676691729323
0 0.8416666666666667 0.2581453634085213 0.02 0.07518796992481203
0 0.8058333333333333 0.13784461152882205 0.015 0.06015037593984962
0 0.855 0.2681704260651629 0.023333333333333334 0.09523809523809523
0 0.8625 0.2844611528822055 0.028333333333333332 0.10776942355889724
0 0.8925 0.23433583959899748 0.021666666666666667 0.07769423558897243
0 0.875 0.30952380952380953 0.02 0.08270676691729323
0 0.8925 0.32957393483709274 0.021666666666666667 0.08270676691729323
0 0.8866666666666667 0.37969924812030076 0.023333333333333334 0.08771929824561403
0 0.87 0.39348370927318294 0.013333333333333334 0.05513784461152882
0 0.88 0.4649122807017544 0.02666666666666667 0.10275689223057644
0 0.8591666666666666 0.47368421052631576 0.028333333333333332 0.10526315789473684
0 0.8333333333333334 0.4949874686716792 0.03666666666666667 0.14285714285714285
0 0.7675 0.5325814536340853 0.041666666666666664 0.15789473684210525
0 0.8966666666666666 0.5551378446115288 0.03333333333333333 0.12781954887218044
0 0.8708333333333333 0.568922305764411 0.035 0.13533834586466165
0 0.8433333333333334 0.5939849624060151 0.043333333333333335 0.16541353383458646
0 0.805 0.6115288220551378 0.043333333333333335 0.16541353383458646
0 0.96 0.5112781954887218 0.04 0.15538847117794485
0 0.9783333333333334 0.4649122807017544 0.04 0.15288220551378445
0 0.9858333333333333 0.41228070175438597 0.028333333333333332 0.12781954887218044
0 0.9675 0.37092731829573933 0.025 0.10025062656641603
0 0.9566666666666667 0.3609022556390977 0.02666666666666667 0.10025062656641603
0 0.7216666666666667 0.6553884711779449 0.043333333333333335 0.16791979949874686
0 0.7133333333333334 0.5651629072681704 0.043333333333333335 0.16791979949874686
0 0.6441666666666667 0.6052631578947368 0.045 0.16290726817042606
0 0.6558333333333334 0.6942355889724311 0.04833333333333333 0.18546365914786966
0 0.5775 0.6303258145363408 0.03833333333333333 0.14786967418546365
0 0.5175 0.6478696741854637 0.045 0.17293233082706766
0 0.4683333333333333 0.6654135338345865 0.043333333333333335 0.16791979949874686
0 0.39166666666666666 0.6754385964912281 0.043333333333333335 0.16791979949874686
0 0.31166666666666665 0.7117794486215538 0.04666666666666667 0.18045112781954886
0 0.22333333333333333 0.7243107769423559 0.05 0.19047619047619047
0 0.11083333333333334 0.7418546365914787 0.051666666666666666 0.19548872180451127
0 0.5716666666666667 0.7355889724310777 0.04666666666666667 0.17794486215538846
0 0.4975 0.7593984962406015 0.055 0.20050125313283207
0 0.4041666666666667 0.7882205513784462 0.051666666666666666 0.19298245614035087
0 0.3 0.8145363408521303 0.056666666666666664 0.20551378446115287
0 0.205 0.8383458646616542 0.05333333333333334 0.19799498746867167
0 0.06416666666666666 0.849624060150376 0.055 0.21052631578947367
0 0.975 0.7819548872180451 0.03333333333333333 0.12030075187969924
2 0.105 0.24561403508771928 0.016666666666666666 0.015037593984962405
2 0.11666666666666667 0.24436090225563908 0.01 0.017543859649122806
2 0.13166666666666665 0.2543859649122807 0.013333333333333334 0.02756892230576441
2 0.1775 0.20802005012531327 0.018333333333333333 0.02506265664160401
4 0.42 0.10025062656641603 0.81 0.12531328320802004
4 0.9133333333333333 0.2669172932330827 0.13 0.2781954887218045
