0 0.4375 0.6791979949874687 0.16166666666666665 0.6015037593984962
0 0.5675 0.6879699248120301 0.16166666666666665 0.5989974937343359
0 0.8125 0.7969924812030075 0.051666666666666666 0.19047619047619047
0 0.23916666666666667 0.8872180451127819 0.055 0.20551378446115287
0 0.19 0.7669172932330827 0.05 0.18546365914786966
0 0.025 0.8558897243107769 0.05 0.23308270676691728
0 0.08 0.8145363408521303 0.04 0.15538847117794485
0 0.12333333333333334 0.7882205513784462 0.03333333333333333 0.12280701754385964
0 0.2783333333333333 0.7581453634085213 0.02666666666666667 0.09774436090225563
0 0.92 0.5889724310776943 0.02 0.08020050125313283
0 0.9625 0.5789473684210527 0.018333333333333333 0.07518796992481203
0 0.8975 0.5776942355889725 0.018333333333333333 0.07268170426065163
0 0.9841666666666666 0.5300751879699248 0.015 0.06265664160401002
0 0.9458333333333333 0.525062656641604 0.015 0.05764411027568922
0 0.9308333333333333 0.5275689223057645 0.015 0.05764411027568922
0 0.9208333333333333 0.5338345864661654 0.011666666666666667 0.05012531328320802
0 0.9866666666666667 0.4924812030075188 0.01 0.042606516290726815
0 0.7816666666666666 0.6140350877192983 0.016666666666666666 0.06015037593984962
0 0.7933333333333333 0.6040100250626567 0.013333333333333334 0.05513784461152882
2 0.23 0.7406015037593985 0.02666666666666667 0.017543859649122806
2 0.22083333333333333 0.7894736842105263 0.018333333333333333 0.020050125313283207
2 0.3225 0.7468671679197995 0.021666666666666667 0.015037593984962405
4 0.7883333333333333 0.6215538847117794 0.19333333333333333 0.15037593984962405
