0 0.88 0.5426666666666666 0.196 0.6426666666666667
0 0.807 0.5613333333333334 0.21 0.6853333333333333
0 0.754 0.5253333333333333 0.172 0.56
0 0.613 0.568 0.218 0.7093333333333334
0 0.464 0.5226666666666666 0.14 0.45866666666666667
0 0.437 0.548 0.166 0.5413333333333333
0 0.382 0.5546666666666666 0.184 0.5973333333333334
0 0.317 0.6213333333333333 0.206 0.6773333333333333
0 0.206 0.556 0.148 0.4826666666666667
0 0.248 0.6133333333333333 0.18 0.5866666666666667
0 0.158 0.5853333333333334 0.16 0.52
0 0.116 0.6173333333333333 0.156 0.5146666666666667
0 0.071 0.64 0.142 0.624
2 0.496 0.32266666666666666 0.048 0.05333333333333334
2 0.664 0.2946666666666667 0.032 0.050666666666666665
2 0.635 0.2826666666666667 0.034 0.042666666666666665
