0 0.034 0.6226666666666667 0.068 0.23733333333333334
0 0.086 0.628 0.072 0.24266666666666667
0 0.115 0.6133333333333333 0.07 0.22933333333333333
0 0.146 0.6213333333333333 0.072 0.23466666666666666
0 0.165 0.6293333333333333 0.078 0.256
0 0.218 0.628 0.076 0.25333333333333335
0 0.257 0.6213333333333333 0.086 0.2826666666666667
0 0.296 0.6306666666666667 0.076 0.248
0 0.34 0.612 0.084 0.28
0 0.38 0.6266666666666667 0.084 0.2773333333333333
0 0.437 0.6346666666666667 0.086 0.288
0 0.483 0.6226666666666667 0.09 0.2906666666666667
0 0.533 0.6266666666666667 0.09 0.29333333333333333
0 0.591 0.6413333333333333 0.086 0.2853333333333333
0 0.639 0.6306666666666667 0.094 0.30666666666666664
0 0.693 0.632 0.094 0.31466666666666665
0 0.752 0.616 0.104 0.3466666666666667
0 0.83 0.6333333333333333 0.1 0.3333333333333333
0 0.906 0.632 0.116 0.37866666666666665
0 0.962 0.632 0.076 0.37866666666666665
