0 0.03564453125 0.5256222547584187 0.0712890625 0.29282576866764276
0 0.1123046875 0.5768667642752562 0.115234375 0.424597364568082
0 0.25439453125 0.5402635431918009 0.1162109375 0.42752562225475843
0 0.32080078125 0.527818448023426 0.1220703125 0.4465592972181552
0 0.37451171875 0.5366032210834554 0.1181640625 0.43191800878477304
0 0.54052734375 0.5256222547584187 0.1142578125 0.4216691068814056
0 0.62158203125 0.5387994143484627 0.1240234375 0.4568081991215227
0 0.6982421875 0.5446559297218155 0.1171875 0.4333821376281113
0 0.90283203125 0.5622254758418741 0.1396484375 0.5124450951683748
3 0.15234375 0.36530014641288433 0.0625 0.10395314787701318
3 0.4619140625 0.3601756954612006 0.0703125 0.13177159590043924
3 0.8017578125 0.328696925329429 0.111328125 0.191800878477306
