0 0.9898107714701602 0.6582969432314411 0.020378457059679767 0.09388646288209607
0 0.9519650655021834 0.6692139737991266 0.03202328966521106 0.12008733624454149
0 0.9294032023289666 0.6626637554585153 0.027656477438136828 0.10698689956331878
0 0.8995633187772926 0.6561135371179039 0.026200873362445413 0.09388646288209607
0 0.851528384279476 0.6593886462882096 0.02911208151382824 0.11353711790393013
0 0.8209606986899564 0.6408296943231441 0.020378457059679767 0.08078602620087336
0 0.8093158660844251 0.6462882096069869 0.023289665211062592 0.09170305676855896
0 0.7656477438136827 0.6495633187772926 0.026200873362445413 0.0982532751091703
0 0.7540029112081513 0.6550218340611353 0.026200873362445413 0.10043668122270742
0 0.7343522561863173 0.6517467248908297 0.018922852983988356 0.07205240174672489
0 0.7037845705967977 0.6419213973799127 0.021834061135371178 0.07860262008733625
0 0.6899563318777293 0.638646288209607 0.017467248908296942 0.07205240174672489
0 0.6703056768558951 0.6353711790393013 0.021834061135371178 0.08733624454148471
0 0.6819505094614265 0.6353711790393013 0.018922852983988356 0.07423580786026202
0 0.6390101892285298 0.6495633187772926 0.026200873362445413 0.09388646288209607
0 0.5909752547307132 0.631004366812227 0.020378457059679767 0.08296943231441048
0 0.5727802037845706 0.62117903930131 0.01601164483260553 0.06331877729257641
0 0.5633187772925764 0.6441048034934498 0.020378457059679767 0.07860262008733625
0 0.3042212518195051 0.631004366812227 0.023289665211062592 0.08733624454148471
0 0.2663755458515284 0.6244541484716157 0.01455604075691412 0.056768558951965066
0 0.2430858806404658 0.618995633187773 0.017467248908296942 0.07205240174672489
0 0.22634643377001457 0.6168122270742358 0.013100436681222707 0.05458515283842795
0 0.25254730713246 0.618995633187773 0.01601164483260553 0.06331877729257641
2 0.10553129548762737 0.6004366812227074 0.01601164483260553 0.021834061135371178
2 0.13973799126637554 0.5982532751091703 0.026200873362445413 0.017467248908296942
2 0.17758369723435224 0.5971615720524017 0.020378457059679767 0.028384279475982533
