0 0.15708333333333332 0.5974754558204769 0.10583333333333333 0.4375876577840112
0 0.5 0.4179523141654979 0.03833333333333333 0.1570827489481066
0 0.5408333333333334 0.42005610098176716 0.03166666666666667 0.13043478260869565
0 0.6933333333333334 0.39831697054698456 0.03166666666666667 0.13464235624123422
0 0.7466666666666667 0.3962131837307153 0.025 0.10799438990182328
0 0.72875 0.3884992987377279 0.019166666666666665 0.0785413744740533
0 0.7641666666666667 0.38218793828892006 0.018333333333333333 0.07994389901823282
0 0.87 0.5028050490883591 0.09 0.37166900420757365
2 0.06583333333333333 0.4600280504908836 0.056666666666666664 0.07573632538569425
2 0.36125 0.4340813464235624 0.0375 0.04908835904628331
2 0.40208333333333335 0.43338008415147267 0.0325 0.05329593267882188
