0 0.036702127659574466 0.3942172073342736 0.07340425531914893 0.33991537376586745
0 0.18351063829787234 0.3251057827926657 0.043617021276595745 0.14245416078984485
0 0.2845744680851064 0.49506346967559944 0.16914893617021276 0.5500705218617772
0 0.3797872340425532 0.3688293370944993 0.09361702127659574 0.306064880112835
0 0.43882978723404253 0.4781382228490832 0.15212765957446808 0.4936530324400564
0 0.4824468085106383 0.5 0.19680851063829788 0.6417489421720733
0 0.7409574468085106 0.4083215796897038 0.10531914893617021 0.3427362482369535
0 0.7851063829787234 0.41607898448519043 0.10425531914893617 0.3385049365303244
0 0.8382978723404255 0.5493653032440057 0.16808510638297872 0.5430183356840621
2 0.08085106382978724 0.43653032440056416 0.1 0.08885754583921016
2 0.07393617021276595 0.2827926657263752 0.02872340425531915 0.04090267983074753
2 0.10531914893617021 0.27997179125528915 0.04468085106382979 0.04372355430183357
2 0.5941489361702128 0.2630465444287729 0.043617021276595745 0.05218617771509168
2 0.6537234042553192 0.28843441466854725 0.03723404255319149 0.08885754583921016
2 0.7085106382978723 0.2461212976022567 0.03829787234042553 0.05218617771509168
2 0.9696808510638298 0.2863187588152327 0.043617021276595745 0.047954866008462625
