0 0.9790909090909091 0.783203125 0.04181818181818182 0.31640625
0 0.8372727272727273 0.79296875 0.05272727272727273 0.2734375
0 0.7918181818181819 0.796875 0.05272727272727273 0.2890625
0 0.7463636363636363 0.794921875 0.04181818181818182 0.23046875
0 0.7109090909090909 0.794921875 0.04363636363636364 0.23828125
0 0.6609090909090909 0.7890625 0.038181818181818185 0.203125
0 0.6136363636363636 0.794921875 0.04181818181818182 0.22265625
0 0.5763636363636364 0.814453125 0.03636363636363636 0.19140625
0 0.5327272727272727 0.806640625 0.03636363636363636 0.19140625
0 0.49 0.80078125 0.034545454545454546 0.1953125
0 0.4572727272727273 0.822265625 0.03090909090909091 0.17578125
0 0.43363636363636365 0.828125 0.038181818181818185 0.203125
0 0.3890909090909091 0.798828125 0.03272727272727273 0.18359375
0 0.3490909090909091 0.80078125 0.03272727272727273 0.171875
0 0.30272727272727273 0.810546875 0.034545454545454546 0.18359375
0 0.26545454545454544 0.802734375 0.02909090909090909 0.16015625
0 0.23363636363636364 0.818359375 0.02727272727272727 0.15234375
0 0.20545454545454545 0.8046875 0.025454545454545455 0.1328125
0 0.1809090909090909 0.814453125 0.016363636363636365 0.09765625
0 0.13090909090909092 0.83984375 0.02909090909090909 0.15625
0 0.10272727272727272 0.826171875 0.02 0.10546875
0 0.05 0.822265625 0.016363636363636365 0.09765625
0 0.07181818181818182 0.822265625 0.016363636363636365 0.08984375
0 0.024545454545454544 0.826171875 0.016363636363636365 0.08203125
