0 0.035 0.5180180180180181 0.07 0.26126126126126126
0 0.137 0.6126126126126126 0.134 0.4984984984984985
0 0.264 0.6411411411411412 0.132 0.48348348348348347
0 0.506 0.6441441441441441 0.148 0.5435435435435435
0 0.593 0.6126126126126126 0.134 0.4984984984984985
0 0.695 0.5345345345345346 0.07 0.26426426426426425
0 0.809 0.6321321321321322 0.126 0.47147147147147145
0 0.883 0.6456456456456456 0.122 0.4444444444444444
0 0.972 0.5570570570570571 0.056 0.2852852852852853
0 0.024 0.21621621621621623 0.048 0.32432432432432434
0 0.101 0.22072072072072071 0.09 0.3333333333333333
0 0.185 0.23573573573573572 0.086 0.3153153153153153
0 0.274 0.23423423423423423 0.08 0.29429429429429427
0 0.371 0.24924924924924924 0.082 0.3063063063063063
0 0.443 0.23873873873873874 0.078 0.2912912912912913
0 0.569 0.22972972972972974 0.062 0.23123123123123124
0 0.657 0.26126126126126126 0.082 0.3063063063063063
0 0.766 0.24174174174174173 0.088 0.3333333333333333
0 0.897 0.24624624624624625 0.086 0.3183183183183183
