0 0.05328467153284672 0.3463541666666667 0.0905109489051095 0.3177083333333333
0 0.11423357664233577 0.2984375 0.060583941605839416 0.21145833333333333
0 0.16386861313868614 0.2484375 0.05766423357664233 0.203125
0 0.26386861313868615 0.49583333333333335 0.09124087591240876 0.31875
0 0.4383211678832117 0.4239583333333333 0.1291970802919708 0.45
0 0.6489051094890511 0.2713541666666667 0.072992700729927 0.25729166666666664
0 0.3291970802919708 0.22083333333333333 0.04817518248175182 0.16666666666666666
0 0.36934306569343067 0.21822916666666667 0.04525547445255475 0.16145833333333334
0 0.49525547445255474 0.2328125 0.05620437956204379 0.19895833333333332
0 0.7124087591240876 0.178125 0.020437956204379562 0.075
2 0.7354014598540146 0.17708333333333334 0.01824817518248175 0.04791666666666667
2 0.7572992700729927 0.17083333333333334 0.010948905109489052 0.03125
2 0.775912408759124 0.16614583333333333 0.016058394160583942 0.040625
2 0.7587591240875913 0.14270833333333333 0.016788321167883213 0.027083333333333334
2 0.5682481751824817 0.1578125 0.01970802919708029 0.046875
2 0.5503649635036496 0.18072916666666666 0.027737226277372264 0.053125
2 0.4667883211678832 0.15989583333333332 0.02408759124087591 0.03229166666666667
2 0.44306569343065694 0.16614583333333333 0.024817518248175182 0.042708333333333334
2 0.4138686131386861 0.165625 0.026277372262773723 0.03958333333333333
2 0.4448905109489051 0.13385416666666666 0.022627737226277374 0.03854166666666667
2 0.591970802919708 0.16822916666666668 0.013138686131386862 0.03854166666666667
2 0.7722627737226277 0.4578125 0.06277372262773723 0.09270833333333334
