0 0.133 0.3654390934844193 0.03 0.10198300283286119
0 0.07 0.34419263456090654 0.016 0.053824362606232294
0 0.075 0.49291784702549574 0.07 0.24929178470254956
0 0.194 0.5382436260623229 0.076 0.26628895184135976
0 0.22 0.45325779036827196 0.064 0.22096317280453256
0 0.176 0.34844192634560905 0.02 0.07365439093484419
0 0.192 0.3413597733711048 0.02 0.0708215297450425
0 0.395 0.35694050991501414 0.022 0.08498583569405099
0 0.301 0.34560906515580736 0.018 0.0679886685552408
0 0.312 0.4206798866855524 0.036 0.13314447592067988
0 0.349 0.4631728045325779 0.062 0.21246458923512748
0 0.333 0.5552407932011332 0.09 0.31728045325779036
0 0.443 0.4475920679886686 0.054 0.19263456090651557
0 0.474 0.4985835694050991 0.064 0.22096317280453256
0 0.497 0.386685552407932 0.03 0.1048158640226629
0 0.565 0.4745042492917847 0.058 0.20113314447592068
0 0.518 0.5934844192634561 0.1 0.34277620396600567
0 0.685 0.4475920679886686 0.05 0.1813031161473088
0 0.682 0.5410764872521246 0.068 0.24362606232294617
0 0.75 0.49008498583569404 0.056 0.20396600566572237
0 0.797 0.6643059490084986 0.118 0.40509915014164305
0 0.872 0.5594900849858357 0.088 0.3087818696883853
0 0.934 0.5212464589235127 0.068 0.24362606232294617
0 0.941 0.4830028328611898 0.054 0.18980169971671387
0 0.953 0.3626062322946176 0.026 0.09631728045325778
0 0.971 0.34702549575070823 0.022 0.0764872521246459
0 0.976 0.3640226628895184 0.032 0.11048158640226628
2 0.807 0.3909348441926346 0.042 0.0339943342776204
2 0.373 0.3385269121813031 0.018 0.025495750708215296
2 0.354 0.3371104815864023 0.012 0.0169971671388102
2 0.255 0.3314447592067989 0.018 0.0169971671388102
2 0.035 0.35127478753541075 0.026 0.0339943342776204
