0 0.7555401662049861 0.7572916666666667 0.08448753462603878 0.3145833333333333
0 0.703601108033241 0.7760416666666666 0.07479224376731301 0.28125
0 0.6606648199445984 0.7729166666666667 0.07202216066481995 0.2625
0 0.6295013850415513 0.75625 0.054016620498614956 0.20416666666666666
0 0.6121883656509696 0.7395833333333334 0.060941828254847646 0.22916666666666666
0 0.5789473684210527 0.7802083333333333 0.0664819944598338 0.24791666666666667
0 0.5277008310249307 0.7739583333333333 0.07202216066481995 0.26875
0 0.5110803324099723 0.71875 0.05817174515235457 0.2125
0 0.48545706371191133 0.771875 0.06786703601108034 0.2520833333333333
0 0.4709141274238227 0.7072916666666667 0.055401662049861494 0.20625
0 0.44113573407202217 0.778125 0.06509695290858726 0.24375
0 0.40789473684210525 0.7708333333333334 0.07063711911357341 0.26666666666666666
0 0.3649584487534626 0.7791666666666667 0.07063711911357341 0.26666666666666666
0 0.31301939058171746 0.7666666666666667 0.07756232686980609 0.2875
0 0.25554016620498615 0.7635416666666667 0.0817174515235457 0.30625
0 0.20013850415512466 0.7822916666666667 0.07894736842105263 0.28958333333333336
0 0.14265927977839335 0.7770833333333333 0.07479224376731301 0.2791666666666667
0 0.2389196675900277 0.6395833333333333 0.05955678670360111 0.225
0 0.28254847645429365 0.6520833333333333 0.05817174515235457 0.21666666666666667
0 0.33518005540166207 0.6583333333333333 0.05817174515235457 0.2125
0 0.7839335180055401 0.6 0.06371191135734072 0.24166666666666667
0 0.7444598337950139 0.5760416666666667 0.04293628808864266 0.16041666666666668
0 0.8157894736842105 0.55625 0.036011080332409975 0.1375
2 0.21329639889196675 0.5583333333333333 0.038781163434903045 0.041666666666666664
2 0.29293628808864264 0.53125 0.018005540166204988 0.041666666666666664
2 0.3234072022160665 0.5239583333333333 0.012465373961218837 0.035416666666666666
2 0.3407202216066482 0.5260416666666666 0.013850415512465374 0.035416666666666666
2 0.40304709141274236 0.5177083333333333 0.019390581717451522 0.03125
2 0.3864265927977839 0.553125 0.024930747922437674 0.04375
2 0.3587257617728532 0.5864583333333333 0.027700831024930747 0.03958333333333333
2 0.4009695290858726 0.6010416666666667 0.023545706371191136 0.05625
2 0.4445983379501385 0.6302083333333334 0.024930747922437674 0.03958333333333333
2 0.4778393351800554 0.6322916666666667 0.024930747922437674 0.03958333333333333
2 0.4452908587257618 0.5885416666666666 0.015235457063711912 0.03958333333333333
2 0.46745152354570635 0.5947916666666667 0.029085872576177285 0.035416666666666666
2 0.43836565096952906 0.5552083333333333 0.018005540166204988 0.04375
2 0.4549861495844875 0.521875 0.02077562326869806 0.03125
2 0.4709141274238227 0.534375 0.013850415512465374 0.035416666666666666
2 0.4951523545706371 0.534375 0.02077562326869806 0.035416666666666666
2 0.4930747922437673 0.5677083333333334 0.019390581717451522 0.035416666666666666
2 0.518005540166205 0.590625 0.0110803324099723 0.03125
2 0.5166204986149584 0.525 0.01662049861495845 0.020833333333333332
2 0.5415512465373962 0.53125 0.019390581717451522 0.029166666666666667
2 0.5339335180055401 0.5708333333333333 0.018005540166204988 0.04583333333333333
2 0.5519390581717452 0.6072916666666667 0.023545706371191136 0.03125
2 0.5768698060941828 0.6239583333333333 0.023545706371191136 0.03958333333333333
2 0.5831024930747922 0.5895833333333333 0.01662049861495845 0.029166666666666667
2 0.6052631578947368 0.5791666666666667 0.01662049861495845 0.029166666666666667
2 0.6308864265927978 0.6177083333333333 0.018005540166204988 0.03958333333333333
2 0.5650969529085873 0.5479166666666667 0.027700831024930747 0.0375
2 0.5962603878116344 0.53125 0.02077562326869806 0.03333333333333333
2 0.6191135734072022 0.5458333333333333 0.019390581717451522 0.025
2 0.628808864265928 0.51875 0.024930747922437674 0.04583333333333333
2 0.6779778393351801 0.525 0.023545706371191136 0.0375
2 0.6627423822714681 0.546875 0.02631578947368421 0.035416666666666666
2 0.6426592797783933 0.5822916666666667 0.019390581717451522 0.03958333333333333
2 0.6786703601108033 0.603125 0.01662049861495845 0.04791666666666667
2 0.7008310249307479 0.5645833333333333 0.0221606648199446 0.03333333333333333
2 0.9265927977839336 0.5114583333333333 0.027700831024930747 0.035416666666666666
2 0.8691135734072022 0.503125 0.029085872576177285 0.03125
2 0.7181440443213296 0.6135416666666667 0.02077562326869806 0.035416666666666666
