0 0.8906666666666667 0.6396797153024911 0.09333333333333334 0.30782918149466193
0 0.958 0.6725978647686833 0.084 0.3701067615658363
0 0.678 0.6405693950177936 0.09733333333333333 0.3167259786476868
0 0.6506666666666666 0.5667259786476868 0.07733333333333334 0.25444839857651247
0 0.5933333333333334 0.6290035587188612 0.09866666666666667 0.3220640569395018
0 0.5666666666666667 0.5160142348754448 0.042666666666666665 0.1387900355871886
0 0.49066666666666664 0.5596085409252669 0.056 0.18683274021352314
0 0.4613333333333333 0.5160142348754448 0.04533333333333334 0.15302491103202848
0 0.434 0.5124555160142349 0.03866666666666667 0.13167259786476868
0 0.414 0.5587188612099644 0.05733333333333333 0.18505338078291814
0 0.354 0.7170818505338078 0.116 0.38434163701067614
0 0.25133333333333335 0.7268683274021353 0.11066666666666666 0.36476868327402134
0 0.31866666666666665 0.5987544483985765 0.08266666666666667 0.26868327402135234
0 0.17066666666666666 0.5578291814946619 0.064 0.2117437722419929
0 0.214 0.5364768683274022 0.04666666666666667 0.1512455516014235
0 0.11933333333333333 0.5765124555160143 0.06266666666666666 0.20284697508896798
0 0.07 0.6112099644128114 0.07066666666666667 0.23665480427046262
0 0.03933333333333333 0.541814946619217 0.05733333333333333 0.1903914590747331
0 0.7213333333333334 0.5044483985765125 0.034666666666666665 0.11565836298932385
0 0.7673333333333333 0.5097864768683275 0.036 0.12277580071174377
0 0.8293333333333334 0.48487544483985767 0.024 0.07651245551601424
0 0.5113333333333333 0.48131672597864766 0.025333333333333333 0.08362989323843416
0 0.5346666666666666 0.4822064056939502 0.021333333333333333 0.07473309608540925
0 0.446 0.4822064056939502 0.02266666666666667 0.07829181494661921
0 0.29933333333333334 0.4822064056939502 0.02 0.06761565836298933
0 0.28933333333333333 0.4902135231316726 0.021333333333333333 0.07295373665480427
0 0.6206666666666667 0.48487544483985767 0.02 0.06583629893238434
0 0.6366666666666667 0.48131672597864766 0.025333333333333333 0.08362989323843416
2 0.25933333333333336 0.4902135231316726 0.030666666666666665 0.051601423487544484
2 0.06933333333333333 0.45907473309608543 0.016 0.028469750889679714
2 0.38866666666666666 0.4697508896797153 0.012 0.028469750889679714
2 0.7406666666666667 0.46352313167259784 0.012 0.012455516014234875
2 0.7566666666666667 0.45907473309608543 0.012 0.017793594306049824
2 0.8073333333333333 0.4626334519572954 0.017333333333333333 0.02491103202846975
2 0.9013333333333333 0.4599644128113879 0.010666666666666666 0.019572953736654804
