0 0.047857142857142855 0.6365591397849463 0.06142857142857143 0.22365591397849463
0 0.21571428571428572 0.810752688172043 0.1 0.3655913978494624
0 0.3171428571428571 0.8 0.08571428571428572 0.3225806451612903
0 0.4785714285714286 0.7967741935483871 0.08 0.2946236559139785
0 0.4421428571428571 0.789247311827957 0.08714285714285715 0.31827956989247314
0 0.6264285714285714 0.6838709677419355 0.055714285714285716 0.2064516129032258
0 0.6985714285714286 0.7172043010752688 0.06 0.221505376344086
0 0.6757142857142857 0.6913978494623656 0.05142857142857143 0.1956989247311828
0 0.74 0.7021505376344086 0.05714285714285714 0.2129032258064516
0 0.8 0.7397849462365591 0.05714285714285714 0.210752688172043
0 0.9435714285714286 0.7301075268817204 0.055714285714285716 0.20430107526881722
1 0.11714285714285715 0.6827956989247311 0.06571428571428571 0.24301075268817204
2 0.18714285714285714 0.6311827956989248 0.054285714285714284 0.12258064516129032
2 0.4642857142857143 0.3548387096774194 0.05714285714285714 0.13333333333333333
2 0.5178571428571429 0.37311827956989246 0.05857142857142857 0.16129032258064516
2 0.7271428571428571 0.6053763440860215 0.037142857142857144 0.07956989247311828
2 0.7757142857142857 0.610752688172043 0.02857142857142857 0.047311827956989246
2 0.8042857142857143 0.6311827956989248 0.05142857142857143 0.07096774193548387
2 0.8342857142857143 0.6333333333333333 0.04857142857142857 0.11827956989247312
2 0.8592857142857143 0.610752688172043 0.03571428571428571 0.07311827956989247
2 0.8778571428571429 0.6150537634408603 0.03857142857142857 0.07741935483870968
2 0.9014285714285715 0.6086021505376344 0.04285714285714286 0.06881720430107527
2 0.8928571428571429 0.7086021505376344 0.06857142857142857 0.1053763440860215
2 0.9364285714285714 0.5881720430107527 0.027142857142857142 0.07096774193548387
2 0.9535714285714286 0.6086021505376344 0.032857142857142856 0.06451612903225806
2 0.9871428571428571 0.5978494623655914 0.017142857142857144 0.05161290322580645
