0 0.23115942028985506 0.5435203094777563 0.17246376811594202 0.5609284332688588
0 0.2891304347826087 0.3916827852998066 0.06231884057971015 0.20696324951644102
0 0.6898550724637681 0.28336557059961315 0.057971014492753624 0.19148936170212766
0 0.6014492753623188 0.23597678916827852 0.02608695652173913 0.0851063829787234
0 0.5833333333333334 0.2379110251450677 0.015942028985507246 0.05029013539651837
0 0.5413043478260869 0.23887814313346228 0.02463768115942029 0.08704061895551257
0 0.9326086956521739 0.19245647969052224 0.021739130434782608 0.07156673114119923
0 0.5485507246376812 0.6237911025145068 0.036231884057971016 0.1218568665377176
0 0.6384057971014493 0.6054158607350096 0.02753623188405797 0.09671179883945841
0 0.6623188405797101 0.6063829787234043 0.028985507246376812 0.09864603481624758
0 0.677536231884058 0.6005802707930368 0.02463768115942029 0.08704061895551257
0 0.7326086956521739 0.7253384912959381 0.09420289855072464 0.31334622823984526
2 0.11884057971014493 0.3452611218568665 0.0463768115942029 0.09477756286266925
2 0.20797101449275363 0.3646034816247582 0.18405797101449275 0.3114119922630561
2 0.25869565217391305 0.30464216634429403 0.02463768115942029 0.05609284332688588
2 0.3746376811594203 0.35589941972920697 0.07391304347826087 0.18568665377176016
2 0.4028985507246377 0.3529980657640232 0.05217391304347826 0.1450676982591876
2 0.4492753623188406 0.3520309477756286 0.08695652173913043 0.17408123791102514
2 0.33405797101449275 0.3471953578336557 0.030434782608695653 0.14119922630560927
2 0.6572463768115943 0.218568665377176 0.015942028985507246 0.03868471953578337
2 0.6818840579710145 0.19439071566731142 0.036231884057971016 0.05222437137330754
2 0.7181159420289855 0.2079303675048356 0.03333333333333333 0.06769825918762089
2 0.7434782608695653 0.20696324951644102 0.034782608695652174 0.05415860735009671
2 0.7731884057971015 0.21663442940038685 0.02463768115942029 0.06576402321083172
2 0.7855072463768116 0.20406189555125726 0.028985507246376812 0.04061895551257253
2 0.813768115942029 0.20889748549323017 0.01884057971014493 0.04642166344294004
2 0.8268115942028985 0.20502901353965183 0.01884057971014493 0.04642166344294004
2 0.85 0.20889748549323017 0.021739130434782608 0.04642166344294004
2 0.5956521739130435 0.6421663442940039 0.04057971014492753 0.05029013539651837
2 0.6224637681159421 0.6334622823984526 0.02753623188405797 0.048355899419729204
2 0.5978260869565217 0.5822050290135397 0.03333333333333333 0.0425531914893617
2 0.758695652173913 0.5773694390715667 0.02463768115942029 0.059961315280464215
2 0.7144927536231884 0.5705996131528046 0.07246376811594203 0.11218568665377177
2 0.7985507246376812 0.5793036750483559 0.04057971014492753 0.08704061895551257
2 0.8152173913043478 0.5841392649903289 0.03333333333333333 0.07736943907156674
2 0.8594202898550725 0.5715667311411993 0.028985507246376812 0.05222437137330754
2 0.8797101449275362 0.5754352030947776 0.03188405797101449 0.07930367504835589
2 0.9101449275362319 0.5735009671179884 0.02608695652173913 0.06382978723404255
