0 0.35545454545454547 0.5669398907103825 0.14 0.5163934426229508
0 0.19363636363636363 0.5860655737704918 0.045454545454545456 0.16666666666666666
0 0.10636363636363637 0.5915300546448088 0.04181818181818182 0.1557377049180328
0 0.03 0.5846994535519126 0.04181818181818182 0.15300546448087432
0 0.5763636363636364 0.5956284153005464 0.06545454545454546 0.2459016393442623
0 0.5518181818181818 0.6024590163934426 0.045454545454545456 0.16666666666666666
0 0.2590909090909091 0.5901639344262295 0.023636363636363636 0.09289617486338798
0 0.6454545454545455 0.610655737704918 0.03636363636363636 0.13387978142076504
0 0.6809090909090909 0.6092896174863388 0.04909090909090909 0.18032786885245902
0 0.7254545454545455 0.610655737704918 0.06181818181818182 0.23224043715846995
0 0.7872727272727272 0.6188524590163934 0.03636363636363636 0.13387978142076504
0 0.8690909090909091 0.6256830601092896 0.02181818181818182 0.08743169398907104
0 0.77 0.6133879781420765 0.04181818181818182 0.1557377049180328
0 0.007272727272727273 0.5806010928961749 0.014545454545454545 0.08469945355191257
0 0.06363636363636363 0.587431693989071 0.01818181818181818 0.07650273224043716
0 0.13272727272727272 0.5887978142076503 0.014545454545454545 0.05737704918032787
0 0.1509090909090909 0.5860655737704918 0.01818181818181818 0.07377049180327869
0 0.16818181818181818 0.5806010928961749 0.02 0.07377049180327869
0 0.2390909090909091 0.5860655737704918 0.012727272727272728 0.04644808743169399
0 0.22272727272727272 0.5833333333333334 0.012727272727272728 0.05191256830601093
0 0.28 0.5915300546448088 0.01090909090909091 0.04644808743169399
0 0.30454545454545456 0.5915300546448088 0.02 0.07377049180327869
3 0.4354545454545454 0.8579234972677595 0.2381818181818182 0.12568306010928962
4 0.47363636363636363 0.5778688524590164 0.13636363636363635 0.10655737704918032
4 0.6245454545454545 0.5901639344262295 0.05272727272727273 0.0546448087431694
4 0.9045454545454545 0.5983606557377049 0.1690909090909091 0.08743169398907104
4 0.26454545454545453 0.5355191256830601 0.0890909090909091 0.0546448087431694
