0 0.5444915254237288 0.7802768166089965 0.09322033898305085 0.370242214532872
0 0.534957627118644 0.643598615916955 0.07838983050847458 0.32525951557093424
0 0.5953389830508474 0.5017301038062284 0.06779661016949153 0.2768166089965398
0 0.4427966101694915 0.6089965397923875 0.07627118644067797 0.3044982698961938
0 0.3813559322033898 0.6505190311418685 0.08050847457627118 0.33217993079584773
0 0.2680084745762712 0.5449826989619377 0.07415254237288135 0.29411764705882354
0 0.1853813559322034 0.5536332179930796 0.06991525423728813 0.2906574394463668
0 0.1652542372881356 0.5294117647058824 0.07203389830508475 0.2906574394463668
0 0.13559322033898305 0.5 0.06779661016949153 0.27335640138408307
0 0.12076271186440678 0.4757785467128028 0.0635593220338983 0.25951557093425603
0 0.09427966101694915 0.4463667820069204 0.057203389830508475 0.22837370242214533
0 0.3622881355932203 0.5415224913494809 0.07627118644067797 0.3079584775086505
0 0.3220338983050847 0.5086505190311419 0.06779661016949153 0.2698961937716263
0 0.3019067796610169 0.47750865051903113 0.06567796610169492 0.2629757785467128
0 0.2341101694915254 0.5155709342560554 0.06991525423728813 0.2768166089965398
0 0.21610169491525424 0.486159169550173 0.0635593220338983 0.2664359861591695
0 0.149364406779661 0.19377162629757785 0.04449152542372881 0.18685121107266436
0 0.11016949152542373 0.1453287197231834 0.046610169491525424 0.19377162629757785
0 0.037076271186440676 0.1314878892733564 0.04025423728813559 0.16608996539792387
0 0.06991525423728813 0.10034602076124567 0.0423728813559322 0.17301038062283736
0 0.015889830508474576 0.07439446366782007 0.03177966101694915 0.14878892733564014
0 0.9703389830508474 0.34429065743944637 0.059322033898305086 0.23875432525951557
0 0.9586864406779662 0.3391003460207612 0.0614406779661017 0.2560553633217993
0 0.9459745762711864 0.3391003460207612 0.0614406779661017 0.2560553633217993
0 0.9417372881355932 0.25259515570934254 0.057203389830508475 0.22837370242214533
0 0.9290254237288136 0.24567474048442905 0.0614406779661017 0.2422145328719723
0 0.9184322033898306 0.24048442906574394 0.057203389830508475 0.23183391003460208
0 0.9819915254237288 0.1453287197231834 0.036016949152542374 0.19377162629757785
0 0.9629237288135594 0.12110726643598616 0.048728813559322036 0.20069204152249134
0 0.8961864406779662 0.15397923875432526 0.046610169491525424 0.1972318339100346
0 0.8760593220338984 0.11937716262975778 0.04025423728813559 0.1695501730103806
0 0.8559322033898306 0.11937716262975778 0.05084745762711865 0.21107266435986158
0 0.8358050847457628 0.1522491349480969 0.048728813559322036 0.20069204152249134
0 0.8188559322033898 0.12802768166089964 0.05296610169491525 0.21453287197231835
0 0.7817796610169492 0.1695501730103806 0.046610169491525424 0.19377162629757785
0 0.7404661016949152 0.14013840830449828 0.04449152542372881 0.1903114186851211
0 0.11970338983050847 0.0726643598615917 0.036016949152542374 0.1453287197231834
2 0.5561440677966102 0.4013840830449827 0.04025423728813559 0.11764705882352941
2 0.5434322033898306 0.3494809688581315 0.03177966101694915 0.06228373702422145
2 0.3940677966101695 0.3217993079584775 0.029661016949152543 0.04844290657439446
2 0.361228813559322 0.36678200692041524 0.023305084745762712 0.05536332179930796
2 0.3569915254237288 0.3356401384083045 0.023305084745762712 0.04844290657439446
2 0.3283898305084746 0.33391003460207613 0.038135593220338986 0.0657439446366782
2 0.2775423728813559 0.35121107266435986 0.029661016949152543 0.07958477508650519
2 0.24258474576271186 0.35294117647058826 0.03177966101694915 0.06228373702422145
2 0.2245762711864407 0.3460207612456747 0.03389830508474576 0.05536332179930796
2 0.1461864406779661 0.3477508650519031 0.025423728813559324 0.05190311418685121
2 0.1885593220338983 0.3737024221453287 0.03389830508474576 0.06228373702422145
2 0.048728813559322036 0.02768166089965398 0.029661016949152543 0.04152249134948097
2 0.7616525423728814 0.05363321799307959 0.019067796610169493 0.058823529411764705
2 0.7595338983050848 0.02422145328719723 0.023305084745762712 0.03460207612456748
2 0.725635593220339 0.05190311418685121 0.01059322033898305 0.04152249134948097
2 0.7161016949152542 0.0657439446366782 0.0211864406779661 0.11072664359861592
2 0.7044491525423728 0.05363321799307959 0.02754237288135593 0.10034602076124567
2 0.6991525423728814 0.04325259515570934 0.01694915254237288 0.08650519031141868
2 0.6917372881355932 0.04498269896193772 0.019067796610169493 0.07612456747404844
2 0.6758474576271186 0.03806228373702422 0.01694915254237288 0.06228373702422145
2 0.823093220338983 0.020761245674740483 0.023305084745762712 0.04152249134948097
2 0.8930084745762712 0.020761245674740483 0.019067796610169493 0.04152249134948097
2 0.9067796610169492 0.039792387543252594 0.0211864406779661 0.04498269896193772
2 0.8760593220338984 0.05536332179930796 0.023305084745762712 0.05536332179930796
2 0.9332627118644068 0.031141868512110725 0.023305084745762712 0.04152249134948097
2 0.9470338983050848 0.020761245674740483 0.0211864406779661 0.04152249134948097
2 0.1483050847457627 0.050173010380622836 0.03389830508474576 0.05190311418685121
