0 0.08727272727272728 0.6689373297002725 0.13818181818181818 0.5040871934604905
0 0.3509090909090909 0.6416893732970027 0.10545454545454545 0.3896457765667575
0 0.5227272727272727 0.6103542234332425 0.08545454545454545 0.31607629427792916
0 0.6263636363636363 0.5940054495912807 0.07454545454545454 0.2724795640326976
0 0.7090909090909091 0.5776566757493188 0.06909090909090909 0.2506811989100817
0 0.7763636363636364 0.5885558583106267 0.05818181818181818 0.21798365122615804
0 0.8418181818181818 0.5831062670299727 0.05454545454545454 0.2016348773841962
0 0.8836363636363637 0.5858310626702997 0.05090909090909091 0.18528610354223432
0 0.9545454545454546 0.5613079019073569 0.02181818181818182 0.08719346049046321
0 0.9781818181818182 0.5572207084468664 0.02181818181818182 0.08991825613079019
0 0.23272727272727273 0.547683923705722 0.007272727272727273 0.0326975476839237
0 0.27090909090909093 0.5504087193460491 0.007272727272727273 0.027247956403269755
0 0.25727272727272726 0.5504087193460491 0.005454545454545455 0.021798365122615803
0 0.7481818181818182 0.5463215258855586 0.016363636363636365 0.05722070844686648
1 0.6636363636363637 0.5544959128065395 0.014545454545454545 0.06267029972752043
1 0.6763636363636364 0.5517711171662125 0.014545454545454545 0.05722070844686648
