0 0.016666666666666666 0.39464882943143814 0.028888888888888888 0.10702341137123746
0 0.07222222222222222 0.24247491638795987 0.028888888888888888 0.11036789297658862
0 0.12777777777777777 0.23745819397993312 0.03333333333333333 0.12040133779264214
0 0.08333333333333333 0.5451505016722408 0.03333333333333333 0.12040133779264214
0 0.12222222222222222 0.5317725752508361 0.03111111111111111 0.11371237458193979
0 0.1288888888888889 0.5066889632107023 0.02666666666666667 0.11036789297658862
0 0.22777777777777777 0.34782608695652173 0.024444444444444446 0.10033444816053512
0 0.22333333333333333 0.28762541806020064 0.024444444444444446 0.09364548494983277
0 0.2511111111111111 0.28929765886287623 0.022222222222222223 0.08361204013377926
0 0.3977777777777778 0.2391304347826087 0.02666666666666667 0.10367892976588629
0 0.43666666666666665 0.08862876254180602 0.02 0.08361204013377926
0 0.4477777777777778 0.06020066889632107 0.024444444444444446 0.08695652173913043
0 0.4711111111111111 0.2725752508361204 0.03111111111111111 0.12374581939799331
0 0.18333333333333332 0.637123745819398 0.028888888888888888 0.10367892976588629
0 0.23222222222222222 0.6454849498327759 0.028888888888888888 0.10702341137123746
0 0.25333333333333335 0.637123745819398 0.02666666666666667 0.11036789297658862
0 0.2811111111111111 0.6354515050167224 0.028888888888888888 0.11371237458193979
0 0.34 0.6488294314381271 0.02666666666666667 0.10702341137123746
0 0.33111111111111113 0.596989966555184 0.02666666666666667 0.09698996655518395
0 0.31444444444444447 0.5635451505016722 0.028888888888888888 0.11705685618729098
0 0.37333333333333335 0.5 0.02666666666666667 0.10367892976588629
0 0.38333333333333336 0.6187290969899666 0.03333333333333333 0.12040133779264214
0 0.4011111111111111 0.6923076923076923 0.028888888888888888 0.11371237458193979
0 0.41333333333333333 0.657190635451505 0.035555555555555556 0.13043478260869565
0 0.43333333333333335 0.6187290969899666 0.035555555555555556 0.13377926421404682
0 0.4 0.5852842809364549 0.02666666666666667 0.10033444816053512
0 0.44666666666666666 0.48327759197324416 0.02666666666666667 0.10367892976588629
0 0.4711111111111111 0.47324414715719065 0.03111111111111111 0.11705685618729098
0 0.47333333333333333 0.6086956521739131 0.02666666666666667 0.10033444816053512
0 0.4955555555555556 0.6187290969899666 0.03111111111111111 0.12040133779264214
0 0.5077777777777778 0.5301003344481605 0.028888888888888888 0.10367892976588629
0 0.5255555555555556 0.5785953177257525 0.028888888888888888 0.11371237458193979
0 0.5444444444444444 0.4882943143812709 0.02666666666666667 0.10702341137123746
0 0.6011111111111112 0.2826086956521739 0.02 0.08361204013377926
0 0.5777777777777777 0.560200668896321 0.02666666666666667 0.11036789297658862
0 0.5566666666666666 0.6588628762541806 0.024444444444444446 0.10033444816053512
0 0.51 0.6956521739130435 0.03333333333333333 0.12040133779264214
0 0.5655555555555556 0.7709030100334449 0.03333333333333333 0.12374581939799331
0 0.5655555555555556 0.8210702341137124 0.03333333333333333 0.13043478260869565
0 0.5377777777777778 0.8745819397993311 0.03111111111111111 0.12374581939799331
0 0.5 0.8662207357859532 0.03111111111111111 0.12040133779264214
0 0.4811111111111111 0.8260869565217391 0.03777777777777778 0.14715719063545152
0 0.4711111111111111 0.9280936454849499 0.02666666666666667 0.11036789297658862
0 0.49333333333333335 0.5234113712374582 0.02666666666666667 0.11036789297658862
0 0.6111111111111112 0.6839464882943144 0.03111111111111111 0.11705685618729098
0 0.6177777777777778 0.560200668896321 0.03111111111111111 0.11705685618729098
0 0.6544444444444445 0.5267558528428093 0.028888888888888888 0.10367892976588629
0 0.6588888888888889 0.6488294314381271 0.028888888888888888 0.11371237458193979
0 0.6811111111111111 0.705685618729097 0.03333333333333333 0.12040133779264214
0 0.7322222222222222 0.7140468227424749 0.028888888888888888 0.11705685618729098
0 0.7155555555555555 0.6521739130434783 0.03111111111111111 0.12040133779264214
0 0.6888888888888889 0.5986622073578596 0.02666666666666667 0.10702341137123746
0 0.7144444444444444 0.5752508361204013 0.024444444444444446 0.10033444816053512
0 0.7377777777777778 0.5652173913043478 0.03111111111111111 0.12709030100334448
0 0.7522222222222222 0.637123745819398 0.028888888888888888 0.11705685618729098
0 0.6844444444444444 0.8361204013377926 0.035555555555555556 0.13377926421404682
0 0.6433333333333333 0.8745819397993311 0.03333333333333333 0.12374581939799331
0 0.6477777777777778 0.7959866220735786 0.03333333333333333 0.12709030100334448
0 0.7111111111111111 0.9414715719063546 0.02666666666666667 0.10367892976588629
0 0.7477777777777778 0.8612040133779264 0.03777777777777778 0.13712374581939799
0 0.8055555555555556 0.7675585284280937 0.03333333333333333 0.12374581939799331
0 0.8022222222222222 0.6488294314381271 0.022222222222222223 0.09364548494983277
0 0.8177777777777778 0.617056856187291 0.02666666666666667 0.11036789297658862
0 0.8477777777777777 0.6705685618729097 0.028888888888888888 0.11705685618729098
0 0.9255555555555556 0.931438127090301 0.028888888888888888 0.11036789297658862
0 0.89 0.9464882943143813 0.024444444444444446 0.08695652173913043
0 0.8255555555555556 0.9280936454849499 0.028888888888888888 0.10367892976588629
0 0.8011111111111111 0.9331103678929766 0.028888888888888888 0.11371237458193979
0 0.7711111111111111 0.9381270903010034 0.03111111111111111 0.11705685618729098
0 0.45444444444444443 0.26588628762541805 0.02 0.07023411371237458
1 0.9544444444444444 0.81438127090301 0.03333333333333333 0.12374581939799331
1 0.9533333333333334 0.7006688963210702 0.02666666666666667 0.10367892976588629
1 0.9088888888888889 0.5133779264214047 0.022222222222222223 0.08361204013377926
1 0.9822222222222222 0.3996655518394649 0.02666666666666667 0.10367892976588629
1 0.9411111111111111 0.40468227424749165 0.02 0.0802675585284281
1 0.8577777777777778 0.3879598662207358 0.022222222222222223 0.08695652173913043
1 0.7811111111111111 0.411371237458194 0.02 0.0802675585284281
1 0.9666666666666667 0.26755852842809363 0.017777777777777778 0.07357859531772576
1 0.9722222222222222 0.16387959866220736 0.02 0.0802675585284281
1 0.8811111111111111 0.17558528428093645 0.02 0.07023411371237458
1 0.8377777777777777 0.22408026755852842 0.017777777777777778 0.06688963210702341
1 0.7833333333333333 0.16722408026755853 0.02 0.0802675585284281
1 0.7044444444444444 0.2140468227424749 0.017777777777777778 0.07357859531772576
1 0.5566666666666666 0.1588628762541806 0.011111111111111112 0.05016722408026756
1 0.35444444444444445 0.1454849498327759 0.02 0.07692307692307693
1 0.3411111111111111 0.1254180602006689 0.015555555555555555 0.06354515050167224
1 0.6711111111111111 0.10033444816053512 0.022222222222222223 0.0802675585284281
1 0.6822222222222222 0.07692307692307693 0.022222222222222223 0.08695652173913043
1 0.7033333333333334 0.026755852842809364 0.011111111111111112 0.05351170568561873
1 0.73 0.08695652173913043 0.015555555555555555 0.06688963210702341
1 0.7444444444444445 0.08695652173913043 0.013333333333333334 0.06020066889632107
1 0.8088888888888889 0.12374581939799331 0.022222222222222223 0.0802675585284281
1 0.7811111111111111 0.06521739130434782 0.02 0.08361204013377926
1 0.8011111111111111 0.033444816053511704 0.015555555555555555 0.06688963210702341
1 0.8333333333333334 0.030100334448160536 0.013333333333333334 0.06020066889632107
1 0.7422222222222222 0.030100334448160536 0.013333333333333334 0.06020066889632107
2 0.5033333333333333 0.9782608695652174 0.03777777777777778 0.03678929765886288
2 0.5588888888888889 0.9565217391304348 0.04666666666666667 0.0802675585284281
2 0.6211111111111111 0.9632107023411371 0.03777777777777778 0.06688963210702341
2 0.6322222222222222 0.9280936454849499 0.024444444444444446 0.056856187290969896
2 0.6922222222222222 0.9581939799331104 0.042222222222222223 0.06354515050167224
2 0.71 0.9364548494983278 0.024444444444444446 0.06688963210702341
2 0.7133333333333334 0.8729096989966555 0.03111111111111111 0.05351170568561873
2 0.7888888888888889 0.9749163879598662 0.022222222222222223 0.043478260869565216
2 0.8022222222222222 0.9297658862876255 0.03111111111111111 0.0802675585284281
2 0.8777777777777778 0.9381270903010034 0.035555555555555556 0.07692307692307693
2 0.3111111111111111 0.5100334448160535 0.03111111111111111 0.06354515050167224
2 0.41 0.5183946488294314 0.03333333333333333 0.06020066889632107
2 0.4988888888888889 0.540133779264214 0.028888888888888888 0.06354515050167224
