0 0.03166666666666667 0.6725490196078432 0.04666666666666667 0.27058823529411763
0 0.075 0.6686274509803921 0.043333333333333335 0.2627450980392157
0 0.1225 0.6725490196078432 0.045 0.2549019607843137
0 0.22666666666666666 0.6647058823529411 0.05333333333333334 0.3176470588235294
0 0.2575 0.6980392156862745 0.03833333333333333 0.2196078431372549
0 0.30333333333333334 0.7019607843137254 0.03666666666666667 0.21176470588235294
0 0.3233333333333333 0.7196078431372549 0.03333333333333333 0.2
0 0.36833333333333335 0.7156862745098039 0.03666666666666667 0.21568627450980393
0 0.38166666666666665 0.7137254901960784 0.03333333333333333 0.20392156862745098
0 0.42583333333333334 0.6784313725490196 0.058333333333333334 0.34509803921568627
0 0.47 0.7137254901960784 0.03666666666666667 0.21176470588235294
0 0.49583333333333335 0.7176470588235294 0.035 0.21176470588235294
0 0.515 0.7235294117647059 0.03666666666666667 0.2235294117647059
0 0.5558333333333333 0.7215686274509804 0.035 0.20392156862745098
0 0.5775 0.7274509803921568 0.035 0.20784313725490197
0 0.6225 0.7352941176470589 0.035 0.21568627450980393
0 0.6475 0.7254901960784313 0.041666666666666664 0.23529411764705882
0 0.6916666666666667 0.7313725490196078 0.03666666666666667 0.2235294117647059
0 0.675 0.6941176470588235 0.06333333333333334 0.3764705882352941
0 0.7225 0.7294117647058823 0.041666666666666664 0.23529411764705882
0 0.7491666666666666 0.7 0.065 0.3803921568627451
0 0.7975 0.7352941176470589 0.03833333333333333 0.23137254901960785
0 0.8225 0.7431372549019608 0.035 0.21568627450980393
0 0.865 0.7450980392156863 0.04 0.23529411764705882
0 0.8916666666666667 0.7470588235294118 0.04 0.23921568627450981
0 0.9258333333333333 0.7431372549019608 0.041666666666666664 0.23921568627450981
0 0.9616666666666667 0.7529411764705882 0.03666666666666667 0.21176470588235294
0 0.9858333333333333 0.7509803921568627 0.028333333333333332 0.24705882352941178
