0 0.2222222222222222 0.574468085106383 0.08 0.3191489361702128
0 0.26555555555555554 0.574468085106383 0.11333333333333333 0.4397163120567376
0 0.39 0.5514184397163121 0.19333333333333333 0.7553191489361702
0 0.48777777777777775 0.5709219858156028 0.06888888888888889 0.2695035460992908
0 0.5977777777777777 0.5726950354609929 0.09777777777777778 0.37943262411347517
0 0.6688888888888889 0.5620567375886525 0.05333333333333334 0.20921985815602837
0 0.7466666666666667 0.5656028368794326 0.044444444444444446 0.18085106382978725
0 0.7888888888888889 0.5726950354609929 0.057777777777777775 0.23049645390070922
0 0.8555555555555555 0.5620567375886525 0.04888888888888889 0.1879432624113475
0 0.8944444444444445 0.5549645390070922 0.042222222222222223 0.17375886524822695
0 0.9566666666666667 0.5319148936170213 0.08666666666666667 0.3475177304964539
2 0.18 0.5868794326241135 0.04888888888888889 0.25886524822695034
