0 0.43 0.2047451669595782 0.02 0.07205623901581722
0 0.4375 0.36818980667838314 0.02 0.06854130052724078
0 0.458125 0.3506151142355009 0.02625 0.09314586994727592
0 0.23875 0.4173989455184534 0.0275 0.09666080843585237
0 0.11125 0.3321616871704745 0.03 0.10193321616871705
0 0.638125 0.36115992970123023 0.02625 0.09666080843585237
0 0.7475 0.36379613356766255 0.025 0.0913884007029877
0 0.92625 0.37258347978910367 0.0275 0.09490333919156414
0 0.954375 0.37961335676625657 0.02125 0.0773286467486819
0 0.92875 0.539543057996485 0.03 0.1054481546572935
0 0.966875 0.6107205623901582 0.02625 0.09666080843585237
0 0.99 0.6089630931458699 0.02 0.10720562390158173
0 0.845625 0.5992970123022847 0.03375 0.1195079086115993
0 0.8275 0.6001757469244289 0.0325 0.11423550087873462
0 0.815625 0.6493848857644992 0.03125 0.11072056239015818
0 0.79 0.6063268892794376 0.03 0.1054481546572935
0 0.775 0.6115992970123023 0.0225 0.0773286467486819
0 0.225625 0.5869947275922671 0.03125 0.10896309314586995
0 0.27875 0.5887521968365553 0.03 0.10896309314586995
0 0.39625 0.6827768014059754 0.035 0.12126537785588752
0 0.41875 0.671353251318102 0.0425 0.15114235500878734
0 0.43 0.5922671353251318 0.03 0.10193321616871705
0 0.47 0.5905096660808435 0.0325 0.11247803163444639
0 0.623125 0.5957820738137083 0.03125 0.1054481546572935
0 0.614375 0.5896309314586995 0.03125 0.11072056239015818
0 0.639375 0.5922671353251318 0.03625 0.12302284710017575
0 0.654375 0.5922671353251318 0.03625 0.1265377855887522
0 0.67125 0.5940246045694201 0.035 0.1195079086115993
0 0.68375 0.6898066783831283 0.035 0.12126537785588752
0 0.775 0.7012302284710018 0.03 0.1054481546572935
0 0.83625 0.8233743409490334 0.0375 0.13181019332161686
0 0.755625 0.828646748681898 0.03875 0.13532513181019332
0 0.594375 0.8374340949033392 0.03625 0.12478031634446397
0 0.42125 0.8224956063268892 0.0425 0.15114235500878734
0 0.2975 0.7469244288224957 0.025 0.0913884007029877
2 0.53875 0.875219683655536 0.04 0.070298769771529
2 0.035 0.929701230228471 0.0575 0.10896309314586995
2 0.10875 0.9077328646748682 0.035 0.07908611599297012
2 0.1225 0.9516695957820738 0.06 0.09314586994727592
2 0.174375 0.960456942003515 0.04875 0.06854130052724078
2 0.2025 0.9578207381370826 0.0425 0.06678383128295255
2 0.21 0.9323374340949033 0.02 0.03690685413005272
2 0.230625 0.9323374340949033 0.02125 0.03690685413005272
2 0.249375 0.9490333919156415 0.02625 0.0492091388400703
2 0.25875 0.9516695957820738 0.0325 0.07557117750439367
2 0.27875 0.9446397188049209 0.0175 0.043936731107205626
2 0.301875 0.9463971880492091 0.02875 0.040421792618629174
2 0.328125 0.9340949033391915 0.02875 0.06502636203866433
2 0.349375 0.9560632688927944 0.04875 0.0773286467486819
2 0.37125 0.9358523725834798 0.03 0.04745166959578207
2 0.405625 0.9472759226713533 0.05375 0.08787346221441125
2 0.45125 0.9630931458699473 0.03 0.0492091388400703
2 0.476875 0.9253075571177505 0.02625 0.029876977152899824
2 0.518125 0.9349736379613357 0.02125 0.04569420035149385
2 0.548125 0.9428822495606327 0.03875 0.029876977152899824
2 0.589375 0.9428822495606327 0.04375 0.029876977152899824
2 0.626875 0.9525483304042179 0.04375 0.07381370826010544
2 0.663125 0.9551845342706503 0.03625 0.054481546572934976
2 0.695625 0.9543057996485061 0.05125 0.0773286467486819
2 0.773125 0.9481546572934973 0.07625 0.08963093145869948
2 0.886875 0.961335676625659 0.07125 0.05975395430579965
2 0.88375 0.9657293497363796 0.045 0.05799648506151142
2 0.9275 0.9543057996485061 0.055 0.070298769771529
2 0.9675 0.9710017574692443 0.025 0.033391915641476276
2 0.499375 0.960456942003515 0.07625 0.05799648506151142
