0 0.05663265306122449 0.5758039816232772 0.11326530612244898 0.5635528330781011
0 0.16275510204081634 0.557427258805513 0.16428571428571428 0.6064318529862175
0 0.3806122448979592 0.5888208269525268 0.1489795918367347 0.5467075038284839
0 0.338265306122449 0.6194486983154671 0.11938775510204082 0.43644716692189894
0 0.4219387755102041 0.5413476263399694 0.1377551020408163 0.5068912710566615
0 0.4760204081632653 0.554364471669219 0.11938775510204082 0.44104134762633995
0 0.5295918367346939 0.5045941807044411 0.1306122448979592 0.48238897396630936
0 0.5795918367346938 0.4349157733537519 0.11632653061224489 0.42572741194486985
0 0.6265306122448979 0.555895865237366 0.12244897959183673 0.44716692189892804
0 0.688265306122449 0.5436447166921899 0.13979591836734695 0.5176110260336907
0 0.7489795918367347 0.6003062787136294 0.1306122448979592 0.48085758039816234
0 0.8209183673469388 0.5551301684532925 0.1357142857142857 0.5007656967840735
0 0.9142857142857143 0.3430321592649311 0.13673469387755102 0.5022970903522205
2 0.015306122448979591 0.19678407350689128 0.030612244897959183 0.14548238897396631
2 0.05459183673469388 0.31623277182235837 0.09693877551020408 0.12404287901990811
2 0.06887755102040816 0.28483920367534454 0.09693877551020408 0.10413476263399694
2 0.04183673469387755 0.21516079632465543 0.05918367346938776 0.07197549770290965
2 0.09183673469387756 0.17993874425727413 0.05510204081632653 0.09647779479326186
2 0.039285714285714285 0.16998468606431852 0.03775510204081633 0.04900459418070444
2 0.05714285714285714 0.07656967840735068 0.08979591836734693 0.07963246554364471
2 0.026530612244897958 0.09341500765696784 0.053061224489795916 0.07963246554364471
2 0.175 0.19218989280245022 0.058163265306122446 0.08116385911179173
2 0.12653061224489795 0.3545176110260337 0.09591836734693877 0.21592649310872894
2 0.24183673469387756 0.32618683001531396 0.04897959183673469 0.11944869831546708
2 0.20510204081632652 0.14241960183767227 0.053061224489795916 0.07350689127105667
2 0.26377551020408163 0.13935681470137826 0.07653061224489796 0.1225114854517611
2 0.2540816326530612 0.2335375191424196 0.044897959183673466 0.08728943338437979
2 0.32193877551020406 0.2557427258805513 0.04591836734693878 0.08575803981623277
2 0.30459183673469387 0.34839203675344566 0.04795918367346939 0.08116385911179173
2 0.336734693877551 0.34686064318529863 0.03877551020408163 0.08116385911179173
2 0.36122448979591837 0.27029096477794795 0.05102040816326531 0.09647779479326186
2 0.3556122448979592 0.16003062787136293 0.07448979591836735 0.11791730474732007
2 0.3862244897959184 0.20520673813169985 0.08673469387755102 0.17457886676875958
2 0.44948979591836735 0.24885145482388973 0.03571428571428571 0.10872894333843798
2 0.4719387755102041 0.14931087289433384 0.08877551020408163 0.08728943338437979
2 0.4913265306122449 0.2611026033690659 0.0826530612244898 0.12710566615620214
2 0.5693877551020409 0.20444104134762633 0.053061224489795916 0.11179173047473201
2 0.610204081632653 0.18376722817764166 0.061224489795918366 0.12557427258805512
2 0.6622448979591836 0.2672281776416539 0.07959183673469387 0.16079632465543645
2 0.638265306122449 0.2565084226646248 0.04591836734693878 0.0903522205206738
2 0.6663265306122449 0.1439509954058193 0.04285714285714286 0.07044410413476264
2 0.7061224489795919 0.1807044410413476 0.03469387755102041 0.08269525267993874
2 0.7301020408163266 0.2503828483920367 0.06836734693877551 0.08728943338437979
2 0.7494897959183674 0.27335375191424194 0.08673469387755102 0.10566615620214395
2 0.8219387755102041 0.25114854517611024 0.09285714285714286 0.1439509954058193
2 0.8392857142857143 0.3330781010719755 0.03775510204081633 0.07503828483920368
2 0.7285714285714285 0.14777947932618682 0.06938775510204082 0.09647779479326186
2 0.7668367346938776 0.16156202143950996 0.04387755102040816 0.08422664624808576
2 0.7979591836734694 0.12633996937212863 0.03877551020408163 0.08116385911179173
2 0.9020408163265307 0.16462480857580397 0.11632653061224489 0.14548238897396631
2 0.8693877551020408 0.1217457886676876 0.08163265306122448 0.06891271056661562
2 0.9607142857142857 0.15390505359877488 0.03775510204081633 0.08728943338437979
2 0.8969387755102041 0.47166921898928027 0.053061224489795916 0.14088820826952528
2 0.9198979591836735 0.4127105666156202 0.1540816326530612 0.28637059724349156
2 0.9714285714285714 0.09571209800918837 0.03877551020408163 0.05666156202143951
