0 0.04807692307692308 0.6923076923076923 0.08846153846153847 0.3717948717948718
0 0.12692307692307692 0.6282051282051282 0.06923076923076923 0.2948717948717949
0 0.20384615384615384 0.6730769230769231 0.08461538461538462 0.34615384615384615
0 0.2923076923076923 0.6282051282051282 0.06923076923076923 0.2948717948717949
0 0.38269230769230766 0.6634615384615384 0.08076923076923077 0.33974358974358976
0 0.4807692307692308 0.6442307692307693 0.07692307692307693 0.3269230769230769
0 0.5807692307692308 0.6730769230769231 0.08461538461538462 0.34615384615384615
0 0.6634615384615384 0.6346153846153846 0.07307692307692308 0.2948717948717949
0 0.7692307692307693 0.6826923076923077 0.09230769230769231 0.3782051282051282
0 0.8423076923076923 0.6410256410256411 0.06923076923076923 0.2948717948717949
0 0.9038461538461539 0.6762820512820513 0.08461538461538462 0.3525641025641026
0 0.975 0.6698717948717948 0.05 0.30128205128205127
