0 0.07101449275362319 0.5251450676982592 0.08985507246376812 0.29980657640232106
0 0.1246376811594203 0.49806576402321084 0.08405797101449275 0.2765957446808511
0 0.17898550724637682 0.48936170212765956 0.06811594202898551 0.2205029013539652
0 0.18695652173913044 0.47195357833655704 0.06376811594202898 0.2127659574468085
0 0.20579710144927535 0.4497098646034816 0.057971014492753624 0.19148936170212766
0 0.2391304347826087 0.4526112185686654 0.05507246376811594 0.17794970986460348
0 0.3079710144927536 0.5367504835589942 0.08840579710144927 0.28820116054158607
0 0.31521739130434784 0.48549323017408125 0.08840579710144927 0.2901353965183752
0 0.47391304347826085 0.4709864603481625 0.0782608695652174 0.25338491295938104
0 0.532608695652174 0.4922630560928433 0.09420289855072464 0.3114119922630561
0 0.5594202898550724 0.5618955512572534 0.09855072463768116 0.3191489361702128
0 0.5920289855072464 0.46034816247582205 0.06231884057971015 0.2011605415860735
0 0.6420289855072464 0.4690522243713733 0.057971014492753624 0.19148936170212766
0 0.6659420289855073 0.47775628626692457 0.07681159420289856 0.2553191489361702
0 0.717391304347826 0.4816247582205029 0.08985507246376812 0.2940038684719536
0 0.7753623188405797 0.47195357833655704 0.07536231884057971 0.2514506769825919
0 0.803623188405797 0.5570599613152805 0.07971014492753623 0.26692456479690524
0 0.8485507246376811 0.47775628626692457 0.07971014492753623 0.26692456479690524
0 0.941304347826087 0.5261121856866537 0.07391304347826087 0.2437137330754352
0 0.8927536231884058 0.47292069632495165 0.07246376811594203 0.23404255319148937
0 0.9760869565217392 0.44294003868471954 0.04782608695652174 0.16634429400386846
2 0.03695652173913044 0.4748549323017408 0.06811594202898551 0.14893617021276595
2 0.27608695652173915 0.46034816247582205 0.0391304347826087 0.11605415860735009
2 0.3115942028985507 0.3704061895551257 0.03768115942028986 0.05222437137330754
2 0.35289855072463766 0.4119922630560928 0.04492753623188406 0.15860735009671179
2 0.38913043478260867 0.4584139264990329 0.04782608695652174 0.13152804642166344
2 0.41884057971014493 0.4400386847195358 0.04057971014492753 0.07930367504835589
2 0.39855072463768115 0.38878143133462284 0.03768115942028986 0.06576402321083172
2 0.42318840579710143 0.3965183752417795 0.028985507246376812 0.08897485493230174
2 0.508695652173913 0.402321083172147 0.04927536231884058 0.11605415860735009
2 0.7007246376811594 0.3713733075435203 0.02753623188405797 0.04642166344294004
2 0.631159420289855 0.3781431334622824 0.03333333333333333 0.048355899419729204
2 0.763768115942029 0.3839458413926499 0.03188405797101449 0.048355899419729204
2 0.8231884057971014 0.41102514506769827 0.034782608695652174 0.1102514506769826
2 0.9311594202898551 0.3839458413926499 0.059420289855072465 0.059961315280464215
2 0.9521739130434783 0.3849129593810445 0.017391304347826087 0.05029013539651837
