0 0.024390243902439025 0.7142857142857143 0.04878048780487805 0.2490842490842491
0 0.08536585365853659 0.7252747252747253 0.08780487804878048 0.32234432234432236
0 0.12560975609756098 0.7289377289377289 0.09024390243902439 0.3443223443223443
0 0.16463414634146342 0.6831501831501832 0.1048780487804878 0.39194139194139194
0 0.2304878048780488 0.6923076923076923 0.07073170731707316 0.26373626373626374
0 0.2597560975609756 0.6721611721611722 0.06585365853658537 0.23809523809523808
0 0.3207317073170732 0.7454212454212454 0.0951219512195122 0.34798534798534797
0 0.4926829268292683 0.7252747252747253 0.1024390243902439 0.37362637362637363
0 0.5402439024390244 0.6666666666666666 0.06585365853658537 0.2490842490842491
0 0.5768292682926829 0.6648351648351648 0.06585365853658537 0.2454212454212454
0 0.6134146341463415 0.7032967032967034 0.09024390243902439 0.336996336996337
0 0.6841463414634147 0.7527472527472527 0.1 0.3772893772893773
0 0.7353658536585366 0.7380952380952381 0.08536585365853659 0.31868131868131866
0 0.7951219512195122 0.7747252747252747 0.11707317073170732 0.42857142857142855
0 0.8219512195121951 0.7747252747252747 0.0975609756097561 0.36996336996337
0 0.8524390243902439 0.76007326007326 0.08048780487804878 0.304029304029304
0 0.95 0.706959706959707 0.1 0.37362637362637363
0 0.9085365853658537 0.7106227106227107 0.07073170731707316 0.27106227106227104
0 0.4475609756097561 0.6684981684981685 0.06585365853658537 0.23809523809523808
0 0.37682926829268293 0.6575091575091575 0.06585365853658537 0.2454212454212454
2 0.5585365853658537 0.575091575091575 0.024390243902439025 0.07326007326007326
2 0.9231707317073171 0.5421245421245421 0.041463414634146344 0.08791208791208792
2 0.974390243902439 0.6923076923076923 0.036585365853658534 0.336996336996337
