0 0.08416666666666667 0.07 0.025 0.04
0 0.011666666666666667 0.05722222222222222 0.023333333333333334 0.04777777777777778
0 0.8833333333333333 0.04388888888888889 0.023333333333333334 0.04111111111111111
0 0.85 0.04388888888888889 0.03 0.04777777777777778
0 0.8608333333333333 0.055 0.021666666666666667 0.03666666666666667
0 0.82 0.04722222222222222 0.02 0.03666666666666667
0 0.795 0.04555555555555556 0.02666666666666667 0.044444444444444446
0 0.7475 0.04888888888888889 0.035 0.06
0 0.7233333333333334 0.04388888888888889 0.03 0.04777777777777778
0 0.7058333333333333 0.04777777777777778 0.03166666666666667 0.05333333333333334
0 0.6808333333333333 0.03833333333333333 0.028333333333333332 0.04777777777777778
0 0.655 0.04055555555555555 0.03333333333333333 0.05444444444444444
0 0.6266666666666667 0.03777777777777778 0.023333333333333334 0.04
0 0.605 0.035555555555555556 0.023333333333333334 0.042222222222222223
0 0.565 0.035 0.023333333333333334 0.03888888888888889
0 0.5408333333333334 0.02666666666666667 0.025 0.04
0 0.5033333333333333 0.10166666666666667 0.03666666666666667 0.058888888888888886
0 0.5266666666666666 0.085 0.04 0.06555555555555556
0 0.4275 0.21944444444444444 0.045 0.07222222222222222
0 0.19 0.18 0.03666666666666667 0.06
0 0.09333333333333334 0.2638888888888889 0.043333333333333335 0.07222222222222222
0 0.6066666666666667 0.39111111111111113 0.07 0.11333333333333333
0 0.695 0.5094444444444445 0.07333333333333333 0.12111111111111111
0 0.8 0.6627777777777778 0.07333333333333333 0.12111111111111111
0 0.6658333333333334 0.7677777777777778 0.06166666666666667 0.10222222222222223
0 0.6508333333333334 0.6377777777777778 0.075 0.12444444444444444
0 0.6716666666666666 0.715 0.08666666666666667 0.1411111111111111
0 0.4533333333333333 0.5633333333333334 0.06666666666666667 0.1111111111111111
0 0.3825 0.8294444444444444 0.07833333333333334 0.12777777777777777
0 0.27416666666666667 0.9344444444444444 0.075 0.12222222222222222
0 0.2966666666666667 0.8616666666666667 0.08666666666666667 0.1411111111111111
0 0.31 0.8172222222222222 0.08333333333333333 0.1388888888888889
0 0.365 0.7522222222222222 0.07333333333333333 0.12222222222222222
0 0.08833333333333333 0.8188888888888889 0.09666666666666666 0.16
0 0.8133333333333334 0.09666666666666666 0.023333333333333334 0.042222222222222223
0 0.07666666666666666 0.305 0.056666666666666664 0.09444444444444444
0 0.3925 0.215 0.045 0.07222222222222222
0 0.08333333333333333 0.18888888888888888 0.03333333333333333 0.05333333333333334
1 0.0175 0.17055555555555554 0.028333333333333332 0.04777777777777778
1 0.09666666666666666 0.1827777777777778 0.03333333333333333 0.05444444444444444
1 0.14583333333333334 0.1638888888888889 0.03166666666666667 0.052222222222222225
1 0.029166666666666667 0.23833333333333334 0.03833333333333333 0.06333333333333334
1 0.2941666666666667 0.28944444444444445 0.045 0.07222222222222222
1 0.30916666666666665 0.24333333333333335 0.041666666666666664 0.06888888888888889
1 0.3883333333333333 0.275 0.03666666666666667 0.06333333333333334
1 0.15083333333333335 0.25833333333333336 0.03833333333333333 0.06333333333333334
2 0.1175 0.05444444444444444 0.03166666666666667 0.02
2 0.5933333333333334 0.025 0.023333333333333334 0.03
2 0.5508333333333333 0.07111111111111111 0.03166666666666667 0.017777777777777778
2 0.5308333333333334 0.08166666666666667 0.025 0.023333333333333334
2 0.8433333333333334 0.09833333333333333 0.03 0.023333333333333334
2 0.8516666666666667 0.08166666666666667 0.03666666666666667 0.016666666666666666
2 0.8141666666666667 0.05444444444444444 0.025 0.02
2 0.845 0.058333333333333334 0.023333333333333334 0.025555555555555557
2 0.8608333333333333 0.06777777777777778 0.015 0.013333333333333334
2 0.9741666666666666 0.04 0.028333333333333332 0.013333333333333334
2 0.955 0.04833333333333333 0.03 0.01888888888888889
2 0.8225 0.11277777777777778 0.028333333333333332 0.021111111111111112
2 0.7766666666666666 0.03222222222222222 0.04 0.022222222222222223
2 0.04583333333333333 0.19444444444444445 0.045 0.02666666666666667
2 0.08416666666666667 0.21 0.051666666666666666 0.028888888888888888
2 0.06166666666666667 0.235 0.06333333333333334 0.027777777777777776
2 0.049166666666666664 0.3433333333333333 0.06833333333333333 0.02
2 0.145 0.2872222222222222 0.056666666666666664 0.04111111111111111
2 0.2275 0.30722222222222223 0.06833333333333333 0.027777777777777776
2 0.21416666666666667 0.26166666666666666 0.04833333333333333 0.043333333333333335
2 0.2425 0.2588888888888889 0.058333333333333334 0.05333333333333334
2 0.22166666666666668 0.20333333333333334 0.04 0.028888888888888888
2 0.24333333333333335 0.21833333333333332 0.05 0.04555555555555556
2 0.20666666666666667 0.22611111111111112 0.04666666666666667 0.027777777777777776
2 0.39666666666666667 0.24444444444444444 0.04666666666666667 0.044444444444444446
2 0.42 0.23555555555555555 0.04 0.042222222222222223
2 0.24416666666666667 0.07777777777777778 0.051666666666666666 0.028888888888888888
2 0.29 0.08722222222222223 0.02666666666666667 0.021111111111111112
2 0.2991666666666667 0.43444444444444447 0.06833333333333333 0.02666666666666667
2 0.2575 0.46444444444444444 0.04833333333333333 0.03333333333333333
