0 0.111 0.20958083832335328 0.074 0.281437125748503
0 0.28 0.32934131736526945 0.076 0.2874251497005988
0 0.084 0.625748502994012 0.02 0.08383233532934131
0 0.106 0.6152694610778443 0.028 0.10479041916167664
0 0.183 0.8997005988023952 0.046 0.17664670658682635
0 0.335 0.8727544910179641 0.062 0.23652694610778444
0 0.444 0.5299401197604791 0.064 0.23952095808383234
0 0.499 0.15868263473053892 0.074 0.2754491017964072
0 0.682 0.3218562874251497 0.08 0.2964071856287425
0 0.844 0.2619760479041916 0.08 0.3023952095808383
0 0.914 0.6077844311377245 0.064 0.23952095808383234
0 0.832 0.8997005988023952 0.032 0.11676646706586827
0 0.729 0.7529940119760479 0.054 0.19461077844311378
0 0.583 0.7919161676646707 0.058 0.2125748502994012
