0 0.053863960113960115 0.5260416666666666 0.10772792022792023 0.46875
0 0.2767094017094017 0.563034188034188 0.11502849002849003 0.421474358974359
0 0.3628027065527066 0.6111111111111112 0.114494301994302 0.41933760683760685
0 0.41096866096866097 0.5861378205128205 0.11146723646723647 0.4078525641025641
0 0.4722222222222222 0.6188568376068376 0.13746438746438747 0.5026709401709402
0 0.563034188034188 0.6119123931623932 0.1168091168091168 0.42788461538461536
0 0.5970441595441596 0.6485042735042735 0.150997150997151 0.5528846153846154
0 0.6412927350427351 0.6298076923076923 0.135505698005698 0.4962606837606838
0 0.7310363247863247 0.6888354700854701 0.1672008547008547 0.6127136752136753
0 0.8047542735042735 0.6777510683760684 0.1397792022792023 0.5114850427350427
0 0.9046474358974359 0.6672008547008547 0.1379985754985755 0.5053418803418803
0 0.9453347578347578 0.7069978632478633 0.10933048433048433 0.5726495726495726
2 0.8951210826210826 0.46621260683760685 0.032407407407407406 0.11511752136752136
2 0.8498041310541311 0.47636217948717946 0.049679487179487176 0.13969017094017094
2 0.7970085470085471 0.45098824786324787 0.04344729344729345 0.0985576923076923
2 0.6680021367521367 0.4464476495726496 0.025106837606837608 0.062232905982905984
2 0.47480413105413105 0.3919604700854701 0.08956552706552706 0.13488247863247863
2 0.3912037037037037 0.41052350427350426 0.02492877492877493 0.06143162393162393
2 0.20601851851851852 0.515357905982906 0.06125356125356125 0.296741452991453
2 0.1363960113960114 0.6274038461538461 0.17094017094017094 0.7419871794871795
2 0.022613960113960115 0.3716613247863248 0.038105413105413107 0.1359508547008547
