0 0.062146892655367235 0.5629820051413882 0.12429378531073447 0.41645244215938304
0 0.2532956685499058 0.6426735218508998 0.15254237288135594 0.5089974293059126
0 0.1657250470809793 0.4383033419023136 0.06779661016949153 0.23393316195372751
0 0.2627118644067797 0.4781491002570694 0.08851224105461393 0.2982005141388175
0 0.3314500941619586 0.3791773778920309 0.04519774011299435 0.15681233933161953
0 0.2890772128060264 0.36632390745501286 0.03954802259887006 0.13624678663239073
0 0.2335216572504708 0.34832904884318766 0.03766478342749529 0.13110539845758354
0 0.19491525423728814 0.33161953727506427 0.035781544256120526 0.12339331619537275
0 0.416195856873823 0.5411311053984575 0.1016949152542373 0.34190231362467866
0 0.5 0.4254498714652956 0.054613935969868174 0.18766066838046272
0 0.5348399246704332 0.5012853470437018 0.07909604519774012 0.2622107969151671
0 0.5903954802259888 0.5912596401028277 0.12994350282485875 0.4370179948586118
0 0.7231638418079096 0.5038560411311054 0.09416195856873823 0.31362467866323906
0 0.6610169491525424 0.4601542416452442 0.07156308851224105 0.2467866323907455
0 0.6459510357815442 0.40359897172236503 0.05649717514124294 0.19023136246786632
0 0.8116760828625236 0.43573264781491 0.05273069679849341 0.17737789203084833
0 0.916195856873823 0.5925449871465296 0.11864406779661017 0.39845758354755784
0 0.891713747645951 0.4974293059125964 0.06591337099811675 0.22879177377892032
0 0.8305084745762712 0.37275064267352187 0.030131826741996232 0.10282776349614396
0 0.8493408662900188 0.37789203084832906 0.030131826741996232 0.10282776349614396
2 0.08945386064030132 0.35732647814910024 0.035781544256120526 0.10796915167095116
2 0.0903954802259887 0.2763496143958869 0.015065913370998116 0.043701799485861184
2 0.04048964218455744 0.2827763496143959 0.032015065913371 0.061696658097686374
2 0.16760828625235405 0.3277634961439589 0.04519774011299435 0.08483290488431877
2 0.18926553672316385 0.31748071979434445 0.032015065913371 0.08483290488431877
2 0.2966101694915254 0.30848329048843187 0.02824858757062147 0.04627249357326478
2 0.4143126177024482 0.32904884318766064 0.03389830508474576 0.04627249357326478
2 0.3898305084745763 0.3856041131105398 0.064030131826742 0.10282776349614396
2 0.5423728813559322 0.3226221079691517 0.03389830508474576 0.07969151670951156
2 0.6242937853107344 0.3277634961439589 0.02448210922787194 0.05398457583547558
2 0.7975517890772128 0.35218508997429304 0.02071563088512241 0.08740359897172237
2 0.9199623352165726 0.37146529562982006 0.02071563088512241 0.04884318766066838
2 0.7890772128060264 0.8431876606683805 0.23728813559322035 0.2982005141388175
2 0.9576271186440678 0.8560411311053985 0.0696798493408663 0.2622107969151671
2 0.963276836158192 0.39331619537275064 0.035781544256120526 0.09768637532133675
