0 0.04423592493297587 0.5305206463195691 0.08847184986595175 0.1813285457809695
0 0.09517426273458444 0.5538599640933572 0.10455764075067024 0.17055655296229802
0 0.1876675603217158 0.5341113105924596 0.1126005361930295 0.18491921005385997
0 0.1581769436997319 0.5359066427289049 0.09651474530831099 0.16337522441651706
0 0.22788203753351208 0.5691202872531418 0.08579088471849866 0.1400359066427289
0 0.306970509383378 0.5870736086175943 0.17962466487935658 0.29443447037701975
0 0.3753351206434316 0.5359066427289049 0.09115281501340483 0.1490125673249551
0 0.306970509383378 0.4380610412926391 0.013404825737265416 0.02154398563734291
0 0.4436997319034853 0.5278276481149012 0.10455764075067024 0.17235188509874327
0 0.48257372654155495 0.5314183123877917 0.10187667560321716 0.17235188509874327
0 0.561662198391421 0.6364452423698385 0.22788203753351208 0.3752244165170557
0 0.6166219839142091 0.5394973070017953 0.1126005361930295 0.18850987432675045
0 0.6836461126005362 0.547576301615799 0.10187667560321716 0.17235188509874327
0 0.7198391420911529 0.5233393177737882 0.08310991957104558 0.14183123877917414
0 0.7707774798927614 0.5421903052064632 0.10455764075067024 0.17594254937163376
0 0.8190348525469169 0.547576301615799 0.13672922252010725 0.22980251346499103
0 0.8873994638069705 0.5583482944344704 0.1126005361930295 0.1867145421903052
0 0.9517426273458445 0.5305206463195691 0.09651474530831099 0.1561938958707361
0 0.920911528150134 0.45152603231597843 0.08847184986595175 0.14542190305206462
2 0.029490616621983913 0.552064631956912 0.058981233243967826 0.19210053859964094
2 0.11394101876675604 0.45152603231597843 0.06702412868632708 0.05565529622980251
2 0.22654155495978553 0.4578096947935368 0.05630026809651475 0.03949730700179533
2 0.2453083109919571 0.4793536804308797 0.06166219839142091 0.05026929982046679
2 0.29088471849865954 0.46409335727109513 0.05093833780160858 0.03770197486535009
2 0.5951742627345844 0.4649910233393178 0.04289544235924933 0.03590664272890485
2 0.6219839142091153 0.4353680430879713 0.04289544235924933 0.03411131059245961
2 0.6635388739946381 0.440754039497307 0.045576407506702415 0.03411131059245961
2 0.6702412868632708 0.4703770197486535 0.04289544235924933 0.03590664272890485
2 0.7640750670241286 0.4138240574506284 0.05361930294906166 0.07001795332136446
2 0.8029490616621984 0.41831238779174146 0.03485254691689008 0.0718132854578097
2 0.8431635388739946 0.41741472172351884 0.06702412868632708 0.0807899461400359
2 0.8659517426273459 0.3985637342908438 0.02680965147453083 0.02872531418312388
2 0.8873994638069705 0.4236983842010772 0.04289544235924933 0.08258527827648116
2 0.9651474530831099 0.39587073608617596 0.03753351206434316 0.06283662477558348
2 0.9758713136729222 0.4129263913824057 0.032171581769437 0.06104129263913824
