0 0.0171875 0.831875 0.034375 0.16875
0 0.035546875 0.83 0.05078125 0.2025
0 0.0625 0.804375 0.0296875 0.11625
0 0.0859375 0.796875 0.0296875 0.11875
0 0.1453125 0.835625 0.0484375 0.19125
0 0.240625 0.8525 0.05 0.1975
0 0.271875 0.845 0.0484375 0.1925
0 0.46015625 0.820625 0.03125 0.12375
0 0.478515625 0.82 0.03359375 0.13
0 0.49921875 0.8125 0.034375 0.135
0 0.523828125 0.90125 0.02734375 0.11
0 0.541796875 0.85375 0.04921875 0.1925
0 0.55546875 0.885 0.0578125 0.225
0 0.586328125 0.88875 0.05390625 0.215
0 0.671484375 0.879375 0.05078125 0.19875
0 0.71328125 0.9 0.05 0.1975
0 0.745703125 0.88625 0.04765625 0.19
0 0.76328125 0.899375 0.0484375 0.18875
0 0.80625 0.898125 0.0484375 0.19375
0 0.8703125 0.884375 0.053125 0.20875
0 0.9234375 0.841875 0.021875 0.08875
2 0.08125 0.85375 0.0546875 0.14
2 0.009765625 0.770625 0.01796875 0.05875
2 0.741796875 0.786875 0.04140625 0.06125
2 0.863671875 0.8375 0.05390625 0.1575
2 0.945703125 0.82375 0.02265625 0.0525
2 0.951171875 0.88375 0.09296875 0.225
2 0.987109375 0.815 0.02421875 0.035
3 0.10078125 0.77375 0.0296875 0.05
