0 0.04748062015503876 0.3352059925093633 0.0872093023255814 0.40823970037453183
0 0.18604651162790697 0.35580524344569286 0.07364341085271318 0.3595505617977528
0 0.18410852713178294 0.27715355805243447 0.06976744186046512 0.3295880149812734
0 0.1821705426356589 0.6741573033707865 0.12015503875968993 0.5692883895131086
0 0.33430232558139533 0.3464419475655431 0.07945736434108527 0.3782771535580524
0 0.3246124031007752 0.2958801498127341 0.06395348837209303 0.3146067415730337
0 0.4496124031007752 0.6554307116104869 0.12015503875968993 0.5692883895131086
0 0.5387596899224806 0.350187265917603 0.07751937984496124 0.36329588014981273
0 0.47771317829457366 0.32771535580524347 0.0755813953488372 0.36329588014981273
0 0.6191860465116279 0.20786516853932585 0.07170542635658915 0.3408239700374532
0 0.687015503875969 0.3146067415730337 0.07170542635658915 0.33707865168539325
0 0.7596899224806202 0.36142322097378277 0.06976744186046512 0.3333333333333333
0 0.7781007751937985 0.30337078651685395 0.06395348837209303 0.30711610486891383
0 0.873062015503876 0.36329588014981273 0.06782945736434108 0.32209737827715357
0 0.875 0.3146067415730337 0.06395348837209303 0.3146067415730337
0 0.7577519379844961 0.6460674157303371 0.12790697674418605 0.6104868913857678
2 0.8682170542635659 0.07677902621722846 0.04263565891472868 0.10112359550561797
