0 0.16013071895424835 0.6139705882352942 0.09477124183006536 0.3553921568627451
0 0.23039215686274508 0.5943627450980392 0.09803921568627451 0.3602941176470588
0 0.7810457516339869 0.6801470588235294 0.14052287581699346 0.5220588235294118
0 0.875 0.553921568627451 0.08986928104575163 0.3284313725490196
0 0.8129084967320261 0.39828431372549017 0.08006535947712418 0.3014705882352941
0 0.6160130718954249 0.6825980392156863 0.1111111111111111 0.40931372549019607
0 0.75 0.6703431372549019 0.11764705882352941 0.42892156862745096
0 0.6952614379084967 0.6691176470588235 0.11274509803921569 0.4215686274509804
2 0.16830065359477125 0.7169117647058824 0.10784313725490197 0.2622549019607843
2 0.2704248366013072 0.6936274509803921 0.09967320261437909 0.24019607843137256
2 0.3553921568627451 0.6629901960784313 0.06699346405228758 0.17892156862745098
2 0.4305555555555556 0.6507352941176471 0.07026143790849673 0.15931372549019607
2 0.4812091503267974 0.6360294117647058 0.05392156862745098 0.18382352941176472
2 0.49836601307189543 0.7561274509803921 0.09803921568627451 0.26715686274509803
2 0.5547385620915033 0.8125 0.13562091503267973 0.25735294117647056
2 0.5383986928104575 0.5110294117647058 0.06045751633986928 0.0857843137254902
2 0.5604575163398693 0.44485294117647056 0.042483660130718956 0.08088235294117647
2 0.5759803921568627 0.48651960784313725 0.03104575163398693 0.08088235294117647
2 0.5375816993464052 0.42401960784313725 0.02287581699346405 0.08333333333333333
2 0.5081699346405228 0.4522058823529412 0.042483660130718956 0.056372549019607844
2 0.48937908496732024 0.45098039215686275 0.024509803921568627 0.058823529411764705
2 0.4534313725490196 0.4252450980392157 0.04411764705882353 0.07107843137254902
2 0.4150326797385621 0.5098039215686274 0.07516339869281045 0.17647058823529413
2 0.37826797385620914 0.4252450980392157 0.10947712418300654 0.12009803921568628
2 0.3545751633986928 0.5220588235294118 0.05555555555555555 0.12254901960784313
2 0.3194444444444444 0.5416666666666666 0.07026143790849673 0.10294117647058823
2 0.2900326797385621 0.5208333333333334 0.07026143790849673 0.12009803921568628
2 0.28594771241830064 0.40318627450980393 0.1111111111111111 0.13970588235294118
2 0.6070261437908496 0.4338235294117647 0.03758169934640523 0.06372549019607843
2 0.5784313725490197 0.3541666666666667 0.10784313725490197 0.18382352941176472
2 0.6446078431372549 0.40808823529411764 0.05065359477124183 0.07598039215686274
2 0.6413398692810458 0.48651960784313725 0.05065359477124183 0.08088235294117647
2 0.6740196078431373 0.47181372549019607 0.04411764705882353 0.09558823529411764
2 0.7156862745098039 0.45465686274509803 0.042483660130718956 0.0857843137254902
2 0.7148692810457516 0.40318627450980393 0.04084967320261438 0.061274509803921566
2 0.7271241830065359 0.2977941176470588 0.08496732026143791 0.20833333333333334
2 0.6576797385620915 0.75 0.08333333333333333 0.28921568627450983
2 0.7222222222222222 0.8223039215686274 0.16013071895424835 0.2965686274509804
2 0.028594771241830064 0.5992647058823529 0.05718954248366013 0.3161764705882353
