0 0.03363636363636364 0.6130790190735694 0.04181818181818182 0.15258855585831063
0 0.0890909090909091 0.6158038147138964 0.03636363636363636 0.1362397820163488
0 0.07181818181818182 0.41825613079019075 0.038181818181818185 0.13896457765667575
0 0.1318181818181818 0.6457765667574932 0.07090909090909091 0.2615803814713896
0 0.2190909090909091 0.6444141689373297 0.06363636363636363 0.23705722070844687
0 0.3618181818181818 0.5899182561307902 0.02909090909090909 0.11171662125340599
0 0.5563636363636364 0.662125340599455 0.08 0.2997275204359673
0 0.6163636363636363 0.6566757493188011 0.06909090909090909 0.2506811989100817
0 0.6718181818181819 0.5885558583106267 0.034545454545454546 0.12534059945504086
0 0.6918181818181818 0.5817438692098093 0.034545454545454546 0.12806539509536785
0 0.8936363636363637 0.5953678474114441 0.034545454545454546 0.12806539509536785
0 0.9109090909090909 0.5926430517711172 0.03272727272727273 0.11716621253405994
0 0.6518181818181819 0.5735694822888283 0.023636363636363636 0.08991825613079019
0 0.35818181818181816 0.3405994550408719 0.01818181818181818 0.07084468664850137
2 0.00909090909090909 0.23705722070844687 0.014545454545454545 0.05449591280653951
2 0.028181818181818183 0.23978201634877383 0.02 0.0326975476839237
2 0.03090909090909091 0.29291553133514986 0.02181818181818182 0.0681198910081744
2 0.05 0.2956403269754768 0.016363636363636365 0.051771117166212535
2 0.06727272727272728 0.3024523160762943 0.014545454545454545 0.05449591280653951
2 0.10727272727272727 0.28201634877384196 0.02909090909090909 0.1008174386920981
2 0.13818181818181818 0.3065395095367847 0.025454545454545455 0.09536784741144415
2 0.1809090909090909 0.3201634877384196 0.02727272727272727 0.05722070844686648
2 0.21 0.3896457765667575 0.02 0.027247956403269755
2 0.22818181818181818 0.391008174386921 0.016363636363636365 0.035422343324250684
2 0.24818181818181817 0.40054495912806537 0.02 0.043596730245231606
2 0.3281818181818182 0.335149863760218 0.023636363636363636 0.07084468664850137
2 0.3418181818181818 0.3242506811989101 0.014545454545454545 0.03814713896457766
2 0.4209090909090909 0.36103542234332425 0.012727272727272728 0.04087193460490463
2 0.43454545454545457 0.36239782016348776 0.025454545454545455 0.05449591280653951
2 0.49818181818181817 0.40599455040871935 0.01090909090909091 0.027247956403269755
2 0.51 0.40735694822888285 0.012727272727272728 0.01907356948228883
2 0.5263636363636364 0.4032697547683924 0.012727272727272728 0.0326975476839237
2 0.5445454545454546 0.385558583106267 0.02 0.06267029972752043
2 0.3527272727272727 0.4100817438692098 0.01818181818181818 0.02452316076294278
2 0.5918181818181818 0.40054495912806537 0.012727272727272728 0.021798365122615803
2 0.6118181818181818 0.3978201634877384 0.00909090909090909 0.01634877384196185
2 0.6209090909090909 0.3978201634877384 0.005454545454545455 0.01634877384196185
