0 0.928125 0.5841121495327103 0.13125 0.4803738317757009
0 0.816875 0.5953271028037384 0.11875 0.4392523364485981
0 0.666875 0.5598130841121496 0.10625 0.39065420560747666
0 0.63875 0.5887850467289719 0.105 0.3850467289719626
0 0.56125 0.594392523364486 0.0875 0.3252336448598131
0 0.443125 0.6289719626168224 0.13125 0.4803738317757009
0 0.470625 0.616822429906542 0.11625 0.4224299065420561
0 0.36 0.5990654205607476 0.0725 0.2672897196261682
0 0.3125 0.625233644859813 0.095 0.34953271028037386
0 0.23875 0.5523364485981308 0.085 0.3121495327102804
0 0.220625 0.625233644859813 0.09125 0.3383177570093458
0 0.18125 0.6046728971962617 0.0775 0.28598130841121494
0 0.134375 0.6158878504672897 0.07125 0.2635514018691589
0 0.098125 0.5878504672897197 0.07625 0.2822429906542056
0 0.03625 0.6130841121495327 0.045 0.16822429906542055
2 0.0575 0.5392523364485982 0.0225 0.05794392523364486
2 0.0775 0.508411214953271 0.035 0.059813084112149535
2 0.15875 0.5411214953271029 0.0575 0.14392523364485982
2 0.346875 0.49906542056074765 0.02375 0.059813084112149535
2 0.38875 0.4766355140186916 0.03 0.07850467289719626
2 0.734375 0.5009345794392523 0.02375 0.041121495327102804
2 0.734375 0.5439252336448598 0.03125 0.044859813084112146
2 0.756875 0.5196261682242991 0.02125 0.06355140186915888
