0 0.132 0.6321321321321322 0.124 0.45345345345345345
0 0.206 0.6351351351351351 0.12 0.44144144144144143
0 0.291 0.6546546546546547 0.11 0.4024024024024024
0 0.376 0.6576576576576577 0.104 0.3843843843843844
0 0.45 0.6486486486486487 0.116 0.4264264264264264
0 0.526 0.6486486486486487 0.112 0.4084084084084084
0 0.608 0.6426426426426426 0.108 0.3963963963963964
0 0.668 0.6411411411411412 0.104 0.38738738738738737
0 0.723 0.6381381381381381 0.114 0.42342342342342343
0 0.779 0.6651651651651652 0.102 0.3813813813813814
0 0.833 0.6606606606606606 0.106 0.39039039039039036
0 0.909 0.6261261261261262 0.118 0.43543543543543545
0 0.959 0.46396396396396394 0.042 0.15315315315315314
0 0.981 0.46096096096096095 0.038 0.15915915915915915
0 0.807 0.4924924924924925 0.098 0.3663663663663664
0 0.112 0.4774774774774775 0.088 0.32432432432432434
2 0.195 0.3738738738738739 0.062 0.14114114114114115
2 0.275 0.3663663663663664 0.07 0.10810810810810811
2 0.35 0.36486486486486486 0.052 0.1111111111111111
2 0.43 0.36186186186186187 0.052 0.0990990990990991
2 0.508 0.36036036036036034 0.068 0.0960960960960961
2 0.576 0.34534534534534533 0.052 0.08408408408408409
2 0.674 0.35735735735735735 0.068 0.0960960960960961
2 0.741 0.3918918918918919 0.058 0.14714714714714713
2 0.898 0.4024024024024024 0.032 0.07207207207207207
2 0.853 0.4159159159159159 0.034 0.09309309309309309
