0 0.1188235294117647 0.54673721340388 0.04 0.15167548500881833
0 0.16647058823529412 0.5458553791887125 0.041176470588235294 0.15696649029982362
0 0.20941176470588235 0.54673721340388 0.04 0.14462081128747795
0 0.2535294117647059 0.5423280423280423 0.041176470588235294 0.14991181657848324
0 0.2911764705882353 0.5476190476190477 0.036470588235294116 0.13932980599647266
0 0.32941176470588235 0.5502645502645502 0.04 0.15167548500881833
0 0.3735294117647059 0.5485008818342152 0.041176470588235294 0.15520282186948853
0 0.41058823529411764 0.5546737213403881 0.04 0.14991181657848324
0 0.4582352941176471 0.54673721340388 0.04352941176470588 0.16225749559082892
0 0.4976470588235294 0.54673721340388 0.04470588235294118 0.16225749559082892
0 0.5329411764705883 0.5511463844797179 0.04 0.14991181657848324
0 0.5647058823529412 0.54673721340388 0.042352941176470586 0.15520282186948853
0 0.6047058823529412 0.5502645502645502 0.03764705882352941 0.14109347442680775
0 0.6488235294117647 0.5502645502645502 0.041176470588235294 0.15167548500881833
0 0.6894117647058824 0.5520282186948854 0.03764705882352941 0.14109347442680775
0 0.7247058823529412 0.5511463844797179 0.03764705882352941 0.14285714285714285
0 0.7647058823529411 0.5493827160493827 0.04 0.14991181657848324
0 0.8011764705882353 0.5493827160493827 0.04 0.14638447971781304
0 0.831764705882353 0.5520282186948854 0.03764705882352941 0.14109347442680775
