0 0.346 0.5843558282208589 0.18 0.6717791411042945
0 0.423 0.5828220858895705 0.15 0.5705521472392638
0 0.519 0.5168711656441718 0.154 0.5797546012269938
0 0.67 0.5659509202453987 0.152 0.5797546012269938
0 0.627 0.5168711656441718 0.142 0.5306748466257669
0 0.779 0.48006134969325154 0.134 0.5122699386503068
0 0.87 0.598159509202454 0.188 0.7055214723926381
0 0.26 0.5444785276073619 0.168 0.6349693251533742
0 0.21 0.5352760736196319 0.148 0.5613496932515337
0 0.18 0.5030674846625767 0.144 0.5398773006134969
0 0.097 0.45245398773006135 0.102 0.3895705521472393
0 0.066 0.4049079754601227 0.092 0.34355828220858897
0 0.036 0.4049079754601227 0.072 0.32515337423312884
2 0.124 0.30214723926380366 0.044 0.08282208588957055
2 0.103 0.2898773006134969 0.034 0.05214723926380368
2 0.083 0.23159509202453987 0.042 0.05214723926380368
2 0.156 0.22392638036809817 0.048 0.049079754601226995
2 0.2 0.2331288343558282 0.044 0.05521472392638037
2 0.273 0.2929447852760736 0.046 0.08282208588957055
2 0.295 0.254601226993865 0.042 0.06134969325153374
2 0.401 0.2898773006134969 0.058 0.08895705521472393
2 0.426 0.2469325153374233 0.048 0.07668711656441718
2 0.388 0.2392638036809816 0.032 0.06134969325153374
2 0.446 0.2561349693251534 0.032 0.07668711656441718
2 0.568 0.2254601226993865 0.04 0.07668711656441718
2 0.557 0.2745398773006135 0.026 0.08282208588957055
2 0.602 0.27300613496932513 0.048 0.12883435582822086
2 0.681 0.24233128834355827 0.038 0.09202453987730061
2 0.716 0.2898773006134969 0.052 0.10122699386503067
2 0.737 0.25920245398773006 0.034 0.08282208588957055
2 0.763 0.2776073619631902 0.03 0.0705521472392638
2 0.826 0.26226993865030673 0.032 0.10122699386503067
2 0.849 0.2822085889570552 0.038 0.11042944785276074
2 0.974 0.26533742331288346 0.04 0.07668711656441718
2 0.93 0.2607361963190184 0.044 0.11042944785276074
2 0.481 0.2684049079754601 0.042 0.13190184049079753
