0 0.10643564356435643 0.7425925925925926 0.04455445544554455 0.16666666666666666
0 0.16336633663366337 0.7407407407407407 0.034653465346534656 0.13333333333333333
0 0.20915841584158415 0.7111111111111111 0.03712871287128713 0.14814814814814814
0 0.24752475247524752 0.6925925925925925 0.034653465346534656 0.13333333333333333
0 0.3564356435643564 0.8074074074074075 0.04455445544554455 0.16296296296296298
0 0.4034653465346535 0.7833333333333333 0.04455445544554455 0.15925925925925927
0 0.4344059405940594 0.7537037037037037 0.03712871287128713 0.14444444444444443
0 0.46163366336633666 0.7388888888888889 0.03712871287128713 0.13703703703703704
0 0.49257425742574257 0.7185185185185186 0.034653465346534656 0.1259259259259259
0 0.5396039603960396 0.6981481481481482 0.0297029702970297 0.12222222222222222
0 0.5470297029702971 0.8555555555555555 0.034653465346534656 0.14074074074074075
0 0.3180693069306931 0.674074074074074 0.027227722772277228 0.1037037037037037
0 0.3873762376237624 0.6351851851851852 0.027227722772277228 0.1
0 0.40717821782178215 0.6277777777777778 0.027227722772277228 0.10740740740740741
0 0.905940594059406 0.8981481481481481 0.04950495049504951 0.1814814814814815
0 0.7202970297029703 0.912962962962963 0.04455445544554455 0.16666666666666666
0 0.7698019801980198 0.8425925925925926 0.04950495049504951 0.18888888888888888
0 0.6497524752475248 0.7611111111111111 0.03712871287128713 0.14444444444444443
0 0.6745049504950495 0.7388888888888889 0.03712871287128713 0.13703703703703704
0 0.7289603960396039 0.6925925925925925 0.027227722772277228 0.1037037037037037
0 0.13613861386138615 0.9055555555555556 0.04455445544554455 0.16666666666666666
0 0.2747524752475248 0.9092592592592592 0.04455445544554455 0.17407407407407408
0 0.4319306930693069 0.6148148148148148 0.027227722772277228 0.1037037037037037
0 0.5470297029702971 0.5740740740740741 0.019801980198019802 0.07407407407407407
0 0.8044554455445545 0.812962962962963 0.04455445544554455 0.16666666666666666
0 0.8168316831683168 0.7814814814814814 0.034653465346534656 0.14074074074074075
0 0.8341584158415841 0.7574074074074074 0.039603960396039604 0.14444444444444443
0 0.8465346534653465 0.7388888888888889 0.034653465346534656 0.13703703703703704
0 0.8638613861386139 0.7185185185185186 0.034653465346534656 0.13333333333333333
0 0.3341584158415842 0.8981481481481481 0.04950495049504951 0.18888888888888888
0 0.2747524752475248 0.6111111111111112 0.024752475247524754 0.08888888888888889
0 0.3069306930693069 0.6 0.024752475247524754 0.0962962962962963
0 0.8886138613861386 0.6703703703703704 0.034653465346534656 0.1259259259259259
2 0.8353960396039604 0.9407407407407408 0.07178217821782178 0.1037037037037037
2 0.9405940594059405 0.9518518518518518 0.054455445544554455 0.08148148148148149
2 0.452970297029703 0.924074074074074 0.07920792079207921 0.14444444444444443
2 0.5160891089108911 0.9111111111111111 0.08663366336633663 0.14814814814814814
2 0.5928217821782178 0.8462962962962963 0.06683168316831684 0.12222222222222222
2 0.625 0.8018518518518518 0.05198019801980198 0.11481481481481481
2 0.5903465346534653 0.6796296296296296 0.04207920792079208 0.11481481481481481
2 0.625 0.6648148148148149 0.04207920792079208 0.06296296296296296
2 0.6225247524752475 0.9462962962962963 0.05693069306930693 0.1
2 0.6881188118811881 0.9425925925925925 0.06930693069306931 0.1
2 0.46410891089108913 0.6277777777777778 0.03712871287128713 0.07777777777777778
2 0.4962871287128713 0.6314814814814815 0.03712871287128713 0.06296296296296296
2 0.3502475247524752 0.6666666666666666 0.04207920792079208 0.0962962962962963
4 0.09158415841584158 0.387037037037037 0.17326732673267325 0.18888888888888888
4 0.32425742574257427 0.35555555555555557 0.38613861386138615 0.17037037037037037
4 0.6658415841584159 0.37777777777777777 0.23267326732673269 0.17037037037037037
4 0.9170792079207921 0.4074074074074074 0.15594059405940594 0.17037037037037037
4 0.5099009900990099 0.5 0.45544554455445546 0.0962962962962963
4 0.8725247524752475 0.5425925925925926 0.2400990099009901 0.14444444444444443
4 0.6905940594059405 0.5981481481481481 0.13861386138613863 0.09259259259259259
