0 0.107 0.6493333333333333 0.118 0.38133333333333336
0 0.154 0.5773333333333334 0.108 0.34933333333333333
0 0.17 0.45866666666666667 0.048 0.15466666666666667
0 0.23 0.6146666666666667 0.076 0.25333333333333335
0 0.248 0.6026666666666667 0.068 0.22933333333333333
0 0.258 0.5613333333333334 0.076 0.248
0 0.306 0.5373333333333333 0.064 0.216
0 0.35 0.6186666666666667 0.068 0.21866666666666668
0 0.373 0.5746666666666667 0.074 0.24266666666666667
0 0.434 0.6 0.072 0.23466666666666666
0 0.458 0.608 0.072 0.24
0 0.524 0.5533333333333333 0.072 0.23733333333333334
0 0.567 0.58 0.078 0.25866666666666666
0 0.611 0.648 0.122 0.39466666666666667
0 0.665 0.6893333333333334 0.158 0.52
2 0.428 0.4653333333333333 0.036 0.050666666666666665
2 0.452 0.468 0.036 0.056
2 0.534 0.43866666666666665 0.032 0.056
2 0.621 0.42933333333333334 0.038 0.05333333333333334
2 0.36 0.4746666666666667 0.032 0.05333333333333334
