0 0.03133333333333333 0.4574203187250996 0.048 0.17480079681274902
0 0.07666666666666666 0.4551792828685259 0.04 0.14641434262948208
0 0.18166666666666667 0.45667330677290835 0.10733333333333334 0.39243027888446214
0 0.29333333333333333 0.4733565737051793 0.09333333333333334 0.3401394422310757
0 0.3263333333333333 0.48182270916334663 0.07866666666666666 0.2863545816733068
0 0.3925 0.47634462151394424 0.073 0.26743027888446214
0 0.4225 0.48530876494023906 0.07033333333333333 0.25747011952191234
0 0.5066666666666667 0.48032868525896416 0.068 0.24750996015936255
0 0.44733333333333336 0.4820717131474104 0.024 0.08764940239043825
0 0.465 0.4855577689243028 0.024666666666666667 0.09063745019920319
0 0.4835 0.48854581673306774 0.024333333333333332 0.08964143426294821
0 0.5438333333333333 0.48306772908366535 0.06166666666666667 0.22609561752988047
0 0.5266666666666666 0.4877988047808765 0.058666666666666666 0.2156374501992032
0 0.5645 0.4828187250996016 0.031 0.11304780876494024
0 0.5755 0.4838147410358566 0.030333333333333334 0.11205179282868526
0 0.5998333333333333 0.4850597609561753 0.031 0.11254980079681275
0 0.6423333333333333 0.49203187250996017 0.059333333333333335 0.21812749003984064
0 0.6916666666666667 0.4845617529880478 0.06066666666666667 0.22111553784860558
0 0.7693333333333333 0.4910358565737052 0.05333333333333334 0.1952191235059761
0 0.7335 0.489292828685259 0.042333333333333334 0.15587649402390438
0 0.7793333333333333 0.4922808764940239 0.043333333333333335 0.15886454183266932
0 0.7928333333333333 0.488296812749004 0.039 0.14392430278884463
0 0.8041666666666667 0.49302788844621515 0.03966666666666667 0.14641434262948208
0 0.8193333333333334 0.4711155378486056 0.05533333333333333 0.20219123505976094
0 0.8413333333333334 0.49078685258964144 0.056 0.2056772908366534
0 0.8898333333333334 0.4805776892430279 0.055 0.20119521912350596
0 0.9166666666666666 0.48082669322709165 0.07133333333333333 0.26145418326693226
0 0.977 0.4910358565737052 0.046 0.25796812749003983
2 0.9408333333333333 0.5331175298804781 0.060333333333333336 0.13695219123505975
2 0.8743333333333333 0.41284860557768926 0.025333333333333333 0.053784860557768925
2 0.7453333333333333 0.43675298804780877 0.01 0.02888446215139442
2 0.7258333333333333 0.41733067729083667 0.028333333333333332 0.052788844621513946
2 0.49283333333333335 0.44397410358565736 0.017666666666666667 0.022410358565737053
2 0.48233333333333334 0.44621513944223107 0.01 0.0199203187250996
