0 0.96 0.5966666666666667 0.055 0.18666666666666668
0 0.865 0.64 0.1 0.32666666666666666
0 0.76875 0.6166666666666667 0.0975 0.32
0 0.70375 0.605 0.0675 0.23
0 0.59125 0.6483333333333333 0.1125 0.36333333333333334
0 0.62875 0.5933333333333334 0.0625 0.21333333333333335
0 0.5575 0.59 0.06 0.19333333333333333
0 0.50375 0.6266666666666667 0.1025 0.34
0 0.4575 0.5966666666666667 0.06 0.20666666666666667
0 0.42 0.605 0.07 0.23
0 0.36875 0.615 0.0775 0.2633333333333333
0 0.295 0.61 0.075 0.24666666666666667
0 0.2425 0.62 0.085 0.28
0 0.17375 0.6116666666666667 0.0775 0.25
0 0.1975 0.5983333333333334 0.065 0.21
0 0.1225 0.605 0.07 0.23
0 0.09 0.6233333333333333 0.085 0.2866666666666667
0 0.04 0.6133333333333333 0.075 0.25333333333333335
0 0.025 0.5933333333333334 0.05 0.18666666666666668
0 0.315 0.5916666666666667 0.05 0.16333333333333333
0 0.34875 0.5883333333333334 0.0625 0.20333333333333334
2 0.07 0.5116666666666667 0.025 0.043333333333333335
2 0.15625 0.5133333333333333 0.0125 0.05333333333333334
2 0.2175 0.5116666666666667 0.035 0.056666666666666664
2 0.27625 0.5233333333333333 0.0325 0.04
2 0.39875 0.5116666666666667 0.0275 0.056666666666666664
2 0.65375 0.53 0.0225 0.06666666666666667
2 0.515 0.5033333333333333 0.03 0.04
2 0.49 0.51 0.025 0.04666666666666667
2 0.44125 0.5133333333333333 0.0275 0.04
4 0.8075 0.49833333333333335 0.34 0.10333333333333333
4 0.5925 0.49666666666666665 0.22 0.07333333333333333
4 0.98 0.495 0.025 0.043333333333333335
