0 0.5822916666666667 0.49739854318418314 0.18958333333333333 0.6930280957336108
0 0.32013888888888886 0.6878251821019771 0.09722222222222222 0.35796045785639957
0 0.2222222222222222 0.6363163371488033 0.07916666666666666 0.2924037460978148
0 0.40069444444444446 0.7237252861602498 0.09861111111111111 0.3610822060353798
0 0.5402777777777777 0.7206035379812695 0.10833333333333334 0.39854318418314255
0 0.6024305555555556 0.7101977107180021 0.1076388888888889 0.3964620187304891
0 0.45034722222222223 0.6409989594172737 0.06736111111111111 0.24557752341311134
0 0.5017361111111112 0.613423517169615 0.05347222222222222 0.19667013527575442
0 0.3579861111111111 0.609261186264308 0.052083333333333336 0.19042663891779396
0 0.26979166666666665 0.5946930280957337 0.04375 0.16129032258064516
0 0.1840277777777778 0.5738813735691988 0.043055555555555555 0.1571279916753382
0 0.7895833333333333 0.6378772112382934 0.058333333333333334 0.21227887617065558
0 0.7177083333333333 0.5176899063475546 0.014583333333333334 0.05723204994797086
0 0.8677083333333333 0.7705515088449532 0.12430555555555556 0.45681581685744016
0 0.959375 0.7851196670135275 0.08125 0.4255983350676379
0 0.8173611111111111 0.6664932362122789 0.07361111111111111 0.2695109261186264
0 0.14548611111111112 0.763267429760666 0.1284722222222222 0.46930280957336107
0 0.06111111111111111 0.7445369406867846 0.12222222222222222 0.5005202913631633
0 0.4284722222222222 0.663891779396462 0.08472222222222223 0.3100936524453694
0 0.628125 0.6269510926118627 0.07013888888888889 0.2570239334027055
2 0.14444444444444443 0.5291363163371487 0.043055555555555555 0.07388137356919876
2 0.121875 0.5020811654526535 0.027083333333333334 0.030176899063475548
2 0.29618055555555556 0.536420395421436 0.025694444444444443 0.05098855359001041
2 0.3892361111111111 0.5338189386056191 0.027083333333333334 0.031217481789802288
2 0.45590277777777777 0.5171696149843913 0.017361111111111112 0.022892819979188347
2 0.5128472222222222 0.5010405827263268 0.035416666666666666 0.04266389177939646
2 0.9559027777777778 0.5619146722164412 0.03263888888888889 0.054110301768990635
2 0.9232638888888889 0.5759625390218522 0.03263888888888889 0.08636836628511967
2 0.9111111111111111 0.5494276795005203 0.02361111111111111 0.027055150884495317
2 0.8958333333333334 0.5452653485952134 0.015277777777777777 0.03329864724245578
2 0.7986111111111112 0.5452653485952134 0.025 0.03537981269510926
2 0.03715277777777778 0.4854318418314256 0.034027777777777775 0.023933402705515087
4 0.8736111111111111 0.5359001040582726 0.24583333333333332 0.09989594172736732
4 0.7173611111111111 0.5457856399583767 0.11944444444444445 0.10509885535900104
4 0.328125 0.5104058272632674 0.3576388888888889 0.10509885535900104
