0 0.29285714285714287 0.6307692307692307 0.12040816326530612 0.4430769230769231
0 0.3520408163265306 0.6446153846153846 0.11632653061224489 0.4276923076923077
0 0.4204081632653061 0.6507692307692308 0.11428571428571428 0.4276923076923077
0 0.4857142857142857 0.6369230769230769 0.12244897959183673 0.4553846153846154
0 0.5561224489795918 0.6538461538461539 0.12040816326530612 0.44
0 0.6285714285714286 0.6738461538461539 0.12244897959183673 0.46153846153846156
0 0.689795918367347 0.6369230769230769 0.1306122448979592 0.48615384615384616
0 0.1336734693877551 0.47846153846153844 0.03469387755102041 0.12615384615384614
0 0.7336734693877551 0.49538461538461537 0.04285714285714286 0.16
2 0.2571428571428571 0.7707692307692308 0.0653061224489796 0.3169230769230769
2 0.34183673469387754 0.78 0.08775510204081632 0.28
2 0.43673469387755104 0.7676923076923077 0.08571428571428572 0.29846153846153844
2 0.513265306122449 0.796923076923077 0.0836734693877551 0.28923076923076924
2 0.6153061224489796 0.8184615384615385 0.1 0.2953846153846154
2 0.6020408163265306 0.4276923076923077 0.06938775510204082 0.12307692307692308
2 0.15918367346938775 0.45076923076923076 0.04081632653061224 0.07692307692307693
2 0.19795918367346937 0.45384615384615384 0.02857142857142857 0.07076923076923076
2 0.4459183673469388 0.44769230769230767 0.03469387755102041 0.07076923076923076
2 0.33163265306122447 0.4707692307692308 0.03469387755102041 0.04923076923076923
2 0.5377551020408163 0.44769230769230767 0.022448979591836733 0.07076923076923076
2 0.6561224489795918 0.4523076923076923 0.03469387755102041 0.07384615384615385
