0 0.06808035714285714 0.4742063492063492 0.04241071428571429 0.19444444444444445
0 0.11383928571428571 0.5892857142857143 0.09821428571428571 0.43253968253968256
0 0.2109375 0.501984126984127 0.07366071428571429 0.32142857142857145
0 0.2544642857142857 0.498015873015873 0.049107142857142856 0.2261904761904762
0 0.31919642857142855 0.4623015873015873 0.044642857142857144 0.19444444444444445
0 0.40513392857142855 0.6746031746031746 0.14508928571428573 0.6349206349206349
0 0.43526785714285715 0.5694444444444444 0.10714285714285714 0.4642857142857143
0 0.515625 0.47619047619047616 0.049107142857142856 0.2222222222222222
0 0.6205357142857143 0.5138888888888888 0.06696428571428571 0.2896825396825397
0 0.7053571428571429 0.5793650793650794 0.09375 0.40476190476190477
0 0.8069196428571429 0.5059523809523809 0.060267857142857144 0.26587301587301587
0 0.9084821428571429 0.5496031746031746 0.09821428571428571 0.4246031746031746
0 0.9553571428571429 0.4642857142857143 0.03125 0.1349206349206349
2 0.8694196428571429 0.4801587301587302 0.033482142857142856 0.07142857142857142
2 0.8515625 0.46825396825396826 0.024553571428571428 0.06349206349206349
2 0.9854910714285714 0.4246031746031746 0.020089285714285716 0.07936507936507936
2 0.13504464285714285 0.4126984126984127 0.029017857142857144 0.07936507936507936
