0 0.99125 0.61 0.0175 0.09555555555555556
0 0.96 0.5988888888888889 0.02 0.08666666666666667
0 0.943125 0.5844444444444444 0.01875 0.08444444444444445
0 0.910625 0.5866666666666667 0.01875 0.08888888888888889
0 0.889375 0.5822222222222222 0.01875 0.08888888888888889
0 0.869375 0.5755555555555556 0.01875 0.08888888888888889
0 0.8425 0.5722222222222222 0.02 0.08666666666666667
0 0.929375 0.6977777777777778 0.02375 0.1111111111111111
0 0.906875 0.6844444444444444 0.02375 0.1111111111111111
0 0.889375 0.6766666666666666 0.02375 0.10888888888888888
0 0.864375 0.6666666666666666 0.02625 0.11555555555555555
0 0.850625 0.7011111111111111 0.02375 0.10888888888888888
0 0.833125 0.71 0.02625 0.11777777777777777
0 0.8175 0.7122222222222222 0.0275 0.12666666666666668
0 0.785 0.7 0.025 0.11555555555555555
0 0.75875 0.6844444444444444 0.025 0.11555555555555555
0 0.7375 0.6755555555555556 0.0275 0.12
0 0.715625 0.6655555555555556 0.02625 0.11333333333333333
0 0.699375 0.6533333333333333 0.02375 0.1111111111111111
0 0.6975 0.7044444444444444 0.025 0.11555555555555555
0 0.68 0.7111111111111111 0.025 0.11555555555555555
0 0.660625 0.7122222222222222 0.02625 0.11777777777777777
0 0.641875 0.7088888888888889 0.02625 0.12
0 0.625 0.7122222222222222 0.0275 0.12222222222222222
0 0.61 0.71 0.0275 0.12222222222222222
0 0.578125 0.7066666666666667 0.02875 0.1288888888888889
0 0.563125 0.6933333333333334 0.02875 0.1288888888888889
0 0.54125 0.6766666666666666 0.03 0.13111111111111112
0 0.519375 0.6677777777777778 0.02625 0.12222222222222222
0 0.499375 0.6533333333333333 0.02375 0.1111111111111111
0 0.485 0.64 0.025 0.1111111111111111
0 0.473125 0.6366666666666667 0.02375 0.10444444444444445
0 0.46375 0.63 0.025 0.11333333333333333
0 0.45375 0.6222222222222222 0.025 0.11555555555555555
0 0.49125 0.7211111111111111 0.0275 0.12222222222222222
0 0.475625 0.7133333333333334 0.02375 0.1111111111111111
0 0.455 0.7155555555555555 0.0275 0.12
0 0.43625 0.7288888888888889 0.03 0.1288888888888889
0 0.415625 0.7288888888888889 0.02625 0.12
0 0.395 0.7322222222222222 0.03 0.13111111111111112
0 0.370625 0.7366666666666667 0.03375 0.14444444444444443
0 0.344375 0.7177777777777777 0.03125 0.13333333333333333
0 0.32375 0.7044444444444444 0.0325 0.14222222222222222
0 0.31 0.69 0.03 0.13111111111111112
0 0.30125 0.6811111111111111 0.0275 0.12222222222222222
0 0.251875 0.6444444444444445 0.02625 0.12
0 0.279375 0.6411111111111111 0.02625 0.12222222222222222
0 0.299375 0.6333333333333333 0.02625 0.12
0 0.60125 0.6577777777777778 0.025 0.1111111111111111
0 0.58375 0.6488888888888888 0.0275 0.12
0 0.55 0.6377777777777778 0.025 0.1111111111111111
0 0.60875 0.57 0.015 0.07333333333333333
0 0.641875 0.6255555555555555 0.02375 0.10888888888888888
0 0.654375 0.6288888888888889 0.02375 0.1111111111111111
0 0.67125 0.6311111111111111 0.025 0.11555555555555555
0 0.685 0.6411111111111111 0.025 0.10888888888888888
0 0.09375 0.6222222222222222 0.025 0.1111111111111111
0 0.075 0.6133333333333333 0.0225 0.10222222222222223
0 0.11375 0.6033333333333334 0.0275 0.11777777777777777
0 0.135625 0.59 0.02375 0.10888888888888888
0 0.16375 0.5855555555555556 0.0225 0.09555555555555556
0 0.1925 0.5833333333333334 0.0275 0.11777777777777777
0 0.225625 0.5877777777777777 0.02125 0.09111111111111111
0 0.256875 0.5755555555555556 0.02125 0.09333333333333334
0 0.314375 0.5788888888888889 0.02125 0.09555555555555556
0 0.3475 0.58 0.0225 0.10222222222222223
0 0.38625 0.5755555555555556 0.0225 0.09777777777777778
0 0.283125 0.5722222222222222 0.01625 0.07777777777777778
0 0.013125 0.6077777777777778 0.02125 0.09555555555555556
0 0.0475 0.6711111111111111 0.0275 0.12
0 0.02625 0.7077777777777777 0.035 0.15333333333333332
0 0.05875 0.6388888888888888 0.025 0.11333333333333333
0 0.044375 0.57 0.02375 0.10444444444444445
0 0.00875 0.45 0.0175 0.1
0 0.025 0.43666666666666665 0.0225 0.09555555555555556
0 0.04375 0.4288888888888889 0.02 0.08888888888888889
0 0.05875 0.42444444444444446 0.0225 0.09777777777777778
0 0.08 0.42444444444444446 0.0175 0.08444444444444445
0 0.095 0.41555555555555557 0.02 0.09333333333333334
0 0.109375 0.41 0.02125 0.09111111111111111
0 0.13125 0.40555555555555556 0.02 0.08666666666666667
0 0.153125 0.4033333333333333 0.01875 0.08666666666666667
0 0.176875 0.40444444444444444 0.01875 0.08444444444444445
0 0.168125 0.4033333333333333 0.01875 0.08666666666666667
0 0.2 0.41 0.0175 0.07777777777777778
0 0.1925 0.4022222222222222 0.0175 0.08444444444444445
0 0.224375 0.40555555555555556 0.01875 0.08222222222222222
0 0.246875 0.4122222222222222 0.01875 0.08222222222222222
0 0.24 0.4088888888888889 0.0175 0.08444444444444445
0 0.265625 0.41444444444444445 0.01875 0.08222222222222222
0 0.286875 0.41444444444444445 0.01875 0.08666666666666667
0 0.305625 0.41444444444444445 0.01875 0.08222222222222222
0 0.323125 0.41444444444444445 0.01875 0.08222222222222222
0 0.34 0.41333333333333333 0.0175 0.08
0 0.378125 0.41444444444444445 0.01875 0.08666666666666667
0 0.358125 0.4122222222222222 0.01875 0.08222222222222222
0 0.4 0.41333333333333333 0.0175 0.08444444444444445
0 0.415625 0.41555555555555557 0.01875 0.08444444444444445
0 0.43125 0.4177777777777778 0.02 0.09333333333333334
0 0.444375 0.41444444444444445 0.01875 0.08222222222222222
0 0.46 0.4177777777777778 0.0175 0.07555555555555556
0 0.475625 0.41444444444444445 0.01875 0.08666666666666667
0 0.489375 0.4177777777777778 0.01875 0.08444444444444445
0 0.50625 0.4211111111111111 0.0175 0.08222222222222222
0 0.521875 0.41888888888888887 0.01625 0.07777777777777778
0 0.543125 0.4166666666666667 0.01875 0.08222222222222222
0 0.563125 0.4211111111111111 0.01625 0.07777777777777778
0 0.581875 0.4222222222222222 0.01625 0.07555555555555556
0 0.59375 0.4177777777777778 0.0175 0.07555555555555556
0 0.603125 0.4255555555555556 0.01625 0.07777777777777778
0 0.621875 0.43222222222222223 0.01625 0.06888888888888889
0 0.644375 0.43666666666666665 0.01625 0.07777777777777778
0 0.6625 0.45 0.0175 0.07777777777777778
0 0.680625 0.44555555555555554 0.01875 0.08666666666666667
0 0.698125 0.45444444444444443 0.01625 0.07333333333333333
0 0.715 0.4533333333333333 0.0175 0.08444444444444445
0 0.29375 0.5366666666666666 0.0225 0.09555555555555556
0 0.260625 0.5366666666666666 0.01875 0.08666666666666667
0 0.236875 0.5533333333333333 0.01875 0.08888888888888889
0 0.205 0.5244444444444445 0.0175 0.08444444444444445
0 0.2175 0.5366666666666666 0.0225 0.09555555555555556
0 0.14 0.5522222222222222 0.0225 0.09555555555555556
0 0.188125 0.5511111111111111 0.02125 0.09777777777777778
0 0.7275 0.4688888888888889 0.015 0.07111111111111111
0 0.7375 0.4722222222222222 0.015 0.07333333333333333
0 0.750625 0.4766666666666667 0.01625 0.06888888888888889
0 0.763125 0.4855555555555556 0.01625 0.06888888888888889
0 0.78 0.4855555555555556 0.0175 0.07777777777777778
0 0.79625 0.4922222222222222 0.0175 0.07777777777777778
0 0.815625 0.49444444444444446 0.01875 0.08222222222222222
0 0.83125 0.5066666666666667 0.015 0.07111111111111111
0 0.85 0.5077777777777778 0.015 0.06444444444444444
0 0.8725 0.5233333333333333 0.015 0.07333333333333333
0 0.895 0.5177777777777778 0.0175 0.07555555555555556
0 0.57125 0.5455555555555556 0.0175 0.08222222222222222
0 0.534375 0.5488888888888889 0.01875 0.08888888888888889
0 0.540625 0.54 0.01875 0.08888888888888889
0 0.505625 0.5277777777777778 0.01625 0.07777777777777778
0 0.51625 0.5288888888888889 0.0175 0.08
0 0.60125 0.5455555555555556 0.015 0.07333333333333333
0 0.626875 0.5411111111111111 0.01625 0.07333333333333333
0 0.68625 0.37666666666666665 0.0175 0.08222222222222222
0 0.664375 0.3655555555555556 0.01875 0.08222222222222222
0 0.644375 0.3522222222222222 0.01875 0.08666666666666667
0 0.620625 0.33555555555555555 0.01875 0.08888888888888889
0 0.6075 0.33111111111111113 0.0175 0.08
0 0.590625 0.32666666666666666 0.01625 0.07555555555555556
0 0.579375 0.3288888888888889 0.01875 0.08
0 0.565625 0.3244444444444444 0.01875 0.08444444444444445
0 0.555625 0.31666666666666665 0.01625 0.07777777777777778
0 0.54 0.31666666666666665 0.015 0.07333333333333333
0 0.53 0.31666666666666665 0.015 0.07333333333333333
0 0.513125 0.31777777777777777 0.01875 0.08
0 0.501875 0.31444444444444447 0.01625 0.07333333333333333
0 0.484375 0.31333333333333335 0.01375 0.06666666666666667
0 0.47375 0.3011111111111111 0.015 0.06444444444444444
0 0.45875 0.3011111111111111 0.015 0.07333333333333333
0 0.45 0.3 0.0175 0.08
0 0.43625 0.2788888888888889 0.015 0.07333333333333333
0 0.4225 0.27 0.015 0.07333333333333333
0 0.413125 0.2722222222222222 0.01625 0.06888888888888889
0 0.403125 0.27 0.01625 0.07777777777777778
0 0.39 0.2733333333333333 0.0125 0.06222222222222222
0 0.38 0.2644444444444444 0.0175 0.08
0 0.370625 0.26666666666666666 0.01875 0.08
0 0.3525 0.2677777777777778 0.0175 0.08222222222222222
0 0.331875 0.2688888888888889 0.01625 0.07555555555555556
0 0.315 0.27 0.015 0.07333333333333333
0 0.291875 0.26555555555555554 0.01625 0.07777777777777778
0 0.28 0.2677777777777778 0.0175 0.08222222222222222
0 0.26875 0.23555555555555555 0.015 0.07111111111111111
0 0.256875 0.2644444444444444 0.01625 0.07555555555555556
0 0.24125 0.26222222222222225 0.02 0.08888888888888889
0 0.225625 0.25666666666666665 0.01625 0.07777777777777778
0 0.21625 0.26 0.0175 0.08
0 0.195 0.25666666666666665 0.0175 0.08222222222222222
0 0.17375 0.26222222222222225 0.0175 0.07555555555555556
0 0.14375 0.2577777777777778 0.0175 0.08444444444444445
0 0.1575 0.25555555555555554 0.0175 0.08444444444444445
0 0.13125 0.2588888888888889 0.0175 0.08222222222222222
0 0.115 0.26 0.0175 0.08
0 0.106875 0.2588888888888889 0.01875 0.08222222222222222
0 0.0925 0.27444444444444444 0.02 0.08666666666666667
0 0.080625 0.2677777777777778 0.01875 0.08666666666666667
0 0.05875 0.28444444444444444 0.0175 0.08444444444444445
0 0.135625 0.16666666666666666 0.01375 0.06222222222222222
0 0.974375 0.5822222222222222 0.02375 0.10222222222222223
2 0.020625 0.7533333333333333 0.03875 0.13333333333333333
2 0.08125 0.7688888888888888 0.0375 0.12
2 0.124375 0.7888888888888889 0.03125 0.12444444444444444
2 0.19375 0.8077777777777778 0.045 0.13555555555555557
2 0.261875 0.8266666666666667 0.04375 0.13777777777777778
2 0.34 0.8322222222222222 0.0375 0.10888888888888888
2 0.39875 0.8422222222222222 0.04 0.12444444444444444
2 0.460625 0.8488888888888889 0.03125 0.1288888888888889
2 0.43625 0.8177777777777778 0.035 0.13777777777777778
2 0.525 0.8488888888888889 0.0275 0.12444444444444444
2 0.495625 0.8222222222222222 0.04125 0.14222222222222222
2 0.5525 0.8311111111111111 0.0325 0.15555555555555556
2 0.588125 0.8533333333333334 0.03125 0.14666666666666667
2 0.609375 0.8266666666666667 0.02875 0.13777777777777778
2 0.651875 0.86 0.04125 0.14222222222222222
2 0.65 0.7933333333333333 0.035 0.06222222222222222
2 0.705625 0.8211111111111111 0.04375 0.13555555555555557
2 0.71375 0.8611111111111112 0.0375 0.13111111111111112
2 0.7625 0.85 0.04 0.13111111111111112
2 0.7575 0.8111111111111111 0.0425 0.13333333333333333
2 0.810625 0.8522222222222222 0.03375 0.11777777777777777
2 0.82125 0.8166666666666667 0.04 0.13555555555555557
2 0.851875 0.8022222222222222 0.02875 0.12444444444444444
2 0.869375 0.8433333333333334 0.02875 0.10888888888888888
2 0.885625 0.8044444444444444 0.03375 0.1288888888888889
2 0.92125 0.8377777777777777 0.03 0.1288888888888889
2 0.93375 0.8066666666666666 0.0325 0.14222222222222222
2 0.96625 0.8311111111111111 0.03 0.1288888888888889
2 0.974375 0.7933333333333333 0.02625 0.13333333333333333
2 0.52625 0.25222222222222224 0.0225 0.06
2 0.550625 0.25333333333333335 0.02375 0.057777777777777775
2 0.57125 0.25666666666666665 0.03 0.06444444444444444
2 0.59375 0.25333333333333335 0.025 0.057777777777777775
2 0.506875 0.24666666666666667 0.02625 0.04888888888888889
2 0.4775 0.24444444444444444 0.0225 0.04
2 0.463125 0.24 0.02375 0.04
2 0.1125 0.15 0.0175 0.06
2 0.3225 0.5944444444444444 0.015 0.05555555555555555
2 0.34 0.59 0.0175 0.051111111111111114
2 0.354375 0.5888888888888889 0.02125 0.05333333333333334
2 0.369375 0.6 0.02125 0.044444444444444446
2 0.384375 0.6055555555555555 0.01625 0.042222222222222223
2 0.40125 0.6144444444444445 0.02 0.03333333333333333
2 0.40125 0.6444444444444445 0.0175 0.04888888888888889
2 0.423125 0.6444444444444445 0.02125 0.06222222222222222
2 0.385625 0.6344444444444445 0.02125 0.04666666666666667
2 0.3725 0.6433333333333333 0.0275 0.04666666666666667
2 0.349375 0.6266666666666667 0.01625 0.044444444444444446
2 0.48125 0.58 0.0175 0.035555555555555556
2 0.495 0.5755555555555556 0.01 0.035555555555555556
2 0.489375 0.4988888888888889 0.03875 0.05555555555555555
2 0.725625 0.5722222222222222 0.01875 0.04666666666666667
2 0.738125 0.5777777777777777 0.02375 0.04888888888888889
2 0.758125 0.5833333333333334 0.02125 0.05555555555555555
2 0.77375 0.5844444444444444 0.015 0.04888888888888889
2 0.7875 0.5811111111111111 0.025 0.06444444444444444
2 0.796875 0.5833333333333334 0.01125 0.03777777777777778
2 0.808125 0.59 0.01375 0.06444444444444444
2 0.656875 0.5166666666666667 0.01125 0.04666666666666667
2 0.645 0.5455555555555556 0.02 0.042222222222222223
2 0.673125 0.51 0.00875 0.03333333333333333
2 0.685625 0.5088888888888888 0.01625 0.04
2 0.716875 0.5155555555555555 0.02625 0.03111111111111111
2 0.71125 0.49777777777777776 0.0125 0.02666666666666667
2 0.924375 0.5011111111111111 0.02125 0.03333333333333333
2 0.95125 0.5155555555555555 0.0175 0.044444444444444446
2 0.980625 0.5266666666666666 0.02125 0.05333333333333334
4 0.15375 0.2011111111111111 0.225 0.1
4 0.359375 0.22777777777777777 0.18625 0.08666666666666667
