0 0.043 0.6316666666666667 0.086 0.43666666666666665
0 0.132 0.6316666666666667 0.116 0.4766666666666667
0 0.173 0.5916666666666667 0.106 0.43666666666666665
0 0.229 0.5783333333333334 0.094 0.38333333333333336
0 0.301 0.6366666666666667 0.174 0.72
0 0.399 0.6666666666666666 0.122 0.49333333333333335
0 0.431 0.635 0.11 0.45666666666666667
0 0.451 0.5916666666666667 0.106 0.43
0 0.527 0.6466666666666666 0.126 0.52
0 0.57 0.585 0.1 0.4166666666666667
0 0.782 0.6116666666666667 0.18 0.7366666666666667
0 0.946 0.6733333333333333 0.108 0.5533333333333333
0 0.921 0.6116666666666667 0.106 0.44333333333333336
0 0.886 0.56 0.092 0.38666666666666666
0 0.075 0.5966666666666667 0.106 0.44
2 0.023 0.39166666666666666 0.038 0.07
2 0.097 0.39666666666666667 0.034 0.08
2 0.223 0.3616666666666667 0.038 0.06333333333333334
2 0.262 0.38166666666666665 0.052 0.07
2 0.243 0.3466666666666667 0.03 0.06
2 0.259 0.34 0.03 0.04
2 0.344 0.385 0.032 0.07666666666666666
2 0.362 0.38 0.024 0.06666666666666667
2 0.37 0.3516666666666667 0.028 0.06333333333333334
2 0.396 0.365 0.024 0.056666666666666664
2 0.417 0.3516666666666667 0.03 0.07666666666666666
2 0.432 0.36333333333333334 0.016 0.04
2 0.472 0.39166666666666666 0.036 0.07666666666666666
2 0.494 0.36333333333333334 0.028 0.05333333333333334
2 0.511 0.3416666666666667 0.03 0.043333333333333335
2 0.528 0.3383333333333333 0.016 0.06333333333333334
2 0.54 0.335 0.02 0.05
2 0.554 0.32166666666666666 0.02 0.043333333333333335
2 0.587 0.375 0.026 0.056666666666666664
2 0.603 0.3566666666666667 0.026 0.06666666666666667
2 0.615 0.34 0.022 0.05333333333333334
2 0.631 0.34833333333333333 0.014 0.05
2 0.755 0.38 0.046 0.08
2 0.84 0.37 0.036 0.06666666666666667
2 0.86 0.37333333333333335 0.028 0.06666666666666667
2 0.158 0.38 0.032 0.08
2 0.674 0.34 0.02 0.06
4 0.706 0.48 0.092 0.4066666666666667
