0 0.985 0.6973684210526315 0.03 0.20300751879699247
0 0.983125 0.6118421052631579 0.03375 0.14849624060150377
0 0.8875 0.6823308270676691 0.075 0.2744360902255639
0 0.84875 0.6766917293233082 0.0725 0.2706766917293233
0 0.784375 0.6898496240601504 0.06375 0.23684210526315788
0 0.7225 0.6719924812030075 0.055 0.20488721804511278
0 0.690625 0.6381578947368421 0.04875 0.18233082706766918
0 0.659375 0.6409774436090225 0.04875 0.18045112781954886
0 0.6125 0.6325187969924813 0.045 0.16729323308270677
0 0.59 0.6362781954887218 0.04 0.14849624060150377
0 0.550625 0.6710526315789473 0.02875 0.10902255639097744
0 0.56875 0.625 0.0475 0.17857142857142858
0 0.52375 0.6296992481203008 0.0425 0.16165413533834586
0 0.435625 0.6043233082706767 0.03875 0.14097744360902256
2 0.82375 0.5667293233082706 0.0275 0.05451127819548872
2 0.78875 0.5488721804511278 0.0375 0.07518796992481203
2 0.739375 0.5469924812030075 0.01625 0.05263157894736842
2 0.725625 0.5535714285714286 0.03125 0.05075187969924812
2 0.705 0.5310150375939849 0.03 0.039473684210526314
2 0.594375 0.5460526315789473 0.01625 0.03195488721804511
2 0.5375 0.5648496240601504 0.02 0.046992481203007516
2 0.55875 0.5479323308270677 0.0175 0.02819548872180451
2 0.496875 0.5357142857142857 0.02125 0.041353383458646614
2 0.51875 0.5441729323308271 0.0175 0.02819548872180451
2 0.443125 0.5338345864661654 0.01375 0.02631578947368421
2 0.915625 0.5610902255639098 0.01875 0.046992481203007516
2 0.921875 0.5291353383458647 0.01125 0.02819548872180451
2 0.9 0.5404135338345865 0.025 0.039473684210526314
2 0.6275 0.5535714285714286 0.0225 0.05075187969924812
2 0.645625 0.5488721804511278 0.01875 0.03007518796992481
2 0.684375 0.5422932330827067 0.01875 0.03571428571428571
3 0.05625 0.5244360902255639 0.065 0.08270676691729323
3 0.199375 0.5084586466165414 0.02875 0.05075187969924812
