0 0.41041666666666665 0.6109375 0.10833333333333334 0.196875
0 0.8875 0.5703125 0.07083333333333333 0.134375
0 0.959375 0.5625 0.07291666666666667 0.134375
0 0.7645833333333333 0.53203125 0.03333333333333333 0.0609375
0 0.734375 0.53125 0.03125 0.0625
0 0.6916666666666667 0.5265625 0.03333333333333333 0.0625
0 0.646875 0.52734375 0.03125 0.0578125
0 0.6104166666666667 0.534375 0.0375 0.071875
0 0.59375 0.5265625 0.029166666666666667 0.059375
0 0.5677083333333334 0.52421875 0.027083333333333334 0.0484375
0 0.5479166666666667 0.52890625 0.0375 0.0734375
0 0.5229166666666667 0.528125 0.03333333333333333 0.0625
0 0.5052083333333334 0.5234375 0.03125 0.0625
0 0.48854166666666665 0.528125 0.03125 0.059375
0 0.43645833333333334 0.52890625 0.03125 0.0609375
2 0.16875 0.65546875 0.1375 0.1796875
2 0.24791666666666667 0.6203125 0.0875 0.128125
2 0.3333333333333333 0.53671875 0.075 0.0765625
2 0.4041666666666667 0.66875 0.14166666666666666 0.18125
2 0.010416666666666666 0.490625 0.016666666666666666 0.01875
2 0.034375 0.49296875 0.022916666666666665 0.0109375
2 0.065625 0.4921875 0.027083333333333334 0.015625
