0 0.11357142857142857 0.6045340050377834 0.08428571428571428 0.3677581863979849
0 0.22357142857142856 0.5680100755667506 0.07285714285714286 0.3198992443324937
0 0.15571428571428572 0.44584382871536526 0.03428571428571429 0.1561712846347607
0 0.24071428571428571 0.43198992443324935 0.03571428571428571 0.15869017632241814
0 0.056428571428571425 0.4622166246851385 0.03857142857142857 0.16876574307304787
0 0.030714285714285715 0.4156171284634761 0.03571428571428571 0.16120906801007556
0 0.4328571428571429 0.6171284634760705 0.17714285714285713 0.7657430730478589
0 0.3264285714285714 0.5264483627204031 0.06142857142857143 0.27204030226700254
0 0.5378571428571428 0.5680100755667506 0.06714285714285714 0.28967254408060455
0 0.5407142857142857 0.4596977329974811 0.04428571428571428 0.1889168765743073
0 0.58 0.44080604534005036 0.04285714285714286 0.19143576826196473
0 0.6192857142857143 0.43954659949622166 0.03857142857142857 0.16876574307304787
0 0.6257142857142857 0.5239294710327456 0.05142857142857143 0.22670025188916876
0 0.71 0.7128463476070529 0.11428571428571428 0.49370277078085645
0 0.7857142857142857 0.654911838790932 0.08571428571428572 0.37279596977329976
0 0.8271428571428572 0.5894206549118388 0.06571428571428571 0.29219143576826195
0 0.8621428571428571 0.5503778337531486 0.06142857142857143 0.2695214105793451
0 0.8885714285714286 0.5214105793450882 0.054285714285714284 0.24181360201511334
0 0.9057142857142857 0.491183879093199 0.04857142857142857 0.21662468513853905
0 0.9278571428571428 0.473551637279597 0.047142857142857146 0.20151133501259447
0 0.9521428571428572 0.4508816120906801 0.03857142857142857 0.16624685138539042
0 0.9357142857142857 0.45843828715365237 0.04 0.17632241813602015
0 0.9614285714285714 0.43073047858942065 0.037142857142857144 0.16120906801007556
0 0.7407142857142858 0.473551637279597 0.041428571428571426 0.181360201511335
0 0.7607142857142857 0.46977329974811083 0.04428571428571428 0.19395465994962216
0 0.7878571428571428 0.4659949622166247 0.047142857142857146 0.20151133501259447
0 0.5264285714285715 0.3853904282115869 0.024285714285714285 0.10579345088161209
0 0.5078571428571429 0.38413098236775817 0.024285714285714285 0.10831234256926953
0 0.5535714285714286 0.3765743073047859 0.024285714285714285 0.10327455919395466
0 0.5728571428571428 0.37531486146095716 0.025714285714285714 0.11083123425692695
0 0.26142857142857145 0.4105793450881612 0.03428571428571429 0.15113350125944586
0 0.195 0.3967254408060453 0.03 0.13350125944584382
0 0.17285714285714285 0.39420654911838793 0.02857142857142857 0.12342569269521411
0 0.12285714285714286 0.41183879093198994 0.02857142857142857 0.12846347607052896
0 0.10142857142857142 0.4017632241813602 0.03142857142857143 0.14357682619647355
0 0.07857142857142857 0.3929471032745592 0.03142857142857143 0.14105793450881612
0 0.014285714285714285 0.38287153652392947 0.02857142857142857 0.12594458438287154
0 0.3435714285714286 0.3979848866498741 0.03 0.1309823677581864
0 0.36714285714285716 0.4080604534005038 0.02857142857142857 0.1309823677581864
0 0.3007142857142857 0.4017632241813602 0.03 0.12846347607052896
2 0.8078571428571428 0.4068010075566751 0.024285714285714285 0.08816120906801007
2 0.8257142857142857 0.3866498740554156 0.022857142857142857 0.07808564231738035
2 0.845 0.37279596977329976 0.015714285714285715 0.0906801007556675
2 0.8542857142857143 0.3790931989924433 0.02 0.08312342569269521
2 0.8592857142857143 0.34760705289672544 0.012857142857142857 0.04534005037783375
2 0.8764285714285714 0.3501259445843829 0.015714285714285715 0.04534005037783375
2 0.8857142857142857 0.3690176322418136 0.017142857142857144 0.05289672544080604
2 0.9642857142857143 0.3602015113350126 0.02 0.04534005037783375
2 0.9721428571428572 0.3438287153652393 0.02142857142857143 0.042821158690176324
2 0.9342857142857143 0.345088161209068 0.017142857142857144 0.04030226700251889
2 0.6942857142857143 0.36649874055415615 0.037142857142857144 0.08816120906801007
2 0.6642857142857143 0.38161209068010077 0.02857142857142857 0.07304785894206549
2 0.7185714285714285 0.3602015113350126 0.02857142857142857 0.0654911838790932
2 0.7407142857142858 0.3513853904282116 0.024285714285714285 0.06297229219143577
2 0.765 0.3501259445843829 0.015714285714285715 0.04534005037783375
2 0.7764285714285715 0.3413098236775819 0.015714285714285715 0.042821158690176324
2 0.7892857142857143 0.3337531486146096 0.012857142857142857 0.037783375314861464
2 0.485 0.4093198992443325 0.041428571428571426 0.07808564231738035
2 0.3242857142857143 0.31863979848866497 0.02857142857142857 0.042821158690176324
2 0.6757142857142857 0.4332493702770781 0.02857142857142857 0.0906801007556675
4 0.22214285714285714 0.3236775818639798 0.38142857142857145 0.09319899244332494
