0 0.9877507716049383 0.6540798611111112 0.024112654320987654 0.08825231481481481
0 0.9486882716049383 0.7825520833333334 0.10262345679012345 0.4314236111111111
0 0.9177276234567902 0.7291666666666666 0.09471450617283951 0.34664351851851855
0 0.8619791666666666 0.7774884259259259 0.12056327160493827 0.44155092592592593
0 0.7825038580246914 0.7892071759259259 0.1097608024691358 0.40248842592592593
0 0.7195216049382716 0.7537615740740741 0.07716049382716049 0.2829861111111111
0 0.7421875 0.6400462962962963 0.01986882716049383 0.07291666666666667
0 0.6664737654320988 0.7523148148148148 0.13464506172839505 0.49247685185185186
0 0.6099537037037037 0.7528935185185185 0.08526234567901235 0.3119212962962963
0 0.5771604938271605 0.7957175925925926 0.10725308641975309 0.3929398148148148
0 0.5356867283950617 0.7660590277777778 0.09220679012345678 0.3370949074074074
0 0.4546682098765432 0.7554976851851852 0.08680555555555555 0.31828703703703703
0 0.40499614197530864 0.7728587962962963 0.1232638888888889 0.4513888888888889
0 0.31086033950617287 0.7777777777777778 0.11902006172839506 0.4363425925925926
0 0.30092592592592593 0.7595486111111112 0.09799382716049383 0.359375
0 0.21942515432098766 0.7758969907407407 0.10744598765432099 0.3932291666666667
0 0.14429012345679013 0.7727141203703703 0.09915123456790123 0.36255787037037035
2 0.01765046296296296 0.6951678240740741 0.022955246913580248 0.048900462962962965
2 0.03722993827160494 0.6935763888888888 0.017361111111111112 0.052083333333333336
2 0.049479166666666664 0.6971932870370371 0.01871141975308642 0.049479166666666664
2 0.06336805555555555 0.6997974537037037 0.02025462962962963 0.04774305555555555
2 0.08333333333333333 0.7016782407407407 0.021219135802469136 0.05439814814814815
2 0.0933641975308642 0.6867766203703703 0.014660493827160493 0.025752314814814815
2 0.08805941358024691 0.6740451388888888 0.011766975308641976 0.01707175925925926
2 0.10619212962962964 0.6990740740740741 0.02334104938271605 0.05787037037037037
2 0.11564429012345678 0.6798321759259259 0.014853395061728395 0.021701388888888888
2 0.17235725308641975 0.6921296296296297 0.01408179012345679 0.03298611111111111
2 0.18624614197530864 0.7086226851851852 0.01871141975308642 0.052083333333333336
2 0.18258101851851852 0.6817129629629629 0.009837962962962963 0.012152777777777778
2 0.18171296296296297 0.6727430555555556 0.010802469135802469 0.014467592592592593
2 0.19174382716049382 0.6780960648148148 0.012345679012345678 0.020543981481481483
2 0.2559799382716049 0.6951678240740741 0.019675925925925927 0.05237268518518518
2 0.26080246913580246 0.6656539351851852 0.009645061728395061 0.013020833333333334
2 0.2690972222222222 0.6967592592592593 0.013503086419753086 0.03877314814814815
2 0.26707175925925924 0.6814236111111112 0.01099537037037037 0.019675925925925927
2 0.27546296296296297 0.6767939814814815 0.01273148148148148 0.024305555555555556
2 0.27054398148148145 0.6665219907407407 0.00945216049382716 0.013599537037037037
2 0.34384645061728397 0.6877893518518519 0.01253858024691358 0.028356481481481483
2 0.3519483024691358 0.6802662037037037 0.01253858024691358 0.024305555555555556
2 0.3653549382716049 0.6963252314814815 0.016589506172839507 0.04774305555555555
2 0.34153163580246915 0.6598668981481481 0.013310185185185185 0.020543981481481483
2 0.3620756172839506 0.6662326388888888 0.010416666666666666 0.015335648148148149
2 0.36747685185185186 0.6754918981481481 0.0073302469135802465 0.01880787037037037
2 0.42727623456790126 0.6749131944444444 0.009259259259259259 0.0234375
2 0.4347993827160494 0.6886574074074074 0.011188271604938271 0.048032407407407406
2 0.4888117283950617 0.6928530092592593 0.023919753086419752 0.04369212962962963
2 0.5069444444444444 0.6876446759259259 0.022376543209876542 0.040219907407407406
2 0.5086805555555556 0.6686921296296297 0.011959876543209876 0.019097222222222224
2 0.5143711419753086 0.6708622685185185 0.009066358024691358 0.01765046296296296
2 0.4816743827160494 0.6574074074074074 0.006944444444444444 0.01099537037037037
2 0.48726851851851855 0.6591435185185185 0.008873456790123456 0.016203703703703703
2 0.5247878086419753 0.6498842592592593 0.010609567901234568 0.01273148148148148
2 0.7527970679012346 0.7310474537037037 0.020640432098765434 0.07436342592592593
2 0.7447916666666666 0.6763599537037037 0.018518518518518517 0.033854166666666664
2 0.7542438271604939 0.6639178240740741 0.014660493827160493 0.02806712962962963
2 0.7406442901234568 0.6591435185185185 0.010223765432098766 0.02025462962962963
2 0.7103587962962963 0.6591435185185185 0.008294753086419753 0.014467592592592593
2 0.8990162037037037 0.7174479166666666 0.013310185185185185 0.038483796296296294
2 0.8928433641975309 0.6618923611111112 0.012152777777777778 0.026909722222222224
2 0.8828125 0.6539351851851852 0.01253858024691358 0.023726851851851853
2 0.9045138888888888 0.6116898148148148 0.018132716049382717 0.028935185185185185
2 0.8082561728395061 0.6196469907407407 0.014660493827160493 0.03732638888888889
2 0.796875 0.6192129629629629 0.014660493827160493 0.03819444444444445
2 0.6362847222222222 0.6044560185185185 0.03260030864197531 0.050347222222222224
