0 0.1917910447761194 0.6371769383697813 0.07611940298507462 0.2524850894632207
0 0.32313432835820893 0.7703777335984096 0.12985074626865672 0.4274353876739563
0 0.4291044776119403 0.672962226640159 0.0880597014925373 0.2922465208747515
0 0.5186567164179104 0.6669980119284294 0.0880597014925373 0.2882703777335984
0 0.5619402985074626 0.5834990059642147 0.028358208955223882 0.09343936381709742
0 0.591044776119403 0.5785288270377733 0.023880597014925373 0.08349900596421471
0 0.6156716417910447 0.5815109343936382 0.03134328358208955 0.10139165009940358
0 0.6350746268656716 0.5606361829025845 0.022388059701492536 0.07554671968190854
0 0.6544776119402985 0.5815109343936382 0.03134328358208955 0.10536779324055666
0 0.6865671641791045 0.5536779324055666 0.014925373134328358 0.04970178926441352
0 0.6932835820895522 0.5526838966202783 0.019402985074626865 0.0636182902584493
0 0.7201492537313433 0.547713717693837 0.013432835820895522 0.041749502982107355
0 0.7507462686567165 0.5596421471172962 0.020895522388059702 0.073558648111332
0 0.7686567164179104 0.5745526838966203 0.029850746268656716 0.10337972166998012
0 0.7880597014925373 0.5467196819085487 0.014925373134328358 0.04771371769383698
0 0.8111940298507463 0.5447316103379721 0.016417910447761194 0.055666003976143144
0 0.8246268656716418 0.5457256461232605 0.019402985074626865 0.061630218687872766
0 0.8350746268656717 0.5546719681908548 0.022388059701492536 0.07554671968190854
0 0.8611940298507462 0.5546719681908548 0.026865671641791045 0.0874751491053678
0 0.9022388059701493 0.5497017892644135 0.022388059701492536 0.073558648111332
0 0.9343283582089552 0.5526838966202783 0.029850746268656716 0.09542743538767395
0 0.9582089552238806 0.5576540755467196 0.029850746268656716 0.10139165009940358
0 0.9761194029850746 0.558648111332008 0.029850746268656716 0.09940357852882704
