0 0.04363636363636364 0.8073770491803278 0.08727272727272728 0.36885245901639346
0 0.14272727272727273 0.8142076502732241 0.09272727272727273 0.3442622950819672
0 0.20272727272727273 0.7991803278688525 0.10363636363636364 0.3797814207650273
0 0.24727272727272728 0.7773224043715847 0.11272727272727273 0.4180327868852459
0 0.29363636363636364 0.6830601092896175 0.09272727272727273 0.34972677595628415
0 0.36727272727272725 0.8128415300546448 0.10181818181818182 0.3743169398907104
0 0.43272727272727274 0.8019125683060109 0.09818181818181818 0.36885245901639346
0 0.5463636363636364 0.8019125683060109 0.1 0.36885245901639346
0 0.6036363636363636 0.6734972677595629 0.08727272727272728 0.319672131147541
0 0.71 0.7090163934426229 0.08181818181818182 0.2978142076502732
0 0.649090909090909 0.6721311475409836 0.07272727272727272 0.273224043715847
0 0.7372727272727273 0.6734972677595629 0.07454545454545454 0.27595628415300544
0 0.7936363636363636 0.6816939890710383 0.07454545454545454 0.27595628415300544
0 0.889090909090909 0.8060109289617486 0.09818181818181818 0.366120218579235
0 0.9336363636363636 0.8046448087431693 0.10363636363636364 0.3797814207650273
0 0.48 0.6707650273224044 0.06181818181818182 0.226775956284153
0 0.33454545454545453 0.6693989071038251 0.05818181818181818 0.2185792349726776
2 0.5318181818181819 0.5819672131147541 0.038181818181818185 0.06557377049180328
2 0.5645454545454546 0.5601092896174863 0.034545454545454546 0.0546448087431694
2 0.16272727272727272 0.5956284153005464 0.06363636363636363 0.07103825136612021
2 0.12727272727272726 0.1325136612021858 0.05818181818181818 0.13934426229508196
2 0.16636363636363635 0.14207650273224043 0.05272727272727273 0.09289617486338798
2 0.6890909090909091 0.5655737704918032 0.04727272727272727 0.0546448087431694
2 0.9636363636363636 0.6407103825136612 0.04727272727272727 0.12295081967213115
