0 0.025 0.47317596566523606 0.05 0.21244635193133046
0 0.052142857142857144 0.44635193133047213 0.07285714285714286 0.27467811158798283
0 0.09071428571428572 0.4678111587982833 0.06714285714285714 0.2446351931330472
0 0.14 0.4388412017167382 0.06571428571428571 0.24678111587982832
0 0.2042857142857143 0.4334763948497854 0.06285714285714286 0.2317596566523605
0 0.14857142857142858 0.723175965665236 0.11428571428571428 0.4248927038626609
0 0.2621428571428571 0.48175965665236054 0.07571428571428572 0.27682403433476394
0 0.305 0.3894849785407725 0.05285714285714286 0.19957081545064378
0 0.3292857142857143 0.37446351931330474 0.05285714285714286 0.19957081545064378
0 0.35714285714285715 0.36373390557939916 0.04857142857142857 0.18240343347639484
0 0.41714285714285715 0.3261802575107296 0.054285714285714284 0.2017167381974249
0 0.4471428571428571 0.33369098712446355 0.045714285714285714 0.17381974248927037
0 0.48142857142857143 0.37446351931330474 0.05714285714285714 0.21244635193133046
0 0.5992857142857143 0.45064377682403434 0.07 0.2575107296137339
0 0.5342857142857143 0.33476394849785407 0.04857142857142857 0.18025751072961374
0 0.4942857142857143 0.3272532188841202 0.045714285714285714 0.17381974248927037
0 0.18142857142857144 0.3959227467811159 0.06571428571428571 0.24248927038626608
0 0.11285714285714285 0.2113733905579399 0.014285714285714285 0.0536480686695279
0 0.96 0.5450643776824035 0.08 0.3905579399141631
0 0.885 0.6587982832618026 0.12428571428571429 0.45493562231759654
0 0.6642857142857143 0.38197424892703863 0.054285714285714284 0.19742489270386265
0 0.38285714285714284 0.33476394849785407 0.04857142857142857 0.18025751072961374
0 0.3964285714285714 0.3229613733905579 0.05 0.18240343347639484
0 0.6435714285714286 0.3261802575107296 0.05285714285714286 0.2017167381974249
0 0.6107142857142858 0.3261802575107296 0.05285714285714286 0.2017167381974249
0 0.27714285714285714 0.18454935622317598 0.014285714285714285 0.05150214592274678
0 0.5428571428571428 0.19098712446351931 0.011428571428571429 0.04721030042918455
0 0.7778571428571428 0.7435622317596566 0.1357142857142857 0.4957081545064378
2 0.48642857142857143 0.24356223175965666 0.024285714285714285 0.05793991416309013
2 0.5171428571428571 0.23927038626609443 0.03142857142857143 0.045064377682403435
2 0.5692857142857143 0.22746781115879827 0.015714285714285715 0.04721030042918455
2 0.5907142857142857 0.24356223175965666 0.02142857142857143 0.03648068669527897
2 0.5871428571428572 0.851931330472103 0.18 0.2875536480686695
2 0.20714285714285716 0.9173819742489271 0.16285714285714287 0.14377682403433475
2 0.7057142857142857 0.7725321888412017 0.15142857142857144 0.40772532188841204
2 0.7257142857142858 0.6094420600858369 0.07142857142857142 0.1759656652360515
2 0.7114285714285714 0.4624463519313305 0.06571428571428571 0.17381974248927037
2 0.765 0.44742489270386265 0.06428571428571428 0.16952789699570817
2 0.8242857142857143 0.4291845493562232 0.06285714285714286 0.12875536480686695
2 0.8114285714285714 0.33047210300429186 0.054285714285714284 0.09871244635193133
2 0.8471428571428572 0.3261802575107296 0.05142857142857143 0.12017167381974249
2 0.8778571428571429 0.2703862660944206 0.03 0.07725321888412018
2 0.9007142857142857 0.27467811158798283 0.03571428571428571 0.07725321888412018
2 0.9685714285714285 0.3143776824034335 0.04285714285714286 0.1223175965665236
2 0.8292857142857143 0.2532188841201717 0.041428571428571426 0.060085836909871244
2 0.7671428571428571 0.26931330472103004 0.025714285714285714 0.027896995708154508
2 0.7471428571428571 0.23068669527896996 0.025714285714285714 0.0407725321888412
2 0.74 0.30257510729613735 0.04285714285714286 0.11158798283261803
2 0.7028571428571428 0.22532188841201717 0.03142857142857143 0.06437768240343347
2 0.6935714285714286 0.2703862660944206 0.047142857142857146 0.0815450643776824
