0 0.05333333333333334 0.7512820512820513 0.10666666666666667 0.47692307692307695
0 0.09583333333333334 0.6269230769230769 0.041666666666666664 0.1564102564102564
0 0.13916666666666666 0.5782051282051283 0.021666666666666667 0.08974358974358974
0 0.19416666666666665 0.7743589743589744 0.115 0.4307692307692308
0 0.22916666666666666 0.7858974358974359 0.10833333333333334 0.4076923076923077
0 0.2925 0.8064102564102564 0.10166666666666667 0.382051282051282
0 0.2675 0.591025641025641 0.041666666666666664 0.16153846153846155
0 0.39416666666666667 0.8256410256410256 0.085 0.3282051282051282
0 0.44166666666666665 0.8333333333333334 0.08333333333333333 0.3128205128205128
0 0.5116666666666667 0.8166666666666667 0.08333333333333333 0.32051282051282054
0 0.5408333333333334 0.8474358974358974 0.075 0.28974358974358977
0 0.5641666666666667 0.767948717948718 0.085 0.32564102564102565
0 0.605 0.7846153846153846 0.09 0.3435897435897436
0 0.6391666666666667 0.75 0.08833333333333333 0.34102564102564104
0 0.68 0.7256410256410256 0.07666666666666666 0.2923076923076923
0 0.7216666666666667 0.6948717948717948 0.07 0.2717948717948718
0 0.7033333333333334 0.676923076923077 0.07 0.26153846153846155
0 0.7591666666666667 0.7217948717948718 0.075 0.2794871794871795
0 0.8116666666666666 0.6756410256410257 0.06 0.23333333333333334
0 0.845 0.6576923076923077 0.06333333333333334 0.23846153846153847
0 0.875 0.6230769230769231 0.06333333333333334 0.24615384615384617
0 0.9141666666666667 0.6089743589743589 0.051666666666666666 0.19230769230769232
0 0.9416666666666667 0.6115384615384616 0.04 0.1564102564102564
0 0.6358333333333334 0.541025641025641 0.035 0.13846153846153847
0 0.5916666666666667 0.532051282051282 0.03 0.12051282051282051
0 0.5633333333333334 0.514102564102564 0.03 0.11025641025641025
0 0.5483333333333333 0.514102564102564 0.02666666666666667 0.1
0 0.4925 0.5038461538461538 0.021666666666666667 0.08974358974358974
0 0.47 0.5 0.023333333333333334 0.09230769230769231
0 0.44583333333333336 0.514102564102564 0.021666666666666667 0.07948717948717948
0 0.6508333333333334 0.5205128205128206 0.03166666666666667 0.1282051282051282
0 0.6825 0.5307692307692308 0.028333333333333332 0.1076923076923077
0 0.6966666666666667 0.532051282051282 0.03 0.12051282051282051
0 0.715 0.5307692307692308 0.03 0.11282051282051282
0 0.4275 0.48205128205128206 0.021666666666666667 0.08205128205128205
0 0.4166666666666667 0.48717948717948717 0.016666666666666666 0.07179487179487179
0 0.4041666666666667 0.491025641025641 0.018333333333333333 0.06923076923076923
0 0.3925 0.491025641025641 0.018333333333333333 0.07435897435897436
0 0.38166666666666665 0.4846153846153846 0.016666666666666666 0.06666666666666667
0 0.36666666666666664 0.48333333333333334 0.016666666666666666 0.06923076923076923
0 0.345 0.4846153846153846 0.016666666666666666 0.06666666666666667
0 0.3308333333333333 0.4807692307692308 0.018333333333333333 0.06923076923076923
0 0.3175 0.48333333333333334 0.015 0.05897435897435897
0 0.3016666666666667 0.48333333333333334 0.013333333333333334 0.05897435897435897
0 0.2816666666666667 0.4858974358974359 0.013333333333333334 0.05897435897435897
0 0.2633333333333333 0.4897435897435897 0.016666666666666666 0.07179487179487179
0 0.24916666666666668 0.4794871794871795 0.015 0.06153846153846154
0 0.23916666666666667 0.4705128205128205 0.015 0.05897435897435897
0 0.23 0.4782051282051282 0.013333333333333334 0.05384615384615385
0 0.5 0.4948717948717949 0.023333333333333334 0.08717948717948718
0 0.5266666666666666 0.5166666666666667 0.02666666666666667 0.1
2 0.82 0.4897435897435897 0.03666666666666667 0.046153846153846156
2 0.7566666666666667 0.5153846153846153 0.043333333333333335 0.08717948717948718
2 0.9016666666666666 0.5166666666666667 0.03666666666666667 0.08461538461538462
2 0.9316666666666666 0.49743589743589745 0.03333333333333333 0.05641025641025641
4 0.21416666666666667 0.46794871794871795 0.21166666666666667 0.08461538461538462
4 0.43666666666666665 0.4358974358974359 0.18333333333333332 0.06153846153846154
4 0.6466666666666666 0.44743589743589746 0.24333333333333335 0.04358974358974359
4 0.7383333333333333 0.4217948717948718 0.32666666666666666 0.08461538461538462
