0 0.18840579710144928 0.632420091324201 0.13043478260869565 0.502283105022831
0 0.32463768115942027 0.6267123287671232 0.12753623188405797 0.4954337899543379
0 0.4101449275362319 0.5684931506849316 0.13623188405797101 0.5251141552511416
0 0.49420289855072463 0.4143835616438356 0.04927536231884058 0.18949771689497716
0 0.6528985507246376 0.5148401826484018 0.09420289855072464 0.363013698630137
0 0.7963768115942029 0.6278538812785388 0.13478260869565217 0.5251141552511416
0 0.8681159420289855 0.639269406392694 0.13043478260869565 0.502283105022831
0 0.9217391304347826 0.4121004566210046 0.034782608695652174 0.13926940639269406
0 0.5528985507246377 0.3938356164383562 0.0391304347826087 0.14840182648401826
0 0.5985507246376811 0.3984018264840183 0.03188405797101449 0.12100456621004566
0 0.09782608695652174 0.4520547945205479 0.06521739130434782 0.2557077625570776
2 0.30217391304347824 0.4726027397260274 0.07391304347826087 0.1415525114155251
2 0.27246376811594203 0.4121004566210046 0.08115942028985507 0.15296803652968036
2 0.30869565217391304 0.3253424657534247 0.028985507246376812 0.07990867579908675
2 0.22826086956521738 0.3367579908675799 0.030434782608695653 0.05707762557077625
2 0.3615942028985507 0.3595890410958904 0.04782608695652174 0.08904109589041095
2 0.45362318840579713 0.3515981735159817 0.03188405797101449 0.0821917808219178
2 0.736231884057971 0.4189497716894977 0.05507246376811594 0.13470319634703196
2 0.7536231884057971 0.3481735159817352 0.04057971014492753 0.08447488584474885
2 0.15797101449275364 0.4063926940639269 0.05507246376811594 0.1232876712328767
4 0.25217391304347825 0.2865296803652968 0.3681159420289855 0.16210045662100456
4 0.6695652173913044 0.3036529680365297 0.463768115942029 0.1141552511415525
