0 0.24148296593186372 0.8525835866261399 0.0781563126252505 0.2887537993920973
0 0.18236472945891782 0.8617021276595744 0.07214428857715431 0.26443768996960487
0 0.14829659318637275 0.8632218844984803 0.06813627254509018 0.24924012158054712
0 0.11222444889779559 0.8708206686930091 0.06012024048096192 0.23404255319148937
0 0.0781563126252505 0.8768996960486323 0.06012024048096192 0.23404255319148937
0 0.0531062124248497 0.8875379939209727 0.05410821643286573 0.2066869300911854
0 0.031062124248496994 0.8905775075987842 0.05410821643286573 0.2006079027355623
0 0.5991983967935872 0.8860182370820668 0.056112224448897796 0.21580547112462006
0 0.5541082164328658 0.898176291793313 0.050100200400801605 0.19148936170212766
0 0.5390781563126252 0.9042553191489362 0.04809619238476954 0.17933130699088146
0 0.5430861723446894 0.3738601823708207 0.056112224448897796 0.2188449848024316
0 0.5170340681362725 0.3723404255319149 0.052104208416833664 0.19756838905775076
0 0.375751503006012 0.4088145896656535 0.026052104208416832 0.10638297872340426
0 0.40180360721442887 0.3981762917933131 0.03406813627254509 0.1276595744680851
0 0.4218436873747495 0.4027355623100304 0.03406813627254509 0.13677811550151975
0 0.3937875751503006 0.8693009118541033 0.03807615230460922 0.1398176291793313
0 0.41583166332665333 0.8662613981762918 0.04208416833667335 0.1641337386018237
0 0.44889779559118237 0.8525835866261399 0.04408817635270541 0.16717325227963525
0 0.8386773547094188 0.9133738601823708 0.03406813627254509 0.13677811550151975
0 0.8567134268537074 0.9072948328267477 0.03406813627254509 0.13677811550151975
0 0.9238476953907816 0.9164133738601824 0.036072144288577156 0.13069908814589665
0 0.9078156312625251 0.9088145896656535 0.028056112224448898 0.11550151975683891
0 0.8777555110220441 0.9103343465045592 0.028056112224448898 0.11246200607902736
0 0.9769539078156313 0.9057750759878419 0.04208416833667335 0.1641337386018237
2 0.280561122244489 0.3738601823708207 0.09218436873747494 0.1884498480243161
2 0.21943887775551102 0.2993920972644377 0.06212424849699399 0.11854103343465046
2 0.19238476953907815 0.31762917933130697 0.08016032064128256 0.10030395136778116
2 0.15531062124248496 0.33586626139817627 0.050100200400801605 0.09422492401215805
2 0.0871743486973948 0.364741641337386 0.04208416833667335 0.060790273556231005
2 0.06613226452905811 0.35714285714285715 0.036072144288577156 0.06382978723404255
2 0.05811623246492986 0.3465045592705167 0.052104208416833664 0.0851063829787234
2 0.01603206412825651 0.3951367781155015 0.028056112224448898 0.060790273556231005
2 0.022044088176352707 0.3541033434650456 0.036072144288577156 0.057750759878419454
2 0.8366733466933868 0.3465045592705167 0.09418837675350701 0.2553191489361702
2 0.7324649298597194 0.36930091185410335 0.08617234468937876 0.20972644376899696
2 0.6793587174348698 0.3404255319148936 0.07615230460921844 0.1398176291793313
2 0.6362725450901804 0.3161094224924012 0.04609218436873747 0.11550151975683891
2 0.6653306613226453 0.2933130699088146 0.052104208416833664 0.08814589665653495
2 0.6062124248496994 0.3191489361702128 0.04208416833667335 0.1276595744680851
2 0.7725450901803608 0.8966565349544073 0.09018036072144289 0.1884498480243161
2 0.3076152304609218 0.8449848024316109 0.08617234468937876 0.2735562310030395
2 0.6933867735470942 0.8617021276595744 0.09619238476953908 0.25227963525835867
2 0.03807615230460922 0.1838905775075988 0.028056112224448898 0.06382978723404255
2 0.07615230460921844 0.182370820668693 0.036072144288577156 0.0851063829787234
2 0.033066132264529056 0.1458966565349544 0.022044088176352707 0.0364741641337386
2 0.04208416833667335 0.0972644376899696 0.028056112224448898 0.060790273556231005
2 0.09118236472945891 0.09574468085106383 0.03406813627254509 0.06382978723404255
2 0.12625250501002003 0.11550151975683891 0.028056112224448898 0.0243161094224924
2 0.12925851703406813 0.17325227963525835 0.03006012024048096 0.060790273556231005
2 0.1523046092184369 0.15045592705167174 0.028056112224448898 0.057750759878419454
2 0.15030060120240482 0.1033434650455927 0.028056112224448898 0.0486322188449848
2 0.12424849699398798 0.08662613981762918 0.02004008016032064 0.03951367781155015
2 0.1523046092184369 0.0668693009118541 0.03206412825651302 0.0547112462006079
2 0.9589178356713427 0.16717325227963525 0.03807615230460922 0.0668693009118541
2 0.530060120240481 0.12462006079027356 0.022044088176352707 0.0790273556231003
2 0.5741482965931863 0.29027355623100304 0.022044088176352707 0.03951367781155015
2 0.46392785571142287 0.3723404255319149 0.03406813627254509 0.11246200607902736
2 0.4779559118236473 0.39969604863221886 0.026052104208416832 0.11246200607902736
2 0.027054108216432865 0.7689969604863222 0.026052104208416832 0.030395136778115502
2 0.12324649298597194 0.6398176291793313 0.03006012024048096 0.07598784194528875
2 0.0781563126252505 0.6200607902735562 0.04008016032064128 0.060790273556231005
2 0.05410821643286573 0.648936170212766 0.02404809619238477 0.04559270516717325
2 0.05110220440881764 0.6048632218844985 0.03406813627254509 0.0486322188449848
2 0.9789579158316634 0.34802431610942247 0.03006012024048096 0.06990881458966565
4 0.11523046092184369 0.5395136778115501 0.22645290581162325 0.10638297872340426
4 0.594188376753507 0.6382978723404256 0.1623246492985972 0.2127659574468085
4 0.9519038076152304 0.6474164133738601 0.0841683366733467 0.2066869300911854
4 0.5921843687374749 0.04711246200607903 0.28256513026052105 0.08814589665653495
