0 0.0273224043715847 0.5260736196319018 0.0546448087431694 0.3773006134969325
0 0.09744990892531877 0.5153374233128835 0.07832422586520947 0.3312883435582822
0 0.16393442622950818 0.6319018404907976 0.17486338797814208 0.7239263803680982
0 0.2677595628415301 0.5996932515337423 0.17122040072859745 0.7024539877300614
0 0.36429872495446264 0.598159509202454 0.15664845173041894 0.6503067484662577
0 0.5218579234972678 0.5138036809815951 0.06739526411657559 0.2852760736196319
0 0.6001821493624773 0.5383435582822086 0.07468123861566485 0.3098159509202454
0 0.6612021857923497 0.5460122699386503 0.07650273224043716 0.32515337423312884
0 0.7049180327868853 0.5628834355828221 0.07650273224043716 0.3159509202453988
0 0.7486338797814208 0.5659509202453987 0.08014571948998178 0.3343558282208589
0 0.7868852459016393 0.5567484662576687 0.07650273224043716 0.3220858895705521
0 0.8351548269581056 0.5920245398773006 0.08561020036429873 0.3619631901840491
0 0.825136612021858 0.4049079754601227 0.018214936247723135 0.0736196319018405
0 0.7714025500910747 0.40644171779141103 0.01639344262295082 0.0705521472392638
0 0.4790528233151184 0.4233128834355828 0.04007285974499089 0.1656441717791411
0 0.465391621129326 0.42024539877300615 0.03825136612021858 0.1656441717791411
0 0.4453551912568306 0.42484662576687116 0.03825136612021858 0.15644171779141106
0 0.5018214936247724 0.43098159509202455 0.03825136612021858 0.1687116564417178
0 0.9061930783242259 0.593558282208589 0.08196721311475409 0.34049079754601225
0 0.9608378870673953 0.6334355828220859 0.07832422586520947 0.3834355828220859
0 0.43169398907103823 0.4187116564417178 0.03642987249544627 0.15030674846625766
0 0.5519125683060109 0.4447852760736196 0.03278688524590164 0.13496932515337423
0 0.5646630236794171 0.43558282208588955 0.04007285974499089 0.1656441717791411
2 0.08196721311475409 0.6656441717791411 0.07650273224043716 0.17791411042944785
2 0.45081967213114754 0.6257668711656442 0.04189435336976321 0.20245398773006135
2 0.5018214936247724 0.6380368098159509 0.060109289617486336 0.20245398773006135
2 0.5555555555555556 0.6503067484662577 0.061930783242258654 0.1901840490797546
2 0.6229508196721312 0.6441717791411042 0.058287795992714025 0.17791411042944785
2 0.6876138433515483 0.6579754601226994 0.060109289617486336 0.17484662576687116
2 0.7459016393442623 0.6748466257668712 0.052823315118397086 0.19631901840490798
2 0.8069216757741348 0.6257668711656442 0.051001821493624776 0.10429447852760736
2 0.9326047358834244 0.4187116564417178 0.061930783242258654 0.11349693251533742
2 0.8397085610200364 0.6871165644171779 0.061930783242258654 0.11042944785276074
2 0.936247723132969 0.6487730061349694 0.04007285974499089 0.1441717791411043
2 0.9116575591985429 0.6457055214723927 0.04918032786885246 0.08895705521472393
2 0.8806921675774135 0.6595092024539877 0.04189435336976321 0.0736196319018405
2 0.855191256830601 0.803680981595092 0.04918032786885246 0.09815950920245399
2 0.9326047358834244 0.808282208588957 0.061930783242258654 0.0950920245398773
2 0.8934426229508197 0.754601226993865 0.06739526411657559 0.10429447852760736
2 0.8925318761384335 0.8957055214723927 0.10564663023679417 0.15950920245398773
2 0.5482695810564663 0.3665644171779141 0.018214936247723135 0.03987730061349693
2 0.5245901639344263 0.35736196319018404 0.02185792349726776 0.03987730061349693
