0 0.07689144736842106 0.6882309941520468 0.14007675438596492 0.4554093567251462
0 0.13623903508771928 0.6979166666666666 0.1474780701754386 0.47989766081871343
0 0.23368969298245615 0.7172880116959064 0.13349780701754385 0.4338450292397661
0 0.32387609649122806 0.6962719298245614 0.13898026315789475 0.45321637426900585
0 0.4270833333333333 0.6920687134502924 0.1288377192982456 0.4199561403508772
0 0.5061677631578947 0.6836622807017544 0.13404605263157895 0.43603801169590645
0 0.5842927631578947 0.69828216374269 0.13623903508771928 0.4440789473684211
0 0.6684484649122807 0.6451023391812866 0.15707236842105263 0.5109649122807017
0 0.7763157894736842 0.6566154970760234 0.17214912280701755 0.5603070175438597
0 0.8995339912280702 0.6816520467836257 0.17626096491228072 0.5738304093567251
