0 0.06375 0.7517857142857143 0.0775 0.26785714285714285
0 0.035 0.5964285714285714 0.06 0.21428571428571427
0 0.1 0.7107142857142857 0.075 0.2642857142857143
0 0.1775 0.6446428571428572 0.065 0.23214285714285715
0 0.10125 0.5446428571428571 0.0575 0.20357142857142857
0 0.06625 0.45535714285714285 0.0425 0.15357142857142858
0 0.01875 0.3875 0.0375 0.18214285714285713
0 0.11125 0.44285714285714284 0.0475 0.17857142857142858
0 0.14625 0.42678571428571427 0.0475 0.175
0 0.19 0.4142857142857143 0.05 0.17142857142857143
0 0.22125 0.40535714285714286 0.0425 0.16071428571428573
0 0.2425 0.6107142857142858 0.065 0.22857142857142856
0 0.29 0.8339285714285715 0.09 0.3107142857142857
0 0.27625 0.7571428571428571 0.0725 0.2642857142857143
0 0.3325 0.7107142857142857 0.07 0.2571428571428571
0 0.3075 0.5732142857142857 0.065 0.23214285714285715
0 0.355 0.5428571428571428 0.06 0.21428571428571427
0 0.40375 0.6589285714285714 0.0675 0.24642857142857144
0 0.44875 0.6214285714285714 0.0675 0.24285714285714285
0 0.40625 0.5196428571428572 0.0575 0.20357142857142857
0 0.42875 0.4928571428571429 0.0525 0.19285714285714287
0 0.4925 0.575 0.065 0.22857142857142856
0 0.53625 0.5464285714285714 0.0625 0.22142857142857142
0 0.50625 0.7607142857142857 0.0775 0.2785714285714286
0 0.56125 0.7160714285714286 0.0775 0.26785714285714285
0 0.6125 0.6553571428571429 0.07 0.25357142857142856
0 0.645 0.6214285714285714 0.065 0.2357142857142857
0 0.67875 0.5785714285714286 0.0675 0.2357142857142857
0 0.73 0.5589285714285714 0.055 0.20357142857142857
0 0.75125 0.5285714285714286 0.0625 0.21428571428571427
0 0.775 0.5053571428571428 0.055 0.20357142857142857
0 0.8375 0.45535714285714285 0.05 0.175
0 0.8525 0.44285714285714284 0.05 0.18571428571428572
0 0.87125 0.43214285714285716 0.0475 0.17142857142857143
0 0.88625 0.40535714285714286 0.0475 0.16785714285714284
0 0.90375 0.3875 0.0475 0.16785714285714284
0 0.9175 0.3821428571428571 0.045 0.16428571428571428
0 0.935 0.35714285714285715 0.045 0.15714285714285714
0 0.80125 0.3517857142857143 0.0425 0.16071428571428573
0 0.78125 0.3678571428571429 0.0425 0.15714285714285714
0 0.7625 0.38392857142857145 0.045 0.16071428571428573
0 0.74 0.4 0.045 0.16428571428571428
0 0.695 0.4357142857142857 0.05 0.17142857142857143
0 0.66125 0.45535714285714285 0.0475 0.16785714285714284
0 0.60625 0.4785714285714286 0.0475 0.17857142857142858
0 0.58375 0.5178571428571429 0.0525 0.18571428571428572
0 0.26125 0.4642857142857143 0.0475 0.16428571428571428
0 0.29125 0.45535714285714285 0.0475 0.175
0 0.05 0.36964285714285716 0.04 0.14642857142857144
0 0.08125 0.3625 0.0425 0.14642857142857144
0 0.1325 0.35 0.04 0.15
0 0.16375 0.34285714285714286 0.0425 0.15714285714285714
0 0.205 0.325 0.04 0.14285714285714285
0 0.79875 0.7625 0.0825 0.29642857142857143
0 0.8325 0.7285714285714285 0.075 0.2642857142857143
0 0.86125 0.6642857142857143 0.0675 0.24285714285714285
0 0.89 0.6214285714285714 0.07 0.24285714285714285
0 0.9325 0.5857142857142857 0.065 0.22857142857142856
0 0.9525 0.5607142857142857 0.065 0.22857142857142856
0 0.97125 0.5267857142857143 0.0575 0.225
0 0.815 0.3392857142857143 0.045 0.15714285714285714
0 0.8475 0.3267857142857143 0.04 0.14642857142857144
0 0.6475 0.3767857142857143 0.045 0.16071428571428573
0 0.62125 0.37142857142857144 0.0375 0.12857142857142856
0 0.59875 0.3875 0.0425 0.14642857142857144
0 0.575 0.4142857142857143 0.045 0.15714285714285714
0 0.54625 0.4446428571428571 0.0475 0.16785714285714284
0 0.50875 0.4660714285714286 0.0525 0.18928571428571428
0 0.3225 0.42678571428571427 0.05 0.175
0 0.3525 0.41964285714285715 0.045 0.16785714285714284
0 0.3875 0.39464285714285713 0.045 0.16071428571428573
0 0.44375 0.375 0.0425 0.15714285714285714
0 0.4825 0.35714285714285715 0.045 0.15714285714285714
0 0.27 0.3678571428571429 0.045 0.16428571428571428
0 0.24375 0.3875 0.0425 0.16071428571428573
0 0.2975 0.35 0.035 0.1357142857142857
0 0.41875 0.38392857142857145 0.0425 0.14642857142857144
0 0.52625 0.32321428571428573 0.0375 0.13214285714285715
0 0.67375 0.3517857142857143 0.0425 0.14642857142857144
0 0.5425 0.32321428571428573 0.045 0.16071428571428573
0 0.94625 0.34464285714285714 0.0425 0.16071428571428573
0 0.97125 0.325 0.0425 0.15
0 0.9825 0.30357142857142855 0.035 0.15
0 0.8675 0.30178571428571427 0.035 0.13214285714285715
0 0.88375 0.2910714285714286 0.0375 0.13214285714285715
0 0.89625 0.2785714285714286 0.0275 0.10714285714285714
0 0.88375 0.8392857142857143 0.0825 0.29285714285714287
2 0.695 0.2857142857142857 0.03 0.06428571428571428
2 0.7225 0.2767857142857143 0.025 0.060714285714285714
2 0.34125 0.29464285714285715 0.0325 0.06785714285714285
2 0.31375 0.25892857142857145 0.0175 0.03214285714285714
2 0.24 0.26785714285714285 0.035 0.05
2 0.26625 0.25892857142857145 0.0375 0.05357142857142857
2 0.2925 0.2767857142857143 0.03 0.060714285714285714
2 0.01875 0.2642857142857143 0.0325 0.04285714285714286
2 0.1225 0.2571428571428571 0.03 0.02857142857142857
2 0.15375 0.2517857142857143 0.0225 0.039285714285714285
2 0.62875 0.2767857142857143 0.0375 0.04642857142857143
2 0.595 0.29285714285714287 0.04 0.07142857142857142
2 0.6575 0.25535714285714284 0.025 0.039285714285714285
4 0.2525 0.14285714285714285 0.495 0.20714285714285716
4 0.7425 0.14464285714285716 0.505 0.16071428571428573
