0 0.06833333333333333 0.5089020771513353 0.05333333333333334 0.2344213649851632
0 0.19 0.5074183976261127 0.04666666666666667 0.21364985163204747
0 0.26 0.5207715133531158 0.14333333333333334 0.6201780415430267
0 0.35083333333333333 0.5059347181008902 0.12833333333333333 0.5667655786350149
0 0.42083333333333334 0.5296735905044511 0.13833333333333334 0.6083086053412463
0 0.5058333333333334 0.5133531157270029 0.12833333333333333 0.5637982195845698
0 0.5925 0.5356083086053413 0.11166666666666666 0.4896142433234421
0 0.6591666666666667 0.4910979228486647 0.11166666666666666 0.49554896142433236
0 0.7175 0.4940652818991098 0.125 0.543026706231454
0 0.7841666666666667 0.4910979228486647 0.12166666666666667 0.5370919881305638
0 0.885 0.5029673590504451 0.05 0.228486646884273
2 0.21083333333333334 0.6988130563798219 0.13833333333333334 0.3649851632047478
2 0.32666666666666666 0.7136498516320475 0.12 0.4124629080118694
2 0.44666666666666666 0.7270029673590505 0.13333333333333333 0.3798219584569733
2 0.5658333333333333 0.7136498516320475 0.13166666666666665 0.39465875370919884
2 0.7041666666666667 0.7047477744807121 0.14833333333333334 0.34718100890207715
2 0.8566666666666667 0.685459940652819 0.17333333333333334 0.3264094955489614
