0 0.11146838156484459 0.6116666666666667 0.0707395498392283 0.27
0 0.09217577706323687 0.5508333333333333 0.027867095391211148 0.10833333333333334
0 0.23365487674169347 0.5983333333333334 0.06859592711682744 0.2633333333333333
0 0.27759914255091106 0.5475 0.027867095391211148 0.105
0 0.3027867095391211 0.535 0.022508038585209004 0.09
0 0.3767416934619507 0.5966666666666667 0.06966773847802786 0.27
0 0.3478027867095391 0.5458333333333333 0.02679528403001072 0.105
0 0.41103965702036444 0.54 0.022508038585209004 0.09
0 0.4287245444801715 0.5333333333333333 0.023579849946409433 0.09333333333333334
0 0.4742765273311897 0.6025 0.06966773847802786 0.265
0 0.5214362272240086 0.57 0.05037513397642015 0.19666666666666666
0 0.5830653804930332 0.5983333333333334 0.07502679528403002 0.2833333333333333
0 0.6645230439442658 0.605 0.07288317256162916 0.27666666666666667
0 0.7256162915326902 0.5966666666666667 0.0707395498392283 0.26666666666666666
0 0.7990353697749196 0.5858333333333333 0.0782422293676313 0.3016666666666667
0 0.8703108252947481 0.5991666666666666 0.06859592711682744 0.265
0 0.8419078242229368 0.54 0.020364415862808145 0.08
