0 0.254 0.512987012987013 0.128 0.6796536796536796
0 0.526 0.41774891774891776 0.08 0.42857142857142855
0 0.602 0.30735930735930733 0.036 0.19913419913419914
0 0.693 0.37662337662337664 0.07 0.38095238095238093
0 0.829 0.35714285714285715 0.054 0.2987012987012987
0 0.924 0.3008658008658009 0.056 0.2987012987012987
0 0.443 0.35064935064935066 0.05 0.27705627705627706
0 0.348 0.33766233766233766 0.036 0.19913419913419914
0 0.18 0.2813852813852814 0.02 0.1038961038961039
0 0.16 0.3484848484848485 0.036 0.19480519480519481
0 0.047 0.3852813852813853 0.042 0.23376623376623376
2 0.705 0.19480519480519481 0.022 0.06926406926406926
