0 0.06875 0.8233333333333334 0.0375 0.1711111111111111
0 0.0475 0.7844444444444445 0.0375 0.16444444444444445
0 0.02 0.7411111111111112 0.03 0.13555555555555557
0 0.013125 0.71 0.02625 0.14444444444444443
0 0.170625 0.8155555555555556 0.03625 0.15555555555555556
0 0.14 0.7755555555555556 0.035 0.15555555555555556
0 0.109375 0.7355555555555555 0.03125 0.14222222222222222
0 0.083125 0.7 0.02875 0.1288888888888889
0 0.0225 0.6366666666666667 0.025 0.11333333333333333
0 0.05125 0.66 0.025 0.10666666666666667
0 0.251875 0.8111111111111111 0.03625 0.16444444444444445
0 0.341875 0.8 0.03625 0.16444444444444445
0 0.46 0.8055555555555556 0.035 0.15777777777777777
0 0.4125 0.7622222222222222 0.035 0.1511111111111111
0 0.370625 0.7155555555555555 0.03125 0.14222222222222222
0 0.2875 0.7288888888888889 0.03 0.13777777777777778
0 0.311875 0.7677777777777778 0.03625 0.1622222222222222
0 0.224375 0.7733333333333333 0.03625 0.16
0 0.20875 0.7333333333333333 0.0325 0.14222222222222222
0 0.18375 0.7 0.03 0.13333333333333333
0 0.176875 0.6311111111111111 0.02625 0.12
0 0.243125 0.6344444444444445 0.02625 0.12222222222222222
0 0.258125 0.6966666666666667 0.02875 0.12666666666666668
0 0.2675 0.6577777777777778 0.03 0.13333333333333333
0 0.099375 0.6377777777777778 0.02875 0.12444444444444444
0 0.128125 0.6655555555555556 0.02875 0.12666666666666668
0 0.390625 0.5422222222222223 0.02375 0.10222222222222223
0 0.404375 0.5511111111111111 0.02125 0.09777777777777778
0 0.47 0.6611111111111111 0.0225 0.09555555555555556
0 0.4875 0.6655555555555556 0.0175 0.08222222222222222
0 0.528125 0.6711111111111111 0.02125 0.09777777777777778
0 0.548125 0.6744444444444444 0.01875 0.08666666666666667
0 0.573125 0.6533333333333333 0.02375 0.10222222222222223
0 0.6475 0.6711111111111111 0.0225 0.09777777777777778
0 0.665625 0.6733333333333333 0.02375 0.10222222222222223
0 0.685 0.6455555555555555 0.0225 0.1
0 0.7375 0.6766666666666666 0.02 0.09111111111111111
0 0.75625 0.6766666666666666 0.0175 0.08222222222222222
0 0.76625 0.6622222222222223 0.0175 0.08
0 0.8075 0.6288888888888889 0.0225 0.09777777777777778
0 0.835 0.6033333333333334 0.0225 0.10444444444444445
0 0.884375 0.6455555555555555 0.02375 0.10444444444444445
0 0.936875 0.6744444444444444 0.02125 0.1
0 0.951875 0.65 0.02375 0.10444444444444445
0 0.9775 0.6022222222222222 0.02 0.08888888888888889
0 0.991875 0.6933333333333334 0.01625 0.10222222222222223
0 0.00625 0.36777777777777776 0.0125 0.1
0 0.0425 0.3688888888888889 0.0225 0.09777777777777778
0 0.080625 0.37222222222222223 0.02125 0.09111111111111111
0 0.1275 0.37666666666666665 0.0175 0.08222222222222222
0 0.163125 0.37333333333333335 0.01875 0.08888888888888889
0 0.2 0.3811111111111111 0.0175 0.07777777777777778
0 0.238125 0.37444444444444447 0.01875 0.08666666666666667
0 0.271875 0.37666666666666665 0.01875 0.08222222222222222
0 0.311875 0.38 0.01625 0.07555555555555556
0 0.35375 0.38666666666666666 0.0175 0.07555555555555556
0 0.385625 0.38333333333333336 0.01875 0.08222222222222222
0 0.41625 0.3811111111111111 0.0175 0.07777777777777778
0 0.445 0.38666666666666666 0.0175 0.08
0 0.480625 0.38555555555555554 0.01625 0.07333333333333333
0 0.52625 0.39 0.02 0.08666666666666667
0 0.5675 0.4033333333333333 0.015 0.07333333333333333
0 0.615625 0.42 0.01875 0.08444444444444445
0 0.645 0.4311111111111111 0.0175 0.08
0 0.69125 0.44555555555555554 0.0175 0.07777777777777778
0 0.73125 0.4666666666666667 0.0175 0.07555555555555556
0 0.761875 0.4766666666666667 0.01875 0.08222222222222222
0 0.798125 0.49444444444444446 0.01875 0.08666666666666667
0 0.830625 0.5055555555555555 0.01875 0.08222222222222222
0 0.866875 0.5233333333333333 0.01625 0.07777777777777778
0 0.9 0.5388888888888889 0.02 0.09111111111111111
0 0.928125 0.5577777777777778 0.01875 0.08444444444444445
0 0.9825 0.5611111111111111 0.015 0.06444444444444444
0 0.035 0.2288888888888889 0.0175 0.07555555555555556
0 0.050625 0.23333333333333334 0.01625 0.07111111111111111
0 0.0725 0.23 0.0175 0.07777777777777778
0 0.09375 0.23222222222222222 0.0175 0.08222222222222222
0 0.109375 0.23555555555555555 0.01625 0.07555555555555556
0 0.12875 0.2388888888888889 0.015 0.07333333333333333
0 0.14 0.23222222222222222 0.0175 0.08222222222222222
0 0.155625 0.24 0.01875 0.08
0 0.171875 0.23333333333333334 0.01625 0.07555555555555556
0 0.194375 0.24333333333333335 0.01625 0.07333333333333333
0 0.201875 0.23444444444444446 0.01375 0.06444444444444444
0 0.226875 0.2477777777777778 0.01375 0.06444444444444444
0 0.238125 0.24333333333333335 0.01625 0.07333333333333333
0 0.263125 0.25333333333333335 0.01375 0.06222222222222222
0 0.273125 0.24555555555555555 0.01625 0.07333333333333333
0 0.29 0.2477777777777778 0.015 0.07333333333333333
0 0.2975 0.24444444444444444 0.0175 0.07555555555555556
0 0.3125 0.25333333333333335 0.0125 0.06222222222222222
0 0.32 0.24888888888888888 0.015 0.06666666666666667
0 0.343125 0.25 0.01625 0.06888888888888889
0 0.3925 0.28888888888888886 0.015 0.07111111111111111
0 0.409375 0.28444444444444444 0.01375 0.06666666666666667
0 0.4275 0.28444444444444444 0.015 0.07111111111111111
0 0.44 0.2877777777777778 0.015 0.06888888888888889
0 0.455625 0.29 0.01625 0.07333333333333333
0 0.47125 0.2922222222222222 0.015 0.06444444444444444
0 0.479375 0.2922222222222222 0.01625 0.06888888888888889
0 0.495625 0.29444444444444445 0.01125 0.05555555555555555
0 0.50375 0.29444444444444445 0.0125 0.05555555555555555
0 0.519375 0.29333333333333333 0.01375 0.06666666666666667
0 0.0125 0.13333333333333333 0.015 0.06666666666666667
0 0.025625 0.13555555555555557 0.01375 0.06222222222222222
0 0.05 0.13111111111111112 0.015 0.06666666666666667
0 0.06875 0.13555555555555557 0.0125 0.06222222222222222
0 0.08125 0.13777777777777778 0.015 0.06666666666666667
0 0.116875 0.1411111111111111 0.01625 0.07333333333333333
0 0.155 0.14666666666666667 0.0125 0.06222222222222222
0 0.186875 0.1411111111111111 0.01375 0.06444444444444444
0 0.20625 0.14777777777777779 0.015 0.06444444444444444
0 0.2175 0.14888888888888888 0.0125 0.05333333333333334
2 0.210625 0.6288888888888889 0.02625 0.08444444444444445
2 0.32875 0.6622222222222223 0.03 0.09777777777777778
2 0.55 0.6111111111111112 0.0175 0.04
2 0.665 0.6022222222222222 0.015 0.04
2 0.75625 0.6244444444444445 0.0125 0.02666666666666667
2 0.769375 0.5744444444444444 0.02375 0.051111111111111114
2 0.940625 0.5866666666666667 0.01375 0.04
2 0.88625 0.5844444444444444 0.0175 0.03111111111111111
