0 0.13375 0.7416666666666667 0.0575 0.19
0 0.25625 0.73 0.0575 0.19333333333333333
0 0.4375 0.7316666666666667 0.05 0.17
0 0.56 0.7266666666666667 0.05 0.17333333333333334
0 0.655 0.7116666666666667 0.05 0.17
0 0.73875 0.7116666666666667 0.0525 0.17
0 0.8175 0.7083333333333334 0.05 0.16333333333333333
0 0.85875 0.7016666666666667 0.0525 0.17666666666666667
0 0.88 0.6966666666666667 0.055 0.18666666666666668
0 0.94 0.695 0.055 0.18333333333333332
0 0.9725 0.7016666666666667 0.055 0.17666666666666667
0 0.19875 0.6816666666666666 0.0125 0.05
0 0.0675 0.69 0.015 0.05333333333333334
0 0.98625 0.65 0.0175 0.06
0 0.83875 0.6566666666666666 0.0175 0.06666666666666667
0 0.79875 0.655 0.0125 0.05
0 0.76875 0.6583333333333333 0.0175 0.056666666666666664
0 0.75125 0.6566666666666666 0.0125 0.05333333333333334
0 0.705 0.6616666666666666 0.02 0.06333333333333334
0 0.68625 0.665 0.0175 0.056666666666666664
2 0.465 0.68 0.01 0.02666666666666667
2 0.4775 0.6816666666666666 0.015 0.03666666666666667
2 0.9175 0.6283333333333333 0.01 0.023333333333333334
