0 0.15520282186948853 0.5252659574468085 0.05291005291005291 0.19946808510638298
0 0.12874779541446207 0.5172872340425532 0.04938271604938271 0.18351063829787234
0 0.23633156966490299 0.7047872340425532 0.15520282186948853 0.5797872340425532
0 0.318342151675485 0.8377659574468085 0.08641975308641975 0.3191489361702128
2 0.562610229276896 0.449468085106383 0.06701940035273368 0.11170212765957446
2 0.0564373897707231 0.5771276595744681 0.07760141093474426 0.16489361702127658
2 0.691358024691358 0.601063829787234 0.08112874779541446 0.12234042553191489
2 0.7310405643738977 0.586436170212766 0.05114638447971781 0.08776595744680851
2 0.5555555555555556 0.5824468085106383 0.06349206349206349 0.10638297872340426
2 0.4656084656084656 0.6449468085106383 0.07760141093474426 0.1356382978723404
2 0.41181657848324515 0.5425531914893617 0.054673721340388004 0.10638297872340426
2 0.3447971781305115 0.5571808510638298 0.07231040564373897 0.1356382978723404
2 0.1948853615520282 0.5585106382978723 0.04409171075837742 0.09574468085106383
3 0.7751322751322751 0.43351063829787234 0.047619047619047616 0.1595744680851064
3 0.7336860670194003 0.44148936170212766 0.04585537918871252 0.1595744680851064
3 0.6869488536155203 0.4242021276595745 0.04409171075837742 0.15691489361702127
3 0.6375661375661376 0.4175531914893617 0.054673721340388004 0.15425531914893617
3 0.599647266313933 0.4175531914893617 0.03880070546737213 0.15425531914893617
3 0.5485008818342152 0.35904255319148937 0.03527336860670194 0.05319148936170213
