0 0.3790909090909091 0.5780821917808219 0.03090909090909091 0.12054794520547946
0 0.39090909090909093 0.589041095890411 0.03272727272727273 0.12602739726027398
0 0.4009090909090909 0.5698630136986301 0.03090909090909091 0.11506849315068493
0 0.43636363636363634 0.5835616438356165 0.03272727272727273 0.12054794520547946
0 0.4509090909090909 0.5616438356164384 0.03272727272727273 0.12054794520547946
0 0.47909090909090907 0.584931506849315 0.03090909090909091 0.1232876712328767
0 0.49272727272727274 0.563013698630137 0.03272727272727273 0.1232876712328767
0 0.5309090909090909 0.584931506849315 0.03272727272727273 0.1178082191780822
0 0.5427272727272727 0.5657534246575342 0.03090909090909091 0.11232876712328767
0 0.5936363636363636 0.5657534246575342 0.03090909090909091 0.1232876712328767
0 0.5781818181818181 0.5876712328767123 0.03272727272727273 0.1178082191780822
0 0.6363636363636364 0.5917808219178082 0.03272727272727273 0.12054794520547946
0 0.6445454545454545 0.5684931506849316 0.03090909090909091 0.1178082191780822
0 0.7345454545454545 0.6232876712328768 0.03272727272727273 0.12876712328767123
0 0.7781818181818182 0.6109589041095891 0.03272727272727273 0.12602739726027398
0 0.19272727272727272 0.5945205479452055 0.03272727272727273 0.12054794520547946
0 0.20454545454545456 0.5780821917808219 0.03090909090909091 0.11506849315068493
0 0.24454545454545454 0.6054794520547945 0.034545454545454546 0.13150684931506848
0 0.22727272727272727 0.5780821917808219 0.03272727272727273 0.12054794520547946
0 0.3245454545454545 0.5191780821917809 0.03090909090909091 0.11232876712328767
0 0.31636363636363635 0.5082191780821917 0.025454545454545455 0.10136986301369863
0 0.35818181818181816 0.5123287671232877 0.025454545454545455 0.10410958904109589
0 0.79 0.5424657534246575 0.034545454545454546 0.12602739726027398
0 0.7527272727272727 0.5438356164383562 0.02909090909090909 0.10684931506849316
0 0.7627272727272727 0.5301369863013699 0.02727272727272727 0.10684931506849316
0 0.7718181818181818 0.5547945205479452 0.02727272727272727 0.10136986301369863
0 0.7245454545454545 0.5315068493150685 0.02727272727272727 0.10410958904109589
0 0.7027272727272728 0.5205479452054794 0.02727272727272727 0.10410958904109589
0 0.6863636363636364 0.5095890410958904 0.02727272727272727 0.09863013698630137
0 0.6572727272727272 0.4986301369863014 0.023636363636363636 0.09315068493150686
0 0.2863636363636364 0.5301369863013699 0.02727272727272727 0.10136986301369863
0 0.04909090909090909 0.6465753424657534 0.03636363636363636 0.136986301369863
2 0.24272727272727274 0.4712328767123288 0.023636363636363636 0.03287671232876712
2 0.25 0.4945205479452055 0.016363636363636365 0.019178082191780823
2 0.2863636363636364 0.46986301369863015 0.016363636363636365 0.030136986301369864
2 0.3618181818181818 0.4520547945205479 0.01818181818181818 0.0273972602739726
2 0.3981818181818182 0.4438356164383562 0.01818181818181818 0.0273972602739726
2 0.6563636363636364 0.4452054794520548 0.01090909090909091 0.024657534246575342
2 0.6872727272727273 0.4534246575342466 0.014545454545454545 0.019178082191780823
2 0.7190909090909091 0.4643835616438356 0.016363636363636365 0.030136986301369864
