0 0.20666666666666667 0.5043103448275862 0.12 0.514367816091954
0 0.7066666666666667 0.5459770114942529 0.19333333333333333 0.8103448275862069
0 0.35583333333333333 0.49712643678160917 0.06833333333333333 0.28735632183908044
0 0.035 0.5114942528735632 0.07 0.47701149425287354
0 0.0425 0.5272988505747126 0.085 0.4166666666666667
0 0.07166666666666667 0.5359195402298851 0.09 0.3879310344827586
0 0.26416666666666666 0.5086206896551724 0.06833333333333333 0.28735632183908044
0 0.31666666666666665 0.5043103448275862 0.06666666666666667 0.27873563218390807
0 0.43916666666666665 0.5086206896551724 0.045 0.1896551724137931
0 0.4608333333333333 0.5129310344827587 0.041666666666666664 0.1752873563218391
0 0.4816666666666667 0.5057471264367817 0.043333333333333335 0.1896551724137931
0 0.8841666666666667 0.492816091954023 0.075 0.31896551724137934
0 0.9708333333333333 0.5114942528735632 0.058333333333333334 0.3563218390804598
0 0.915 0.507183908045977 0.07333333333333333 0.31896551724137934
0 0.7833333333333333 0.5287356321839081 0.03333333333333333 0.13793103448275862
0 0.625 0.5186781609195402 0.08 0.34195402298850575
0 0.14083333333333334 0.4827586206896552 0.10833333333333334 0.45977011494252873
2 0.2925 0.40086206896551724 0.025 0.0603448275862069
2 0.83 0.4166666666666667 0.023333333333333334 0.08620689655172414
2 0.9458333333333333 0.37212643678160917 0.03166666666666667 0.08333333333333333
2 0.95 0.4899425287356322 0.02666666666666667 0.07758620689655173
2 0.9216666666666666 0.40660919540229884 0.02666666666666667 0.06609195402298851
2 0.5516666666666666 0.4540229885057471 0.02666666666666667 0.07471264367816093
2 0.056666666666666664 0.34913793103448276 0.02 0.08333333333333333
