0 0.0475 0.594047619047619 0.095 0.6071428571428571
0 0.07833333333333334 0.5857142857142857 0.15 0.5285714285714286
0 0.19 0.49523809523809526 0.14333333333333334 0.5
0 0.3 0.5833333333333334 0.16 0.5666666666666667
0 0.35083333333333333 0.5488095238095239 0.145 0.5119047619047619
0 0.47833333333333333 0.5678571428571428 0.15 0.530952380952381
0 0.5391666666666667 0.45595238095238094 0.09833333333333333 0.34523809523809523
0 0.635 0.45476190476190476 0.10333333333333333 0.36666666666666664
0 0.705 0.5583333333333333 0.15666666666666668 0.5452380952380952
0 0.7983333333333333 0.5595238095238095 0.15333333333333332 0.5428571428571428
0 0.8475 0.555952380952381 0.165 0.5833333333333334
0 0.96 0.4880952380952381 0.08 0.45714285714285713
0 0.9183333333333333 0.4785714285714286 0.12333333333333334 0.4380952380952381
2 0.055 0.36428571428571427 0.04666666666666667 0.09047619047619047
2 0.25666666666666665 0.31666666666666665 0.03666666666666667 0.10952380952380952
2 0.39416666666666667 0.3404761904761905 0.051666666666666666 0.09523809523809523
2 0.445 0.3273809523809524 0.043333333333333335 0.07857142857142857
2 0.7675 0.3273809523809524 0.045 0.09761904761904762
2 0.6816666666666666 0.30238095238095236 0.05 0.10952380952380952
