0 0.8925 0.5474452554744526 0.105 0.38686131386861317
0 0.81625 0.6222627737226277 0.1475 0.5218978102189781
0 0.75 0.6058394160583942 0.125 0.44525547445255476
0 0.6825 0.6313868613138686 0.135 0.48905109489051096
0 0.59375 0.6131386861313869 0.1225 0.44525547445255476
0 0.5625 0.6167883211678832 0.14 0.5036496350364964
0 0.42 0.6313868613138686 0.125 0.44525547445255476
0 0.4975 0.5638686131386861 0.105 0.3759124087591241
0 0.355 0.5766423357664233 0.105 0.38686131386861317
0 0.2975 0.6204379562043796 0.135 0.48905109489051096
0 0.18375 0.6076642335766423 0.1325 0.4781021897810219
0 0.06875 0.5675182481751825 0.1075 0.38321167883211676
0 0.1425 0.5346715328467153 0.095 0.33941605839416056
2 0.3375 0.3740875912408759 0.035 0.07664233576642336
2 0.47625 0.3813868613138686 0.0375 0.08394160583941605
2 0.01625 0.3777372262773723 0.0275 0.06204379562043796
