0 0.235 0.815 0.07666666666666666 0.285
0 0.011666666666666667 0.57625 0.023333333333333334 0.1575
0 0.0375 0.6325 0.045 0.165
0 0.058333333333333334 0.56625 0.03666666666666667 0.1325
0 0.13333333333333333 0.61125 0.043333333333333335 0.1575
0 0.15166666666666667 0.68375 0.05333333333333334 0.2025
0 0.215 0.59 0.03666666666666667 0.14
0 0.275 0.65375 0.05 0.1925
0 0.44916666666666666 0.7375 0.06166666666666667 0.225
0 0.5383333333333333 0.77875 0.07666666666666666 0.2825
0 0.62 0.66375 0.043333333333333335 0.1675
0 0.6591666666666667 0.64 0.041666666666666664 0.155
0 0.715 0.61875 0.04 0.1525
0 0.7591666666666667 0.5975 0.03833333333333333 0.14
0 0.8 0.7675 0.07 0.255
0 0.865 0.72625 0.056666666666666664 0.2075
0 0.9041666666666667 0.685 0.04833333333333333 0.18
0 0.9391666666666667 0.66125 0.051666666666666666 0.1875
0 0.9616666666666667 0.6425 0.03666666666666667 0.14
0 0.9841666666666666 0.62625 0.03166666666666667 0.1425
0 0.8358333333333333 0.56625 0.035 0.1275
0 0.8191666666666667 0.575 0.03166666666666667 0.12
0 0.7925 0.5775 0.035 0.135
0 0.38083333333333336 0.62875 0.045 0.1675
0 0.345 0.5675 0.03333333333333333 0.13
0 0.4041666666666667 0.55125 0.035 0.1325
0 0.09083333333333334 0.56375 0.035 0.1275
0 0.16333333333333333 0.57875 0.03666666666666667 0.1425
0 0.19333333333333333 0.57875 0.03333333333333333 0.1275
0 0.29833333333333334 0.5775 0.04 0.15
0 0.4575 0.545 0.03166666666666667 0.125
0 0.5016666666666667 0.595 0.04 0.145
0 0.5533333333333333 0.68875 0.04666666666666667 0.1775
0 0.5475 0.5775 0.03166666666666667 0.115
0 0.5925 0.56625 0.03166666666666667 0.1225
0 0.6275 0.55375 0.028333333333333332 0.1125
0 0.6383333333333333 0.49125 0.02 0.0775
0 0.32416666666666666 0.5125 0.025 0.095
0 0.2425 0.55375 0.028333333333333332 0.1125
0 0.5691666666666667 0.52375 0.025 0.0925
0 0.6158333333333333 0.5175 0.025 0.09
0 0.675 0.545 0.03 0.11
0 0.6991666666666667 0.53875 0.028333333333333332 0.1025
0 0.7241666666666666 0.56 0.03166666666666667 0.12
0 0.955 0.5125 0.023333333333333334 0.085
0 0.935 0.53125 0.02666666666666667 0.1025
0 0.9166666666666666 0.51625 0.023333333333333334 0.0925
0 0.9066666666666666 0.56125 0.03 0.1075
0 0.8841666666666667 0.53875 0.028333333333333332 0.1075
0 0.865 0.45125 0.013333333333333334 0.0525
0 0.9383333333333334 0.4375 0.01 0.04
0 0.95 0.4275 0.01 0.035
0 0.9583333333333334 0.43875 0.006666666666666667 0.0325
0 0.9033333333333333 0.4575 0.013333333333333334 0.055
0 0.7508333333333334 0.48125 0.011666666666666667 0.0475
0 0.7383333333333333 0.52375 0.023333333333333334 0.0875
0 0.27166666666666667 0.49125 0.016666666666666666 0.0625
0 0.30916666666666665 0.54125 0.035 0.1275
0 0.4691666666666667 0.5075 0.021666666666666667 0.085
0 0.48833333333333334 0.50625 0.02 0.0825
0 0.5291666666666667 0.5075 0.025 0.09
0 0.41333333333333333 0.53125 0.03 0.1125
0 0.68 0.47 0.013333333333333334 0.055
0 0.605 0.47375 0.013333333333333334 0.0575
2 0.8741666666666666 0.56375 0.021666666666666667 0.0725
2 0.21916666666666668 0.485 0.018333333333333333 0.04
2 0.2916666666666667 0.4925 0.016666666666666666 0.03
2 0.2966666666666667 0.47125 0.01 0.0325
2 0.09 0.42625 0.016666666666666666 0.0325
2 0.11583333333333333 0.415 0.018333333333333333 0.045
2 0.23916666666666667 0.48 0.015 0.025
2 0.1875 0.43375 0.011666666666666667 0.0275
2 0.04 0.4 0.013333333333333334 0.035
2 0.0475 0.39375 0.008333333333333333 0.0225
2 0.0575 0.41875 0.011666666666666667 0.0325
2 0.44916666666666666 0.46125 0.011666666666666667 0.0375
2 0.4875 0.445 0.021666666666666667 0.025
2 0.5441666666666667 0.47 0.008333333333333333 0.025
2 0.5866666666666667 0.465 0.01 0.03
2 0.6591666666666667 0.46125 0.011666666666666667 0.0275
2 0.7016666666666667 0.4675 0.016666666666666666 0.02
4 0.23916666666666667 0.4725 0.08166666666666667 0.075
4 0.4266666666666667 0.47625 0.10666666666666667 0.0475
4 0.5658333333333333 0.475 0.035 0.045
