0 0.9335714285714286 0.7036637931034483 0.04428571428571428 0.17025862068965517
0 0.8514285714285714 0.7068965517241379 0.04857142857142857 0.17672413793103448
0 0.8992857142857142 0.6627155172413793 0.024285714285714285 0.09267241379310345
0 0.7678571428571429 0.6821120689655172 0.047142857142857146 0.1788793103448276
0 0.72 0.7015086206896551 0.04 0.15301724137931033
0 0.6464285714285715 0.6907327586206896 0.041428571428571426 0.15301724137931033
0 0.6778571428571428 0.665948275862069 0.027142857142857142 0.09913793103448276
0 0.6135714285714285 0.6681034482758621 0.03571428571428571 0.13793103448275862
0 0.8164285714285714 0.6648706896551724 0.024285714285714285 0.08836206896551724
0 0.7971428571428572 0.6627155172413793 0.025714285714285714 0.09267241379310345
0 0.7464285714285714 0.6573275862068966 0.015714285714285715 0.06465517241379311
0 0.6635714285714286 0.6519396551724138 0.018571428571428572 0.07543103448275862
0 0.6942857142857143 0.6594827586206896 0.017142857142857144 0.06896551724137931
2 0.19428571428571428 0.38146551724137934 0.037142857142857144 0.0603448275862069
2 0.21428571428571427 0.38685344827586204 0.02857142857142857 0.04956896551724138
2 0.25357142857142856 0.3933189655172414 0.024285714285714285 0.0625
2 0.28785714285714287 0.3857758620689655 0.024285714285714285 0.05172413793103448
2 0.325 0.3793103448275862 0.03 0.06465517241379311
2 0.355 0.3771551724137931 0.02142857142857143 0.07758620689655173
2 0.3871428571428571 0.4073275862068966 0.022857142857142857 0.07758620689655173
2 0.4542857142857143 0.47521551724137934 0.037142857142857144 0.07112068965517242
2 0.4928571428571429 0.5064655172413793 0.025714285714285714 0.07758620689655173
2 0.5385714285714286 0.5495689655172413 0.03428571428571429 0.07758620689655173
2 0.6092857142857143 0.5851293103448276 0.018571428571428572 0.028017241379310345
