0 0.0927536231884058 0.6573170731707317 0.13333333333333333 0.5536585365853659
0 0.19130434782608696 0.651219512195122 0.12173913043478261 0.5024390243902439
0 0.27246376811594203 0.6353658536585366 0.1246376811594203 0.5097560975609756
0 0.3536231884057971 0.6414634146341464 0.12753623188405797 0.5317073170731708
0 0.4514492753623188 0.6439024390243903 0.12318840579710146 0.5121951219512195
0 0.5420289855072464 0.651219512195122 0.12173913043478261 0.4975609756097561
0 0.6347826086956522 0.651219512195122 0.12173913043478261 0.5024390243902439
0 0.7282608695652174 0.6536585365853659 0.1289855072463768 0.5317073170731708
0 0.8326086956521739 0.6463414634146342 0.1318840579710145 0.5463414634146342
0 0.9101449275362319 0.65 0.13333333333333333 0.5536585365853659
