0 0.39916666666666667 0.45363408521303256 0.10833333333333334 0.40601503759398494
0 0.32166666666666666 0.36716791979949875 0.06 0.21804511278195488
0 0.44083333333333335 0.3558897243107769 0.051666666666666666 0.19047619047619047
0 0.49333333333333335 0.3308270676691729 0.03666666666666667 0.14035087719298245
0 0.4741666666666667 0.32957393483709274 0.035 0.13283208020050125
0 0.5375 0.3208020050125313 0.025 0.10025062656641603
0 0.5566666666666666 0.31203007518796994 0.03 0.10776942355889724
0 0.6241666666666666 0.3508771929824561 0.035 0.13032581453634084
0 0.65 0.3483709273182957 0.03666666666666667 0.14035087719298245
0 0.76 0.3157894736842105 0.02 0.07518796992481203
0 0.7891666666666667 0.3333333333333333 0.011666666666666667 0.045112781954887216
0 0.7975 0.32205513784461154 0.018333333333333333 0.06766917293233082
0 0.7691666666666667 0.3208020050125313 0.018333333333333333 0.07017543859649122
1 0.8633333333333333 0.3057644110275689 0.016666666666666666 0.06516290726817042
2 0.8075 0.2907268170426065 0.008333333333333333 0.03007518796992481
