0 0.6825539568345323 0.40843023255813954 0.06474820143884892 0.5203488372093024
0 0.7576438848920863 0.34011627906976744 0.06025179856115108 0.48255813953488375
0 0.7985611510791367 0.3706395348837209 0.052158273381294966 0.42151162790697677
0 0.8264388489208633 0.25726744186046513 0.05575539568345324 0.438953488372093
0 0.8723021582733813 0.29941860465116277 0.06474820143884892 0.5116279069767442
0 0.9100719424460432 0.24854651162790697 0.06115107913669065 0.48546511627906974
0 0.9276079136690647 0.3546511627906977 0.07464028776978417 0.5988372093023255
0 0.9761690647482014 0.31540697674418605 0.047661870503597124 0.5261627906976745
2 0.17715827338129497 0.5566860465116279 0.1618705035971223 0.4331395348837209
2 0.21627697841726617 0.22529069767441862 0.20233812949640287 0.45058139534883723
2 0.36285971223021585 0.498546511627907 0.02787769784172662 0.1308139534883721
2 0.3439748201438849 0.42296511627906974 0.013489208633093525 0.09011627906976744
2 0.42805755395683454 0.5552325581395349 0.019784172661870502 0.18604651162790697
2 0.41097122302158273 0.498546511627907 0.012589928057553957 0.09011627906976744
2 0.4658273381294964 0.6002906976744186 0.02158273381294964 0.15406976744186046
2 0.4851618705035971 0.625 0.0170863309352518 0.11627906976744186
2 0.5107913669064749 0.6511627906976745 0.014388489208633094 0.10465116279069768
