0 0.045454545454545456 0.503030303030303 0.08 0.32727272727272727
0 0.22818181818181818 0.546969696969697 0.07454545454545454 0.30606060606060603
0 0.3372727272727273 0.4954545454545455 0.0890909090909091 0.3606060606060606
0 0.30454545454545456 0.49696969696969695 0.08181818181818182 0.3393939393939394
0 0.40454545454545454 0.6651515151515152 0.14363636363636365 0.5848484848484848
0 0.5118181818181818 0.5606060606060606 0.12181818181818181 0.503030303030303
0 0.5818181818181818 0.48484848484848486 0.09818181818181818 0.40606060606060607
0 0.600909090909091 0.5818181818181818 0.0890909090909091 0.36363636363636365
0 0.6445454545454545 0.5348484848484848 0.0890909090909091 0.3606060606060606
0 0.7272727272727273 0.6439393939393939 0.16727272727272727 0.6818181818181818
0 0.8527272727272728 0.5575757575757576 0.12363636363636364 0.503030303030303
0 0.9363636363636364 0.6136363636363636 0.12727272727272726 0.5727272727272728
0 0.2081818181818182 0.46060606060606063 0.06 0.24242424242424243
0 0.11545454545454545 0.43636363636363634 0.045454545454545456 0.18181818181818182
0 0.17545454545454545 0.4196969696969697 0.03090909090909091 0.13636363636363635
0 0.09181818181818181 0.42272727272727273 0.038181818181818185 0.15454545454545454
0 0.27636363636363637 0.44242424242424244 0.04727272727272727 0.2
2 0.639090909090909 0.35454545454545455 0.038181818181818185 0.09090909090909091
2 0.48727272727272725 0.34393939393939393 0.025454545454545455 0.07575757575757576
2 0.44727272727272727 0.37575757575757573 0.04727272727272727 0.08484848484848485
2 0.36 0.35454545454545455 0.02909090909090909 0.09090909090909091
4 0.2818181818181818 0.33484848484848484 0.3018181818181818 0.03939393939393939
