0 0.15462962962962962 0.6197530864197531 0.10185185185185185 0.3358024691358025
0 0.18518518518518517 0.6049382716049383 0.09259259259259259 0.3012345679012346
0 0.2722222222222222 0.6308641975308642 0.12222222222222222 0.39753086419753086
0 0.33055555555555555 0.6777777777777778 0.1425925925925926 0.4666666666666667
0 0.40555555555555556 0.6617283950617284 0.1111111111111111 0.36049382716049383
0 0.4888888888888889 0.6358024691358025 0.12222222222222222 0.39753086419753086
0 0.5527777777777778 0.6851851851851852 0.11666666666666667 0.38765432098765434
0 0.7212962962962963 0.6975308641975309 0.1537037037037037 0.5061728395061729
2 0.37777777777777777 0.47530864197530864 0.037037037037037035 0.09135802469135802
2 0.6166666666666667 0.5790123456790124 0.03333333333333333 0.08641975308641975
2 0.6555555555555556 0.6197530864197531 0.02962962962962963 0.08888888888888889
2 0.8305555555555556 0.5246913580246914 0.05740740740740741 0.09135802469135802
2 0.8712962962962963 0.7049382716049383 0.06851851851851852 0.254320987654321
2 0.7759259259259259 0.5851851851851851 0.03333333333333333 0.05925925925925926
2 0.8157407407407408 0.6135802469135803 0.03518518518518519 0.06666666666666667
2 0.9388888888888889 0.6123456790123457 0.04814814814814815 0.11851851851851852
