0 0.038125 0.6174242424242424 0.03125 0.11363636363636363
0 0.08875 0.5767045454545454 0.04 0.1534090909090909
0 0.015 0.5795454545454546 0.03 0.17803030303030304
0 0.133125 0.6193181818181818 0.08625 0.3181818181818182
0 0.175625 0.6164772727272727 0.06375 0.23674242424242425
0 0.20625 0.6003787878787878 0.0575 0.21212121212121213
0 0.2225 0.5965909090909091 0.05 0.1893939393939394
0 0.238125 0.5776515151515151 0.05125 0.1893939393939394
0 0.353125 0.6325757575757576 0.07625 0.2803030303030303
0 0.559375 0.6401515151515151 0.06375 0.24242424242424243
0 0.5275 0.6231060606060606 0.0625 0.23106060606060605
0 0.500625 0.5956439393939394 0.05125 0.19128787878787878
0 0.625 0.6070075757575758 0.0475 0.17992424242424243
0 0.651875 0.6117424242424242 0.04875 0.1856060606060606
0 0.67875 0.6183712121212122 0.0625 0.22916666666666666
0 0.715 0.6410984848484849 0.0675 0.2518939393939394
0 0.74625 0.6013257575757576 0.05 0.18371212121212122
0 0.7825 0.6240530303030303 0.05 0.18371212121212122
0 0.845 0.7395833333333334 0.1225 0.4564393939393939
0 0.891875 0.6439393939393939 0.06375 0.24242424242424243
0 0.9225 0.6221590909090909 0.055 0.20643939393939395
0 0.98125 0.6193181818181818 0.0375 0.20833333333333334
