0 0.07777777777777778 0.32166666666666666 0.08888888888888889 0.33
0 0.15666666666666668 0.34833333333333333 0.1 0.36333333333333334
0 0.23777777777777778 0.38333333333333336 0.12 0.44666666666666666
0 0.42 0.34 0.07555555555555556 0.2733333333333333
0 0.5033333333333333 0.34833333333333333 0.09111111111111111 0.33666666666666667
0 0.6266666666666667 0.49666666666666665 0.14222222222222222 0.52
0 0.86 0.37833333333333335 0.08888888888888889 0.33
0 0.9455555555555556 0.455 0.10888888888888888 0.45
0 0.7822222222222223 0.3383333333333333 0.06222222222222222 0.23666666666666666
0 0.7188888888888889 0.35 0.08222222222222222 0.30666666666666664
0 0.6088888888888889 0.335 0.07111111111111111 0.2633333333333333
