0 0.1457142857142857 0.6645161290322581 0.05714285714285714 0.21505376344086022
0 0.19357142857142856 0.6806451612903226 0.06142857142857143 0.23010752688172043
0 0.2985714285714286 0.7236559139784946 0.07142857142857142 0.2645161290322581
0 0.3657142857142857 0.7397849462365591 0.08 0.2924731182795699
0 0.45 0.6376344086021506 0.05714285714285714 0.2129032258064516
0 0.49857142857142855 0.6602150537634408 0.06 0.22795698924731184
0 0.6 0.6849462365591398 0.06285714285714286 0.23010752688172043
0 0.69 0.7043010752688172 0.07142857142857142 0.2645161290322581
0 0.3628571428571429 0.5172043010752688 0.03142857142857143 0.11397849462365592
0 0.11785714285714285 0.5193548387096775 0.03 0.11827956989247312
0 0.13357142857142856 0.5096774193548387 0.03 0.11612903225806452
0 0.3871428571428571 0.46559139784946235 0.022857142857142857 0.08387096774193549
0 0.41285714285714287 0.45806451612903226 0.025714285714285714 0.0989247311827957
0 0.375 0.44086021505376344 0.02142857142857143 0.08172043010752689
0 0.5542857142857143 0.46881720430107526 0.025714285714285714 0.09462365591397849
0 0.5778571428571428 0.4666666666666667 0.02142857142857143 0.08172043010752689
0 0.10071428571428571 0.4698924731182796 0.018571428571428572 0.06666666666666667
0 0.08928571428571429 0.4731182795698925 0.012857142857142857 0.047311827956989246
0 0.07857142857142857 0.47634408602150535 0.014285714285714285 0.053763440860215055
0 0.615 0.4258064516129032 0.02142857142857143 0.07741935483870968
0 0.805 0.4290322580645161 0.018571428571428572 0.07096774193548387
0 0.845 0.4268817204301075 0.018571428571428572 0.07096774193548387
0 0.9178571428571428 0.43548387096774194 0.02142857142857143 0.08387096774193549
0 0.9507142857142857 0.4344086021505376 0.018571428571428572 0.07311827956989247
0 0.9657142857142857 0.410752688172043 0.017142857142857144 0.06881720430107527
0 0.9842857142857143 0.4064516129032258 0.02 0.07741935483870968
0 0.5914285714285714 0.432258064516129 0.014285714285714285 0.05161290322580645
2 0.78 0.38924731182795697 0.42857142857142855 0.07741935483870968
