0 0.5305555555555556 0.5643491124260355 0.21444444444444444 0.6997041420118343
0 0.14555555555555555 0.5007396449704142 0.18222222222222223 0.5961538461538461
0 0.6633333333333333 0.33210059171597633 0.035555555555555556 0.11686390532544379
0 0.30833333333333335 0.3757396449704142 0.06333333333333334 0.21005917159763313
0 0.8772222222222222 0.3128698224852071 0.03888888888888889 0.13165680473372782
0 0.915 0.3143491124260355 0.03888888888888889 0.1257396449704142
0 0.9488888888888889 0.3187869822485207 0.044444444444444446 0.14644970414201183
0 0.9605555555555556 0.3291420118343195 0.04777777777777778 0.15828402366863906
0 0.8511111111111112 0.3150887573964497 0.035555555555555556 0.11538461538461539
0 0.8333333333333334 0.30547337278106507 0.02666666666666667 0.09023668639053255
0 0.8105555555555556 0.3121301775147929 0.023333333333333334 0.07692307692307693
0 0.7983333333333333 0.3069526627218935 0.025555555555555557 0.08727810650887574
0 0.6316666666666667 0.3113905325443787 0.025555555555555557 0.08727810650887574
0 0.4022222222222222 0.34911242603550297 0.03777777777777778 0.1242603550295858
0 0.43444444444444447 0.33875739644970415 0.03777777777777778 0.12130177514792899
0 0.27444444444444444 0.3735207100591716 0.06444444444444444 0.21153846153846154
0 0.6011111111111112 0.2958579881656805 0.015555555555555555 0.05325443786982249
0 0.5877777777777777 0.3113905325443787 0.017777777777777778 0.057692307692307696
0 0.7061111111111111 0.30177514792899407 0.016666666666666666 0.05621301775147929
0 0.7183333333333334 0.2988165680473373 0.016666666666666666 0.05621301775147929
0 0.73 0.2988165680473373 0.017777777777777778 0.05917159763313609
0 0.7433333333333333 0.3032544378698225 0.017777777777777778 0.05917159763313609
0 0.7572222222222222 0.3010355029585799 0.021111111111111112 0.0695266272189349
0 0.7677777777777778 0.30177514792899407 0.017777777777777778 0.05917159763313609
0 0.78 0.30547337278106507 0.022222222222222223 0.07544378698224852
0 0.6866666666666666 0.30177514792899407 0.015555555555555555 0.05325443786982249
2 0.03 0.3062130177514793 0.03111111111111111 0.07100591715976332
2 0.055 0.4859467455621302 0.03222222222222222 0.10207100591715976
2 0.2477777777777778 0.4349112426035503 0.03333333333333333 0.07988165680473373
2 0.19833333333333333 0.4415680473372781 0.03222222222222222 0.06656804733727811
2 0.2011111111111111 0.3128698224852071 0.02666666666666667 0.03698224852071006
2 0.355 0.28476331360946744 0.016666666666666666 0.03106508875739645
2 0.3372222222222222 0.3150887573964497 0.025555555555555557 0.047337278106508875
2 0.375 0.39644970414201186 0.021111111111111112 0.0650887573964497
2 0.9816666666666667 0.2625739644970414 0.023333333333333334 0.06360946745562131
2 0.23444444444444446 0.3631656804733728 0.022222222222222223 0.04585798816568047
2 0.22666666666666666 0.3099112426035503 0.017777777777777778 0.03698224852071006
2 0.2477777777777778 0.30177514792899407 0.017777777777777778 0.038461538461538464
2 0.37166666666666665 0.33210059171597633 0.01888888888888889 0.03106508875739645
2 0.4083333333333333 0.2995562130177515 0.0077777777777777776 0.02514792899408284
2 0.4161111111111111 0.3254437869822485 0.012222222222222223 0.026627218934911243
2 0.44 0.29511834319526625 0.008888888888888889 0.034023668639053255
2 0.4483333333333333 0.28994082840236685 0.0077777777777777776 0.023668639053254437
2 0.41944444444444445 0.3727810650887574 0.016666666666666666 0.04142011834319527
2 0.44277777777777777 0.3624260355029586 0.016666666666666666 0.05325443786982249
2 0.5605555555555556 0.3062130177514793 0.014444444444444444 0.04437869822485207
2 0.8938888888888888 0.27218934911242604 0.014444444444444444 0.038461538461538464
2 0.8155555555555556 0.2781065088757396 0.006666666666666667 0.023668639053254437
