0 0.20221169036334913 0.769375 0.018957345971563982 0.03875
0 0.165086887835703 0.773125 0.011058451816745656 0.02375
0 0.1484992101105845 0.77125 0.01579778830963665 0.03
0 0.8720379146919431 0.5475 0.037914691943127965 0.0775
0 0.8570300157977883 0.541875 0.036334913112164295 0.07375
0 0.6927330173775671 0.545 0.045813586097946286 0.0925
0 0.6966824644549763 0.53125 0.01263823064770932 0.0275
0 0.8151658767772512 0.193125 0.04107424960505529 0.07875
0 0.8451816745655608 0.188125 0.05055292259083728 0.09875
0 0.8949447077409163 0.185625 0.03317535545023697 0.06875
0 0.8751974723538705 0.1875 0.037914691943127965 0.0725
0 0.4107424960505529 0.50375 0.04107424960505529 0.0825
0 0.2843601895734597 0.5125 0.053712480252764615 0.105
0 0.25039494470774093 0.5075 0.05529225908372828 0.1075
2 0.5545023696682464 0.176875 0.08530805687203792 0.08875
2 0.24091627172195892 0.820625 0.06477093206951026 0.03875
2 0.2930489731437599 0.815 0.03949447077409163 0.0475
2 0.8649289099526066 0.1475 0.023696682464454975 0.0175
