0 0.06114130434782609 0.52491961414791 0.0625 0.27491961414790994
0 0.1381340579710145 0.4959807073954984 0.0625 0.27491961414790994
0 0.21014492753623187 0.5168810289389068 0.05615942028985507 0.2427652733118971
0 0.34193840579710144 0.4565916398713826 0.04800724637681159 0.21221864951768488
0 0.31567028985507245 0.4437299035369775 0.04800724637681159 0.21221864951768488
0 0.27943840579710144 0.4670418006430868 0.049818840579710144 0.2202572347266881
0 0.25 0.4541800643086817 0.04891304347826087 0.21382636655948553
0 0.22554347826086957 0.4477491961414791 0.04710144927536232 0.20418006430868169
0 0.2006340579710145 0.43488745980707394 0.04619565217391304 0.20096463022508038
0 0.5244565217391305 0.5393890675241158 0.05434782608695652 0.2395498392282958
0 0.3854166666666667 0.5409967845659164 0.051630434782608696 0.2266881028938907
0 0.5996376811594203 0.44935691318327975 0.04891304347826087 0.2170418006430868
0 0.5788043478260869 0.4332797427652733 0.04710144927536232 0.20739549839228297
0 0.5407608695652174 0.4445337620578778 0.04891304347826087 0.21061093247588425
0 0.6358695652173914 0.4405144694533762 0.04710144927536232 0.2090032154340836
0 0.6680253623188406 0.42363344051446944 0.04800724637681159 0.21061093247588425
0 0.707427536231884 0.4115755627009646 0.04528985507246377 0.19935691318327975
0 0.7250905797101449 0.48311897106109325 0.057065217391304345 0.25241157556270094
0 0.7889492753623188 0.4678456591639871 0.06340579710144928 0.2797427652733119
0 0.8274456521739131 0.4887459807073955 0.058876811594202896 0.2572347266881029
2 0.38315217391304346 0.3987138263665595 0.02717391304347826 0.03215434083601286
2 0.3808876811594203 0.3545016077170418 0.019021739130434784 0.03054662379421222
2 0.5163043478260869 0.35932475884244375 0.036231884057971016 0.05305466237942122
2 0.5108695652173914 0.3987138263665595 0.02355072463768116 0.03858520900321544
2 0.7237318840579711 0.12942122186495178 0.034420289855072464 0.07877813504823152
2 0.2957427536231884 0.1985530546623794 0.024456521739130436 0.08842443729903537
2 0.1621376811594203 0.23713826366559485 0.019927536231884056 0.02090032154340836
2 0.15760869565217392 0.2829581993569132 0.021739130434782608 0.07395498392282958
2 0.12590579710144928 0.2942122186495177 0.014492753623188406 0.0707395498392283
2 0.10054347826086957 0.2853697749196141 0.014492753623188406 0.04340836012861737
2 0.08152173913043478 0.2869774919614148 0.012681159420289856 0.05305466237942122
2 0.04755434782608696 0.2829581993569132 0.020833333333333332 0.06109324758842444
2 0.057518115942028984 0.2427652733118971 0.020833333333333332 0.04501607717041801
2 0.022644927536231884 0.21784565916398713 0.016304347826086956 0.04340836012861737
2 0.025815217391304348 0.2692926045016077 0.01358695652173913 0.03697749196141479
2 0.09918478260869565 0.1197749196141479 0.015398550724637682 0.0594855305466238
2 0.16304347826086957 0.1229903536977492 0.016304347826086956 0.05305466237942122
2 0.1911231884057971 0.1189710610932476 0.02355072463768116 0.06430868167202572
2 0.28351449275362317 0.12057877813504823 0.021739130434782608 0.05466237942122187
2 0.31068840579710144 0.0860128617363344 0.014492753623188406 0.06270096463022508
2 0.32653985507246375 0.09003215434083602 0.015398550724637682 0.05466237942122187
2 0.27898550724637683 0.06591639871382636 0.014492753623188406 0.03215434083601286
2 0.26268115942028986 0.07556270096463022 0.014492753623188406 0.05787781350482315
2 0.09918478260869565 0.20819935691318328 0.020833333333333332 0.06913183279742766
2 0.14447463768115942 0.20418006430868169 0.024456521739130436 0.04823151125401929
2 0.3500905797101449 0.1310289389067524 0.015398550724637682 0.03697749196141479
2 0.3496376811594203 0.18167202572347266 0.016304347826086956 0.07717041800643087
2 0.32608695652173914 0.1864951768488746 0.021739130434782608 0.0707395498392283
2 0.3695652173913043 0.18167202572347266 0.021739130434782608 0.07717041800643087
2 0.3944746376811594 0.18006430868167203 0.024456521739130436 0.07717041800643087
2 0.4207427536231884 0.14389067524115756 0.017210144927536232 0.07234726688102894
2 0.4433876811594203 0.1487138263665595 0.017210144927536232 0.0819935691318328
2 0.47101449275362317 0.1720257234726688 0.019927536231884056 0.0707395498392283
2 0.49184782608695654 0.1302250803858521 0.014492753623188406 0.04823151125401929
2 0.5149456521739131 0.16881028938906753 0.019021739130434784 0.04823151125401929
2 0.5149456521739131 0.12620578778135047 0.01358695652173913 0.027331189710610933
2 0.5362318840579711 0.1310289389067524 0.014492753623188406 0.04019292604501608
2 0.5561594202898551 0.12057877813504823 0.018115942028985508 0.02572347266881029
2 0.5615942028985508 0.16881028938906753 0.018115942028985508 0.05144694533762058
2 0.5869565217391305 0.12861736334405144 0.012681159420289856 0.04823151125401929
2 0.6100543478260869 0.12540192926045016 0.019021739130434784 0.04823151125401929
2 0.6322463768115942 0.1197749196141479 0.018115942028985508 0.03697749196141479
2 0.6512681159420289 0.11495176848874598 0.012681159420289856 0.03054662379421222
2 0.6480978260869565 0.08038585209003216 0.015398550724637682 0.028938906752411574
2 0.6272644927536232 0.08360128617363344 0.01358695652173913 0.02572347266881029
2 0.6014492753623188 0.08118971061093247 0.010869565217391304 0.02090032154340836
2 0.5819746376811594 0.08279742765273312 0.015398550724637682 0.03376205787781351
2 0.6227355072463768 0.05305466237942122 0.017210144927536232 0.022508038585209004
2 0.5760869565217391 0.05064308681672026 0.016304347826086956 0.02090032154340836
2 0.463768115942029 0.09405144694533762 0.016304347826086956 0.03376205787781351
2 0.442481884057971 0.08520900321543408 0.01358695652173913 0.022508038585209004
2 0.41847826086956524 0.058681672025723476 0.012681159420289856 0.03697749196141479
2 0.4388586956521739 0.05305466237942122 0.01358695652173913 0.01929260450160772
2 0.46195652173913043 0.05787781350482315 0.012681159420289856 0.01929260450160772
2 0.5122282608695652 0.0635048231511254 0.017210144927536232 0.04019292604501608
2 0.53125 0.0594855305466238 0.01177536231884058 0.03215434083601286
2 0.5552536231884058 0.053858520900321546 0.012681159420289856 0.027331189710610933
2 0.5552536231884058 0.08762057877813505 0.012681159420289856 0.03376205787781351
2 0.5516304347826086 0.02491961414790997 0.019927536231884056 0.03054662379421222
2 0.5076992753623188 0.028938906752411574 0.015398550724637682 0.022508038585209004
2 0.5253623188405797 0.02572347266881029 0.009057971014492754 0.022508038585209004
2 0.4855072463768116 0.04742765273311897 0.021739130434782608 0.06270096463022508
2 0.32563405797101447 0.04180064308681672 0.015398550724637682 0.022508038585209004
2 0.3079710144927536 0.03376205787781351 0.012681159420289856 0.01929260450160772
2 0.26766304347826086 0.01527331189710611 0.017210144927536232 0.03054662379421222
2 0.16259057971014493 0.0297427652733119 0.01358695652173913 0.04662379421221865
2 0.182518115942029 0.017684887459807074 0.019021739130434784 0.03215434083601286
2 0.20516304347826086 0.02652733118971061 0.020833333333333332 0.04983922829581994
2 0.1911231884057971 0.06511254019292605 0.016304347826086956 0.024115755627009645
2 0.14492753623188406 0.027331189710610933 0.016304347826086956 0.04823151125401929
2 0.12047101449275362 0.03456591639871383 0.018115942028985508 0.04983922829581994
2 0.09963768115942029 0.03295819935691318 0.014492753623188406 0.05627009646302251
