0 0.09666666666666666 0.55 0.16666666666666666 0.62
0 0.23166666666666666 0.6275 0.17 0.625
0 0.3283333333333333 0.62 0.18333333333333332 0.67
0 0.3883333333333333 0.585 0.17 0.62
0 0.4583333333333333 0.5825 0.15666666666666668 0.585
0 0.5033333333333333 0.605 0.16666666666666666 0.62
0 0.6566666666666666 0.58 0.17333333333333334 0.64
0 0.8283333333333334 0.6325 0.19 0.695
0 0.9433333333333334 0.595 0.10666666666666667 0.4
0 0.7483333333333333 0.555 0.11 0.42
0 0.585 0.4725 0.09 0.325
0 0.575 0.445 0.09666666666666666 0.36
2 0.9566666666666667 0.3225 0.05333333333333334 0.155
2 0.7833333333333333 0.3375 0.03333333333333333 0.055
2 0.61 0.315 0.02 0.05
4 0.325 0.3 0.6233333333333333 0.18
