0 0.050666666666666665 0.6293333333333333 0.10133333333333333 0.5013333333333333
0 0.10733333333333334 0.624 0.092 0.4533333333333333
0 0.15933333333333333 0.6013333333333334 0.09733333333333333 0.47733333333333333
0 0.21533333333333332 0.624 0.092 0.45866666666666667
0 0.25533333333333336 0.608 0.092 0.45866666666666667
0 0.2886666666666667 0.6226666666666667 0.092 0.45066666666666666
0 0.316 0.6746666666666666 0.104 0.5066666666666667
0 0.3546666666666667 0.592 0.088 0.43733333333333335
0 0.3913333333333333 0.6586666666666666 0.09733333333333333 0.48
0 0.43 0.5853333333333334 0.084 0.41333333333333333
0 0.4786666666666667 0.672 0.09866666666666667 0.49066666666666664
0 0.5533333333333333 0.684 0.10133333333333333 0.49333333333333335
0 0.622 0.684 0.092 0.456
0 0.694 0.6653333333333333 0.108 0.5253333333333333
0 0.7593333333333333 0.6773333333333333 0.092 0.448
0 0.8133333333333334 0.6746666666666666 0.096 0.4693333333333333
0 0.8713333333333333 0.6573333333333333 0.09466666666666666 0.472
2 0.4866666666666667 0.412 0.037333333333333336 0.04533333333333334
2 0.554 0.39866666666666667 0.036 0.06133333333333333
2 0.6213333333333333 0.428 0.024 0.07733333333333334
2 0.65 0.432 0.03333333333333333 0.08533333333333333
2 0.7166666666666667 0.444 0.02 0.09866666666666667
2 0.7786666666666666 0.44 0.034666666666666665 0.096
