0 0.17777777777777778 0.565406976744186 0.06060606060606061 0.21220930232558138
0 0.20707070707070707 0.5988372093023255 0.06666666666666667 0.23255813953488372
0 0.2686868686868687 0.6148255813953488 0.08080808080808081 0.2819767441860465
0 0.33131313131313134 0.5755813953488372 0.05656565656565657 0.20348837209302326
0 0.37575757575757573 0.5857558139534884 0.06060606060606061 0.21220930232558138
0 0.46060606060606063 0.5973837209302325 0.07676767676767676 0.2761627906976744
0 0.5606060606060606 0.6191860465116279 0.08686868686868687 0.3023255813953488
0 0.6595959595959596 0.5625 0.05454545454545454 0.19476744186046513
0 0.5909090909090909 0.5581395348837209 0.04242424242424243 0.1569767441860465
0 0.6909090909090909 0.5508720930232558 0.044444444444444446 0.15406976744186046
0 0.7535353535353535 0.5712209302325582 0.05656565656565657 0.2005813953488372
0 0.7686868686868686 0.5552325581395349 0.03838383838383838 0.14534883720930233
0 0.8707070707070707 0.5726744186046512 0.052525252525252523 0.18604651162790697
0 0.898989898989899 0.5930232558139535 0.07272727272727272 0.2616279069767442
0 0.9202020202020202 0.5406976744186046 0.03434343434343434 0.12209302325581395
0 0.9404040404040404 0.5363372093023255 0.026262626262626262 0.10174418604651163
0 0.9565656565656566 0.5305232558139535 0.026262626262626262 0.10174418604651163
0 0.9777777777777777 0.5348837209302325 0.028282828282828285 0.11046511627906977
