0 0.13166666666666665 0.9363295880149812 0.016666666666666666 0.03495630461922597
0 0.1475 0.9363295880149812 0.018333333333333333 0.03495630461922597
0 0.16166666666666665 0.9357053682896379 0.02 0.04119850187265917
0 0.17583333333333334 0.9382022471910112 0.015 0.031210986267166042
0 0.20666666666666667 0.9413233458177278 0.023333333333333334 0.04244694132334582
0 0.23666666666666666 0.9469413233458177 0.023333333333333334 0.04369538077403246
0 0.27416666666666667 0.9600499375780275 0.035 0.06491885143570537
0 0.3075 0.9481897627965044 0.03166666666666667 0.05867665418227216
0 0.41833333333333333 0.9656679151061174 0.03333333333333333 0.06117353308364544
0 0.49666666666666665 0.9488139825218477 0.023333333333333334 0.04244694132334582
0 0.5091666666666667 0.9556803995006242 0.018333333333333333 0.03620474406991261
0 0.62 0.9469413233458177 0.02666666666666667 0.05118601747815231
0 0.6308333333333334 0.9444444444444444 0.028333333333333332 0.05118601747815231
0 0.6566666666666666 0.9431960049937578 0.02666666666666667 0.04868913857677903
0 0.6725 0.9431960049937578 0.028333333333333332 0.05118601747815231
0 0.019166666666666665 0.9550561797752809 0.03833333333333333 0.07240948813982521
0 0.0475 0.9538077403245943 0.035 0.06491885143570537
0 0.8891666666666667 0.9469413233458177 0.015 0.02871410736579276
0 0.07083333333333333 0.9213483146067416 0.008333333333333333 0.019975031210986267
0 0.08583333333333333 0.9219725343320849 0.011666666666666667 0.02122347066167291
1 0.3425 0.949438202247191 0.025 0.046192259675405745
2 0.46416666666666667 0.9481897627965044 0.015 0.018726591760299626
2 0.7075 0.9656679151061174 0.035 0.04868913857677903
2 0.7416666666666667 0.9438202247191011 0.03666666666666667 0.04244694132334582
2 0.9158333333333334 0.9606741573033708 0.018333333333333333 0.02122347066167291
2 0.04666666666666667 0.9588014981273408 0.023333333333333334 0.03495630461922597
