0 0.24727272727272728 0.5169491525423728 0.19272727272727272 0.6271186440677966
0 0.7772727272727272 0.5205811138014528 0.19818181818181818 0.648910411622276
0 0.8972727272727272 0.3644067796610169 0.04909090909090909 0.15738498789346247
0 0.9463636363636364 0.3668280871670702 0.05272727272727273 0.17675544794188863
0 0.5954545454545455 0.3668280871670702 0.05272727272727273 0.17191283292978207
0 0.49363636363636365 0.36077481840193704 0.05272727272727273 0.17433414043583534
0 0.39454545454545453 0.35351089588377727 0.05454545454545454 0.18401937046004843
0 0.3181818181818182 0.45278450363196127 0.16 0.5230024213075061
0 0.2863636363636364 0.48789346246973364 0.17636363636363636 0.5786924939467313
0 0.740909090909091 0.48789346246973364 0.18363636363636363 0.6029055690072639
0 0.71 0.4830508474576271 0.15818181818181817 0.5157384987893463
0 0.14363636363636365 0.3341404358353511 0.03636363636363636 0.12106537530266344
0 0.11545454545454545 0.3268765133171913 0.034545454545454546 0.12106537530266344
0 0.06545454545454546 0.3305084745762712 0.04 0.13317191283292978
0 0.045454545454545456 0.32082324455205813 0.05090909090909091 0.16707021791767554
0 0.014545454545454545 0.33171912832929784 0.02909090909090909 0.13075060532687652
4 0.18181818181818182 0.09564164648910412 0.31272727272727274 0.19128329297820823
4 0.6772727272727272 0.23849878934624696 0.6345454545454545 0.0847457627118644
