0 0.3655555555555556 0.5866666666666667 0.06666666666666667 0.12333333333333334
0 0.435 0.55 0.03888888888888889 0.07333333333333333
0 0.4711111111111111 0.5458333333333333 0.044444444444444446 0.08166666666666667
0 0.49944444444444447 0.58 0.07 0.12833333333333333
0 0.5572222222222222 0.5516666666666666 0.04555555555555556 0.08333333333333333
0 0.6611111111111111 0.55125 0.042222222222222223 0.07916666666666666
0 0.6944444444444444 0.5525 0.044444444444444446 0.08166666666666667
0 0.5988888888888889 0.53 0.02666666666666667 0.05
0 0.7216666666666667 0.5304166666666666 0.03 0.05416666666666667
0 0.7622222222222222 0.5325 0.022222222222222223 0.041666666666666664
0 0.2683333333333333 0.5316666666666666 0.025555555555555557 0.04666666666666667
0 0.29444444444444445 0.5266666666666666 0.017777777777777778 0.03333333333333333
0 0.5766666666666667 0.5166666666666667 0.013333333333333334 0.025
0 0.585 0.52 0.016666666666666666 0.03
2 0.6294444444444445 0.5216666666666666 0.01888888888888889 0.016666666666666666
4 0.35333333333333333 0.5083333333333333 0.21555555555555556 0.016666666666666666
