0 0.15566037735849056 0.4629156010230179 0.10377358490566038 0.34782608695652173
0 0.3905660377358491 0.46035805626598464 0.1018867924528302 0.3375959079283887
0 0.5226415094339623 0.46930946291560105 0.09811320754716982 0.3248081841432225
0 0.8660377358490566 0.4462915601023018 0.09433962264150944 0.3145780051150895
0 0.7556603773584906 0.38235294117647056 0.062264150943396226 0.2071611253196931
0 0.9641509433962264 0.41815856777493604 0.07169811320754717 0.24808184143222506
0 0.95 0.4143222506393862 0.06981132075471698 0.24040920716112532
0 0.660377358490566 0.39514066496163686 0.05660377358490566 0.1867007672634271
0 0.710377358490566 0.3836317135549872 0.05471698113207547 0.18925831202046037
0 0.8207547169811321 0.3772378516624041 0.06037735849056604 0.2020460358056266
0 0.7915094339622641 0.38491048593350385 0.05849056603773585 0.1918158567774936
0 0.7386792452830189 0.3797953964194373 0.05849056603773585 0.1969309462915601
0 0.6367924528301887 0.38235294117647056 0.05471698113207547 0.1815856777493606
0 0.6150943396226415 0.3900255754475703 0.052830188679245285 0.1815856777493606
0 0.6 0.3836317135549872 0.05660377358490566 0.18925831202046037
0 0.28867924528301886 0.41048593350383633 0.052830188679245285 0.1815856777493606
0 0.3141509433962264 0.40025575447570333 0.05471698113207547 0.1815856777493606
0 0.23679245283018868 0.4040920716112532 0.05471698113207547 0.18925831202046037
0 0.04622641509433962 0.4360613810741688 0.06981132075471698 0.23273657289002558
0 0.02169811320754717 0.4411764705882353 0.04339622641509434 0.25831202046035806
0 0.47830188679245284 0.3874680306905371 0.05471698113207547 0.1867007672634271
0 0.42924528301886794 0.3900255754475703 0.05471698113207547 0.1867007672634271
2 0.06886792452830189 0.3235294117647059 0.02830188679245283 0.0741687979539642
2 0.08584905660377358 0.30179028132992325 0.020754716981132074 0.03580562659846547
2 0.1169811320754717 0.3414322250639386 0.026415094339622643 0.04859335038363171
2 0.2018867924528302 0.3248081841432225 0.01509433962264151 0.04603580562659847
2 0.28962264150943395 0.2979539641943734 0.020754716981132074 0.023017902813299233
2 0.2650943396226415 0.3132992327365729 0.020754716981132074 0.03324808184143223
2 0.3264150943396226 0.2928388746803069 0.022641509433962263 0.03324808184143223
2 0.3660377358490566 0.2979539641943734 0.026415094339622643 0.043478260869565216
2 0.4556603773584906 0.30562659846547313 0.016981132075471698 0.03836317135549872
2 0.5622641509433962 0.3145780051150895 0.03018867924528302 0.06649616368286446
2 0.6650943396226415 0.289002557544757 0.020754716981132074 0.04092071611253197
2 0.6943396226415094 0.2979539641943734 0.018867924528301886 0.028132992327365727
2 0.7943396226415095 0.2749360613810742 0.018867924528301886 0.028132992327365727
2 0.8481132075471698 0.30434782608695654 0.016981132075471698 0.04603580562659847
2 0.9169811320754717 0.3069053708439898 0.03018867924528302 0.056265984654731455
4 0.9650943396226415 0.289002557544757 0.0509433962264151 0.056265984654731455
4 0.22830188679245284 0.2966751918158568 0.06792452830188679 0.04603580562659847
