0 0.16666666666666666 0.7422222222222222 0.1 0.3244444444444444
0 0.395 0.7411111111111112 0.08 0.26
0 0.365 0.7988888888888889 0.06 0.20222222222222222
0 0.78 0.67 0.05 0.1622222222222222
0 0.9141666666666667 0.6855555555555556 0.06166666666666667 0.20222222222222222
0 0.49 0.6622222222222223 0.04 0.1288888888888889
0 0.27416666666666667 0.6533333333333333 0.041666666666666664 0.14222222222222222
0 0.32 0.67 0.05 0.1711111111111111
0 0.445 0.6388888888888888 0.03 0.09555555555555556
0 0.6441666666666667 0.6666666666666666 0.045 0.14666666666666667
0 0.6816666666666666 0.6666666666666666 0.04 0.1288888888888889
2 0.050833333333333335 0.7933333333333333 0.10166666666666667 0.29777777777777775
2 0.205 0.6355555555555555 0.013333333333333334 0.05333333333333334
2 0.24 0.6355555555555555 0.02666666666666667 0.05333333333333334
2 0.5466666666666666 0.6544444444444445 0.03333333333333333 0.05555555555555555
2 0.5891666666666666 0.6066666666666667 0.018333333333333333 0.044444444444444446
2 0.5566666666666666 0.6055555555555555 0.016666666666666666 0.04666666666666667
2 0.5283333333333333 0.5988888888888889 0.013333333333333334 0.03777777777777778
2 0.6608333333333334 0.6044444444444445 0.015 0.04888888888888889
2 0.7325 0.5933333333333334 0.04833333333333333 0.044444444444444446
2 0.6858333333333333 0.59 0.015 0.028888888888888888
