0 0.035555555555555556 0.34171597633136097 0.05333333333333334 0.17455621301775148
0 0.08666666666666667 0.3343195266272189 0.06222222222222222 0.20118343195266272
0 0.14 0.34467455621301774 0.06666666666666667 0.21597633136094674
0 0.18222222222222223 0.34615384615384615 0.07555555555555556 0.2485207100591716
0 0.23444444444444446 0.34171597633136097 0.07333333333333333 0.23964497041420119
0 0.2833333333333333 0.3505917159763314 0.07333333333333333 0.2455621301775148
0 0.3488888888888889 0.35355029585798814 0.07555555555555556 0.2455621301775148
0 0.3211111111111111 0.33727810650887574 0.06888888888888889 0.23076923076923078
0 0.3788888888888889 0.33875739644970415 0.06444444444444444 0.21005917159763313
0 0.4088888888888889 0.34911242603550297 0.07111111111111111 0.23076923076923078
0 0.45555555555555555 0.34911242603550297 0.07111111111111111 0.23668639053254437
0 0.5077777777777778 0.35798816568047337 0.07333333333333333 0.23668639053254437
0 0.5444444444444444 0.33579881656804733 0.07111111111111111 0.23372781065088757
0 0.68 0.3831360946745562 0.057777777777777775 0.1863905325443787
0 0.7044444444444444 0.39349112426035504 0.044444444444444446 0.15384615384615385
0 0.7266666666666667 0.38461538461538464 0.04888888888888889 0.15976331360946747
0 0.7588888888888888 0.39201183431952663 0.042222222222222223 0.1390532544378698
0 0.8033333333333333 0.39644970414201186 0.04666666666666667 0.15976331360946747
0 0.9255555555555556 0.40384615384615385 0.04666666666666667 0.15088757396449703
0 0.9677777777777777 0.40976331360946744 0.042222222222222223 0.14497041420118342
0 0.034444444444444444 0.8535502958579881 0.042222222222222223 0.1390532544378698
0 0.07888888888888888 0.8505917159763313 0.03777777777777778 0.13313609467455623
0 0.1322222222222222 0.8505917159763313 0.042222222222222223 0.14497041420118342
0 0.16777777777777778 0.8461538461538461 0.042222222222222223 0.14201183431952663
0 0.2111111111111111 0.8431952662721893 0.044444444444444446 0.14792899408284024
0 0.2511111111111111 0.8446745562130178 0.04 0.1390532544378698
0 0.2922222222222222 0.8476331360946746 0.042222222222222223 0.1390532544378698
0 0.19555555555555557 0.8594674556213018 0.035555555555555556 0.11538461538461539
0 0.3655555555555556 0.8150887573964497 0.042222222222222223 0.14497041420118342
0 0.3988888888888889 0.8165680473372781 0.051111111111111114 0.16568047337278108
0 0.4311111111111111 0.8195266272189349 0.05333333333333334 0.17159763313609466
0 0.4666666666666667 0.8136094674556213 0.04888888888888889 0.15976331360946747
0 0.4855555555555556 0.8165680473372781 0.042222222222222223 0.14792899408284024
0 0.5077777777777778 0.8269230769230769 0.04666666666666667 0.15680473372781065
0 0.5277777777777778 0.8076923076923077 0.042222222222222223 0.13609467455621302
0 0.55 0.8239644970414202 0.04666666666666667 0.16272189349112426
0 0.5855555555555556 0.8165680473372781 0.042222222222222223 0.14792899408284024
0 0.6077777777777778 0.8239644970414202 0.04666666666666667 0.15680473372781065
0 0.64 0.8091715976331361 0.04888888888888889 0.15680473372781065
0 0.74 0.8328402366863905 0.04 0.13313609467455623
0 0.7566666666666667 0.8372781065088757 0.042222222222222223 0.14201183431952663
2 0.8266666666666667 0.4230769230769231 0.035555555555555556 0.11834319526627218
2 0.8677777777777778 0.4245562130177515 0.03333333333333333 0.12130177514792899
2 0.8955555555555555 0.4230769230769231 0.03111111111111111 0.1301775147928994
2 0.8988888888888888 0.33875739644970415 0.028888888888888888 0.03254437869822485
2 0.8755555555555555 0.33579881656804733 0.013333333333333334 0.03254437869822485
2 0.8611111111111112 0.34615384615384615 0.024444444444444446 0.04142011834319527
2 0.8233333333333334 0.34023668639053256 0.011111111111111112 0.04142011834319527
2 0.8422222222222222 0.3328402366863905 0.013333333333333334 0.03254437869822485
2 0.7888888888888889 0.8372781065088757 0.022222222222222223 0.08284023668639054
2 0.8077777777777778 0.834319526627219 0.024444444444444446 0.09467455621301775
2 0.8555555555555555 0.8476331360946746 0.035555555555555556 0.07396449704142012
2 0.8877777777777778 0.8446745562130178 0.03777777777777778 0.08579881656804733
2 0.9033333333333333 0.8224852071005917 0.02 0.0650887573964497
2 0.8955555555555555 0.7795857988165681 0.022222222222222223 0.03254437869822485
2 0.7677777777777778 0.7707100591715976 0.024444444444444446 0.020710059171597635
2 0.7977777777777778 0.7795857988165681 0.013333333333333334 0.03254437869822485
2 0.8144444444444444 0.772189349112426 0.015555555555555555 0.03550295857988166
2 0.8344444444444444 0.7781065088757396 0.011111111111111112 0.03550295857988166
2 0.8488888888888889 0.7825443786982249 0.013333333333333334 0.03254437869822485
