0 0.06375 0.6855555555555556 0.0225 0.07333333333333333
0 0.08083333333333333 0.7016666666666667 0.021666666666666667 0.07
0 0.2654166666666667 0.7638888888888888 0.04083333333333333 0.13444444444444445
0 0.285 0.7677777777777778 0.041666666666666664 0.13555555555555557
0 0.23958333333333334 0.6622222222222223 0.0175 0.06
0 0.2916666666666667 0.6477777777777778 0.016666666666666666 0.05555555555555555
0 0.4795833333333333 0.7733333333333333 0.04583333333333333 0.14888888888888888
0 0.5020833333333333 0.7688888888888888 0.04083333333333333 0.13333333333333333
0 0.56 0.775 0.045 0.14555555555555555
0 0.6566666666666666 0.7661111111111111 0.035 0.11444444444444445
0 0.6770833333333334 0.7705555555555555 0.0375 0.12111111111111111
0 0.5916666666666667 0.6511111111111111 0.016666666666666666 0.05333333333333334
0 0.5645833333333333 0.6494444444444445 0.020833333333333332 0.07
0 0.5041666666666667 0.6594444444444445 0.018333333333333333 0.06111111111111111
0 0.47541666666666665 0.6455555555555555 0.015833333333333335 0.051111111111111114
0 0.64875 0.6422222222222222 0.014166666666666666 0.04666666666666667
0 0.7183333333333334 0.6433333333333333 0.008333333333333333 0.03111111111111111
0 0.745 0.6472222222222223 0.015 0.05
0 0.7775 0.6438888888888888 0.015 0.04777777777777778
0 0.7945833333333333 0.6444444444444445 0.015833333333333335 0.05333333333333334
0 0.8925 0.64 0.015 0.04888888888888889
0 0.8745833333333334 0.6416666666666667 0.015833333333333335 0.052222222222222225
0 0.86 0.64 0.011666666666666667 0.03777777777777778
0 0.8333333333333334 0.6461111111111111 0.011666666666666667 0.04111111111111111
0 0.8220833333333334 0.6427777777777778 0.0125 0.043333333333333335
0 0.80875 0.6444444444444445 0.014166666666666666 0.04666666666666667
0 0.6691666666666667 0.6472222222222223 0.011666666666666667 0.03888888888888889
0 0.68875 0.6394444444444445 0.0125 0.04111111111111111
0 0.70375 0.65 0.010833333333333334 0.035555555555555556
0 0.70125 0.7666666666666667 0.0325 0.10888888888888888
0 0.9266666666666666 0.635 0.015 0.05
0 0.90375 0.6383333333333333 0.010833333333333334 0.03888888888888889
0 0.9783333333333334 0.7461111111111111 0.043333333333333335 0.15444444444444444
0 0.5729166666666666 0.6461111111111111 0.014166666666666666 0.04555555555555556
0 0.5854166666666667 0.6438888888888888 0.0125 0.043333333333333335
0 0.6229166666666667 0.6433333333333333 0.0125 0.04
0 0.6170833333333333 0.6427777777777778 0.0125 0.04111111111111111
0 0.48333333333333334 0.6455555555555555 0.013333333333333334 0.04666666666666667
0 0.49625 0.655 0.019166666666666665 0.06555555555555556
0 0.5475 0.7283333333333334 0.03 0.09888888888888889
0 0.5729166666666666 0.7605555555555555 0.034166666666666665 0.11444444444444445
2 0.175 0.7905555555555556 0.04 0.15222222222222223
2 0.7258333333333333 0.7377777777777778 0.03333333333333333 0.057777777777777775
2 0.7745833333333333 0.7155555555555555 0.0275 0.03111111111111111
2 0.7995833333333333 0.7027777777777777 0.024166666666666666 0.04111111111111111
2 0.6920833333333334 0.7133333333333334 0.0175 0.04666666666666667
2 0.28833333333333333 0.6888888888888889 0.02 0.04666666666666667
