0 0.06789606035205364 0.5685785536159601 0.04526404023470243 0.16708229426433915
0 0.1672254819782062 0.5723192019950125 0.07460184409052809 0.2743142144638404
0 0.028499580888516344 0.577930174563591 0.028499580888516344 0.1059850374064838
0 0.3348700754400671 0.5511221945137157 0.1399832355406538 0.5112219451371571
0 0.38222967309304273 0.5486284289276808 0.18608549874266556 0.6783042394014963
0 0.510896898575021 0.4956359102244389 0.20368818105616093 0.7418952618453866
0 0.6395641240569991 0.5 0.24308466051969824 0.885286783042394
0 0.7770326906957251 0.486284289276808 0.26655490360435874 0.9675810473815462
0 0.9115674769488684 0.4925187032418953 0.1768650461022632 0.6483790523690773
0 0.2908633696563286 0.5586034912718204 0.11902766135792121 0.43640897755610975
0 0.2518860016764459 0.577930174563591 0.09304274937133278 0.33790523690773067
