0 0.09505208333333333 0.7074074074074074 0.050520833333333334 0.21851851851851853
0 0.15416666666666667 0.7111111111111111 0.046875 0.20555555555555555
0 0.22109375 0.7143518518518519 0.044270833333333336 0.19537037037037036
0 0.296875 0.7208333333333333 0.03958333333333333 0.1712962962962963
0 0.3411458333333333 0.7050925925925926 0.03333333333333333 0.14537037037037037
0 0.39010416666666664 0.7125 0.0375 0.16574074074074074
0 0.41744791666666664 0.712037037037037 0.0390625 0.17222222222222222
0 0.51328125 0.7212962962962963 0.04010416666666667 0.17407407407407408
0 0.5390625 0.7277777777777777 0.036458333333333336 0.15925925925925927
0 0.5765625 0.7231481481481481 0.03333333333333333 0.14629629629629629
0 0.6052083333333333 0.7388888888888889 0.04375 0.18888888888888888
0 0.62734375 0.7314814814814815 0.0359375 0.15925925925925927
0 0.6692708333333334 0.7384259259259259 0.04479166666666667 0.19722222222222222
0 0.72890625 0.7388888888888889 0.0484375 0.20925925925925926
