1 0.12613636363636363 0.5955631399317406 0.12045454545454545 0.4402730375426621
1 0.2590909090909091 0.5733788395904437 0.10454545454545454 0.3822525597269625
1 0.17954545454545454 0.5597269624573379 0.08636363636363636 0.32764505119453924
1 0.37272727272727274 0.5511945392491467 0.07727272727272727 0.2901023890784983
1 0.4556818181818182 0.5631399317406144 0.08863636363636364 0.32764505119453924
1 0.5568181818181818 0.6075085324232082 0.1 0.36860068259385664
1 0.725 0.6023890784982935 0.12272727272727273 0.4539249146757679
1 0.7795454545454545 0.5972696245733788 0.08636363636363636 0.32081911262798635
1 0.8318181818181818 0.5563139931740614 0.07272727272727272 0.26621160409556316
1 0.975 0.5409556313993175 0.05 0.2696245733788396
1 0.8977272727272727 0.4726962457337884 0.031818181818181815 0.11945392491467577
1 0.875 0.45733788395904434 0.022727272727272728 0.08873720136518772
1 0.9409090909090909 0.47952218430034127 0.03636363636363636 0.13993174061433447
2 0.8602272727272727 0.44880546075085326 0.029545454545454545 0.07167235494880546
2 0.8045454545454546 0.4300341296928328 0.02727272727272727 0.034129692832764506
