0 0.16230769230769232 0.5645491803278688 0.10923076923076923 0.36270491803278687
0 0.20076923076923076 0.5409836065573771 0.12461538461538461 0.4098360655737705
0 0.28692307692307695 0.6372950819672131 0.10923076923076923 0.35655737704918034
0 0.4153846153846154 0.6086065573770492 0.1076923076923077 0.3524590163934426
0 0.6146153846153846 0.5635245901639344 0.1 0.32786885245901637
0 0.9346153846153846 0.7284836065573771 0.13076923076923078 0.5020491803278688
0 0.9784615384615385 0.4262295081967213 0.03076923076923077 0.09836065573770492
0 0.8823076923076923 0.4395491803278688 0.03230769230769231 0.11270491803278689
0 0.8446153846153847 0.47950819672131145 0.052307692307692305 0.1721311475409836
0 0.7761538461538462 0.5389344262295082 0.06307692307692307 0.20901639344262296
0 0.7361538461538462 0.5676229508196722 0.07538461538461538 0.2459016393442623
0 0.4907692307692308 0.4959016393442623 0.06769230769230769 0.22131147540983606
0 0.5123076923076924 0.39344262295081966 0.033846153846153845 0.11065573770491803
0 0.08846153846153847 0.3801229508196721 0.04461538461538461 0.14959016393442623
0 0.027692307692307693 0.29815573770491804 0.055384615384615386 0.2766393442622951
2 0.35846153846153844 0.47540983606557374 0.024615384615384615 0.06967213114754098
2 0.3515384615384615 0.7079918032786885 0.12153846153846154 0.1987704918032787
2 0.2630769230769231 0.3862704918032787 0.033846153846153845 0.0471311475409836
2 0.25076923076923074 0.4713114754098361 0.015384615384615385 0.0942622950819672
2 0.5715384615384616 0.3975409836065574 0.02923076923076923 0.07377049180327869
2 0.6569230769230769 0.4036885245901639 0.055384615384615386 0.040983606557377046
2 0.76 0.3975409836065574 0.015384615384615385 0.040983606557377046
2 0.8 0.42725409836065575 0.03076923076923077 0.05122950819672131
2 0.8176923076923077 0.4487704918032787 0.026153846153846153 0.05737704918032787
2 0.9323076923076923 0.42725409836065575 0.036923076923076927 0.07172131147540983
2 0.813076923076923 0.367827868852459 0.02 0.05122950819672131
2 0.79 0.36065573770491804 0.013846153846153847 0.036885245901639344
2 0.7184615384615385 0.6260245901639344 0.046153846153846156 0.17418032786885246
2 0.6476923076923077 0.6065573770491803 0.052307692307692305 0.23770491803278687
2 0.4623076923076923 0.35860655737704916 0.038461538461538464 0.06147540983606557
2 0.4015384615384615 0.32581967213114754 0.027692307692307693 0.03278688524590164
2 0.38769230769230767 0.367827868852459 0.036923076923076927 0.0471311475409836
2 0.28384615384615386 0.33811475409836067 0.023076923076923078 0.06147540983606557
2 0.24 0.33709016393442626 0.012307692307692308 0.03483606557377049
2 0.15384615384615385 0.3125 0.03076923076923077 0.05122950819672131
2 0.11615384615384615 0.3422131147540984 0.013846153846153847 0.045081967213114756
