0 0.55 0.6112185686653772 0.22753623188405797 0.746615087040619
0 0.8876811594202898 0.42263056092843326 0.10579710144927536 0.35009671179883944
0 0.7108695652173913 0.3945841392649903 0.09130434782608696 0.30174081237911027
0 0.22028985507246376 0.5522243713733076 0.1565217391304348 0.5125725338491296
0 0.12753623188405797 0.5212765957446809 0.13043478260869565 0.43133462282398455
0 0.03768115942028986 0.534816247582205 0.07536231884057971 0.38878143133462284
0 0.34202898550724636 0.3965183752417795 0.06086956521739131 0.20502901353965183
0 0.43623188405797103 0.4032882011605416 0.06956521739130435 0.2263056092843327
0 0.2710144927536232 0.3984526112185687 0.05507246376811594 0.18181818181818182
0 0.6239130434782608 0.36266924564796904 0.06231884057971015 0.20696324951644102
0 0.6442028985507247 0.3849129593810445 0.04782608695652174 0.15473887814313347
0 0.6688405797101449 0.3578336557059961 0.059420289855072465 0.19729206963249515
0 0.8297101449275363 0.3646034816247582 0.07101449275362319 0.2379110251450677
0 0.7913043478260869 0.3617021276595745 0.06666666666666667 0.22437137330754353
0 0.9369565217391305 0.35880077369439073 0.07681159420289856 0.2495164410058027
0 0.9702898550724638 0.3539651837524178 0.059420289855072465 0.2553191489361702
0 0.3782608695652174 0.3829787234042553 0.04927536231884058 0.15860735009671179
0 0.4608695652173913 0.3733075435203095 0.04927536231884058 0.15860735009671179
0 0.3036231884057971 0.3849129593810445 0.04492753623188406 0.1470019342359768
0 0.40652173913043477 0.37620889748549324 0.050724637681159424 0.172147001934236
2 0.3992753623188406 0.27176015473887816 0.036231884057971016 0.04448742746615087
