0 0.0625 0.40625 0.125 0.5275
0 0.10583333333333333 0.38125 0.11833333333333333 0.4375
0 0.30666666666666664 0.37125 0.17 0.6225
0 0.3883333333333333 0.36125 0.11333333333333333 0.4225
0 0.445 0.32375 0.10333333333333333 0.3825
0 0.5341666666666667 0.33375 0.095 0.3475
0 0.595 0.32625 0.10333333333333333 0.3825
0 0.6391666666666667 0.31 0.115 0.43
0 0.8275 0.3725 0.13833333333333334 0.505
0 0.9375 0.40125 0.125 0.7275
0 0.9208333333333333 0.35875 0.13833333333333334 0.5125
0 0.88 0.1975 0.05333333333333334 0.2
0 0.7433333333333333 0.565 0.16 0.595
0 0.7358333333333333 0.41625 0.155 0.5675
0 0.2275 0.54125 0.23833333333333334 0.8725
0 0.7341666666666666 0.355 0.145 0.53
2 0.62 0.69 0.21 0.525
2 0.35083333333333333 0.435 0.15166666666666667 0.26
2 0.15666666666666668 0.2125 0.08666666666666667 0.19
2 0.3458333333333333 0.1425 0.058333333333333334 0.135
