0 0.47703703703703704 0.53 0.11555555555555555 0.2111111111111111
0 0.5170370370370371 0.5705555555555556 0.1274074074074074 0.23444444444444446
0 0.5881481481481482 0.5188888888888888 0.09777777777777778 0.17777777777777778
0 0.642962962962963 0.5338888888888889 0.13037037037037036 0.2411111111111111
0 0.6844444444444444 0.5277777777777778 0.1037037037037037 0.19333333333333333
0 0.7362962962962963 0.5183333333333333 0.08 0.15
0 0.7748148148148148 0.5022222222222222 0.07407407407407407 0.13777777777777778
0 0.3540740740740741 0.44055555555555553 0.02666666666666667 0.052222222222222225
0 0.32592592592592595 0.44555555555555554 0.02962962962962963 0.05333333333333334
1 0.40444444444444444 0.4711111111111111 0.047407407407407405 0.08666666666666667
1 0.8992592592592593 0.44222222222222224 0.02074074074074074 0.042222222222222223
4 0.9362962962962963 0.43666666666666665 0.03259259259259259 0.028888888888888888
