0 0.07734375 0.528125 0.0859375 0.28541666666666665
0 0.309375 0.5583333333333333 0.08125 0.26666666666666666
0 0.47890625 0.51875 0.0796875 0.2625
0 0.4296875 0.465625 0.071875 0.23541666666666666
0 0.40703125 0.39895833333333336 0.0671875 0.21875
0 0.6078125 0.49375 0.065625 0.2125
0 0.62421875 0.659375 0.0703125 0.23541666666666666
0 0.6640625 0.5854166666666667 0.059375 0.2
0 0.7046875 0.5708333333333333 0.071875 0.2375
0 0.80625 0.5447916666666667 0.065625 0.21875
0 0.76640625 0.49375 0.0640625 0.20833333333333334
0 0.9015625 0.4479166666666667 0.0625 0.20416666666666666
0 0.85234375 0.6708333333333333 0.0578125 0.1875
0 0.75703125 0.8447916666666667 0.0734375 0.23958333333333334
0 0.8859375 0.6052083333333333 0.059375 0.19375
0 0.9296875 0.6385416666666667 0.0625 0.20208333333333334
0 0.178125 0.478125 0.0625 0.20208333333333334
0 0.2484375 0.40625 0.06875 0.22916666666666666
0 0.3140625 0.36354166666666665 0.06875 0.22708333333333333
0 0.35390625 0.34270833333333334 0.0671875 0.21875
0 0.1453125 0.21770833333333334 0.0625 0.21041666666666667
0 0.06484375 0.40208333333333335 0.0578125 0.19583333333333333
0 0.040625 0.13541666666666666 0.0625 0.20416666666666666
0 0.29375 0.11666666666666667 0.053125 0.17083333333333334
0 0.69609375 0.278125 0.0546875 0.18125
0 0.73671875 0.33125 0.0671875 0.21666666666666667
0 0.80078125 0.3885416666666667 0.0546875 0.18541666666666667
0 0.89453125 0.35833333333333334 0.0578125 0.19166666666666668
0 0.88671875 0.2552083333333333 0.0515625 0.16875
0 0.81875 0.190625 0.05625 0.18125
0 0.725 0.18854166666666666 0.053125 0.17291666666666666
0 0.66328125 0.14375 0.0546875 0.17916666666666667
0 0.96171875 0.08020833333333334 0.0390625 0.12708333333333333
2 0.60703125 0.9354166666666667 0.1046875 0.10416666666666667
