0 0.09818181818181818 0.7991689750692521 0.09818181818181818 0.3739612188365651
0 0.23545454545454544 0.8102493074792244 0.09636363636363636 0.3573407202216066
0 0.39545454545454545 0.7853185595567868 0.1 0.3739612188365651
0 0.4690909090909091 0.7742382271468145 0.09818181818181818 0.3628808864265928
0 0.5581818181818182 0.7132963988919667 0.06909090909090909 0.25761772853185594
0 0.30818181818181817 0.7576177285318559 0.07454545454545454 0.2853185595567867
0 0.9690909090909091 0.7229916897506925 0.06181818181818182 0.2659279778393352
0 0.8963636363636364 0.6842105263157895 0.05090909090909091 0.1883656509695291
0 0.8490909090909091 0.6772853185595568 0.04727272727272727 0.18559556786703602
0 0.8209090909090909 0.6772853185595568 0.04909090909090909 0.18005540166204986
0 0.7963636363636364 0.6731301939058172 0.04 0.14958448753462603
0 0.7745454545454545 0.667590027700831 0.04363636363636364 0.16066481994459833
0 0.74 0.6648199445983379 0.03636363636363636 0.1440443213296399
0 0.7036363636363636 0.6565096952908587 0.03636363636363636 0.1329639889196676
0 0.68 0.6592797783933518 0.03272727272727273 0.12742382271468145
0 0.6536363636363637 0.6509695290858726 0.03090909090909091 0.11634349030470914
0 0.6281818181818182 0.6509695290858726 0.02727272727272727 0.11080332409972299
0 0.37636363636363634 0.7437673130193906 0.08 0.296398891966759
2 0.23 0.6440443213296398 0.08181818181818182 0.19667590027700832
