0 0.036 0.43172690763052207 0.036 0.17269076305220885
2 0.922 0.7530120481927711 0.06 0.37349397590361444
2 0.857 0.7128514056224899 0.098 0.3333333333333333
2 0.792 0.7108433734939759 0.076 0.2971887550200803
2 0.749 0.678714859437751 0.042 0.3132530120481928
2 0.709 0.6526104417670683 0.034 0.285140562248996
2 0.659 0.6445783132530121 0.038 0.3172690763052209
2 0.635 0.6485943775100401 0.05 0.3333333333333333
2 0.583 0.6305220883534136 0.05 0.2891566265060241
2 0.554 0.6124497991967871 0.048 0.26104417670682734
2 0.518 0.6024096385542169 0.04 0.26506024096385544
2 0.481 0.5943775100401606 0.05 0.24899598393574296
2 0.381 0.5662650602409639 0.046 0.20883534136546184
2 0.426 0.5381526104417671 0.04 0.20080321285140562
2 0.443 0.4759036144578313 0.03 0.10843373493975904
2 0.343 0.5542168674698795 0.046 0.21686746987951808
2 0.312 0.5341365461847389 0.044 0.1686746987951807
2 0.98 0.7108433734939759 0.032 0.36947791164658633
2 0.3 0.3714859437751004 0.028 0.05220883534136546
2 0.385 0.3634538152610442 0.034 0.06827309236947791
4 0.388 0.45180722891566266 0.3 0.13253012048192772
4 0.75 0.4357429718875502 0.492 0.18875502008032127
4 0.106 0.463855421686747 0.124 0.1646586345381526
