0 0.149375 0.5680933852140078 0.22125 0.8443579766536965
0 0.624375 0.585603112840467 0.21125 0.8015564202334631
0 0.37625 0.5369649805447471 0.135 0.5136186770428015
0 0.82 0.5603112840466926 0.1275 0.490272373540856
0 0.901875 0.5389105058365758 0.11625 0.4474708171206226
0 0.945625 0.5058365758754864 0.09875 0.3735408560311284
0 0.8175 0.7937743190661478 0.095 0.3657587548638132
0 0.42375 0.4464980544747082 0.06 0.22762645914396887
0 0.515625 0.4785992217898833 0.08125 0.3151750972762646
0 0.278125 0.4348249027237354 0.05625 0.2198443579766537
0 0.74625 0.4912451361867704 0.0875 0.33657587548638135
0 0.87125 0.45428015564202334 0.045 0.17315175097276264
0 0.97125 0.4717898832684825 0.0575 0.2237354085603113
0 0.779375 0.44455252918287935 0.03875 0.15369649805447472
0 0.765 0.4367704280155642 0.035 0.13813229571984437
0 0.460625 0.4143968871595331 0.02875 0.10894941634241245
0 0.215 0.4143968871595331 0.035 0.14007782101167315
0 0.245625 0.3978599221789883 0.02375 0.09533073929961089
0 0.979375 0.4591439688715953 0.04125 0.22178988326848248
2 0.0775 0.3035019455252918 0.11 0.16731517509727625
2 0.71 0.47470817120622566 0.03 0.10894941634241245
2 0.19625 0.3754863813229572 0.015 0.03501945525291829
2 0.446875 0.37937743190661477 0.01625 0.038910505836575876
2 0.475625 0.3667315175097276 0.01375 0.033073929961089495
2 0.484375 0.38229571984435795 0.02125 0.04085603112840467
2 0.476875 0.4474708171206226 0.02875 0.08171206225680934
2 0.848125 0.39202334630350194 0.02375 0.06031128404669261
