0 0.588 0.5797720797720798 0.228 0.7948717948717948
0 0.143 0.5811965811965812 0.19 0.6609686609686609
0 0.372 0.5569800569800569 0.14 0.48717948717948717
0 0.721 0.5541310541310541 0.162 0.5726495726495726
0 0.868 0.5470085470085471 0.128 0.4444444444444444
0 0.964 0.5441595441595442 0.072 0.33618233618233617
3 0.151 0.198005698005698 0.07 0.3732193732193732
3 0.245 0.1908831908831909 0.078 0.3475783475783476
3 0.389 0.23076923076923078 0.098 0.39316239316239315
3 0.543 0.2222222222222222 0.102 0.3817663817663818
3 0.643 0.19373219373219372 0.074 0.358974358974359
3 0.512 0.15242165242165243 0.076 0.28774928774928776
