0 0.15 0.6978260869565217 0.13 0.5608695652173913
0 0.35875 0.6673913043478261 0.1225 0.5173913043478261
0 0.57 0.6195652173913043 0.115 0.5
0 0.73625 0.5891304347826087 0.1075 0.45652173913043476
0 0.87625 0.5543478260869565 0.0925 0.39565217391304347
0 0.97125 0.45 0.0575 0.27391304347826084
0 0.93625 0.43478260869565216 0.0525 0.22608695652173913
0 0.64375 0.5369565217391304 0.0775 0.34347826086956523
0 0.4225 0.5 0.07 0.30434782608695654
0 0.12 0.5304347826086957 0.08 0.34782608695652173
0 0.81125 0.41739130434782606 0.0475 0.20869565217391303
0 0.85375 0.46956521739130436 0.0675 0.28695652173913044
0 0.285 0.48695652173913045 0.075 0.3217391304347826
0 0.02625 0.4434782608695652 0.0525 0.26956521739130435
0 0.20625 0.39565217391304347 0.0425 0.19130434782608696
0 0.24125 0.39565217391304347 0.0425 0.19130434782608696
0 0.50375 0.5521739130434783 0.0925 0.40869565217391307
0 0.61 0.4369565217391304 0.055 0.2391304347826087
0 0.46625 0.40217391304347827 0.0525 0.2391304347826087
