0 0.45390625 0.4028103044496487 0.2171875 0.8009367681498829
0 0.65234375 0.4707259953161593 0.1703125 0.6276346604215457
0 0.746875 0.5281030444964872 0.140625 0.5128805620608899
0 0.965625 0.607728337236534 0.06875 0.3161592505854801
0 0.92421875 0.6545667447306791 0.0578125 0.21311475409836064
0 0.8625 0.65807962529274 0.053125 0.20140515222482436
0 0.8265625 0.6639344262295082 0.053125 0.19437939110070257
0 0.17734375 0.5995316159250585 0.0671875 0.24824355971896955
0 0.28203125 0.6182669789227166 0.0609375 0.22950819672131148
0 0.34453125 0.5526932084309133 0.1046875 0.38875878220140514
0 0.4 0.6405152224824356 0.05625 0.20374707259953162
0 0.475 0.5655737704918032 0.090625 0.3395784543325527
0 0.596875 0.5889929742388759 0.090625 0.33489461358313816
0 0.11796875 0.6475409836065574 0.0328125 0.12412177985948478
0 0.18984375 0.6639344262295082 0.0234375 0.09133489461358314
0 0.23203125 0.6451990632318502 0.0359375 0.13348946135831383
0 0.05078125 0.6463700234192038 0.0234375 0.0936768149882904
0 0.01953125 0.6440281030444965 0.0265625 0.09836065573770492
0 0.0828125 0.6533957845433255 0.03125 0.11241217798594848
0 0.53515625 0.6615925058548009 0.0453125 0.17096018735362997
