0 0.28909090909090907 0.7167070217917676 0.05090909090909091 0.16464891041162227
0 0.33090909090909093 0.711864406779661 0.04727272727272727 0.15980629539951574
0 0.39545454545454545 0.7215496368038741 0.04909090909090909 0.15980629539951574
0 0.44 0.7179176755447942 0.05090909090909091 0.16707021791767554
0 0.4827272727272727 0.7215496368038741 0.05272727272727273 0.1694915254237288
0 0.519090909090909 0.7179176755447942 0.04909090909090909 0.16707021791767554
0 0.5636363636363636 0.7215496368038741 0.05090909090909091 0.1694915254237288
0 0.5863636363636363 0.7239709443099274 0.045454545454545456 0.1549636803874092
0 0.6036363636363636 0.7263922518159807 0.04727272727272727 0.15980629539951574
0 0.6236363636363637 0.7227602905569007 0.04727272727272727 0.15738498789346247
0 0.6781818181818182 0.7215496368038741 0.05090909090909091 0.1694915254237288
0 0.7218181818181818 0.7348668280871671 0.05090909090909091 0.16707021791767554
0 0.9618181818181818 0.8789346246973365 0.06545454545454546 0.2179176755447942
0 0.980909090909091 0.9043583535108959 0.038181818181818185 0.162227602905569
2 0.45636363636363636 0.6634382566585957 0.025454545454545455 0.05811138014527845
4 0.4490909090909091 0.9043583535108959 0.8872727272727273 0.15738498789346247
