0 0.04875 0.7138836772983115 0.0525 0.19324577861163228
0 0.166875 0.7288930581613509 0.06625 0.24202626641651032
0 0.26125 0.7485928705440901 0.065 0.2401500938086304
0 0.423125 0.7176360225140713 0.06375 0.23452157598499063
0 0.515625 0.7101313320825516 0.04875 0.18198874296435272
0 0.57 0.7448405253283302 0.075 0.28142589118198874
0 0.68125 0.7195121951219512 0.0625 0.23452157598499063
0 0.735625 0.6923076923076923 0.05375 0.1951219512195122
0 0.76875 0.7335834896810507 0.07 0.2626641651031895
0 0.8475 0.7148217636022514 0.0625 0.2326454033771107
0 0.99 0.6200750469043153 0.02 0.09568480300187618
0 0.96125 0.6191369606003753 0.025 0.09380863039399624
0 0.970625 0.5712945590994372 0.01875 0.06941838649155722
0 0.91125 0.6303939962476548 0.03 0.10881801125703565
0 0.888125 0.6144465290806754 0.02125 0.08442776735459662
0 0.7875 0.625703564727955 0.03 0.11069418386491557
0 0.640625 0.6472795497185742 0.03125 0.1125703564727955
0 0.60875 0.6397748592870544 0.025 0.09380863039399624
0 0.59625 0.6425891181988743 0.03 0.11444652908067542
0 0.455 0.6444652908067542 0.0275 0.10694183864915573
0 0.39375 0.6416510318949343 0.025 0.0975609756097561
0 0.359375 0.6435272045028143 0.02625 0.0975609756097561
0 0.345625 0.6360225140712945 0.01875 0.075046904315197
0 0.331875 0.6407129455909943 0.02375 0.09193245778611632
0 0.320625 0.6332082551594747 0.02125 0.07692307692307693
0 0.10125 0.6303939962476548 0.015 0.05628517823639775
0 0.090625 0.6322701688555347 0.01375 0.05628517823639775
0 0.138125 0.6294559099437148 0.01125 0.04690431519699812
0 0.146875 0.6285178236397748 0.01375 0.04878048780487805
0 0.155 0.6332082551594747 0.0175 0.06566604127579738
0 0.19625 0.6275797373358349 0.0125 0.04690431519699812
0 0.205 0.626641651031895 0.0125 0.04878048780487805
0 0.211875 0.6313320825515948 0.01125 0.04690431519699812
0 0.226875 0.6407129455909943 0.01875 0.06941838649155722
0 0.244375 0.6341463414634146 0.01875 0.0675422138836773
0 0.375625 0.6200750469043153 0.01375 0.05065666041275797
0 0.310625 0.625703564727955 0.01375 0.05065666041275797
0 0.471875 0.6303939962476548 0.02375 0.08630393996247655
0 0.490625 0.625703564727955 0.02375 0.08818011257035648
0 0.818125 0.6031894934333959 0.02125 0.07692307692307693
0 0.80375 0.6050656660412758 0.015 0.058161350844277676
0 0.70625 0.6163227016885553 0.025 0.09193245778611632
0 0.625 0.6238273921200751 0.025 0.09193245778611632
0 0.543125 0.624765478424015 0.02125 0.0825515947467167
1 0.06375 0.7307692307692307 0.0425 0.15572232645403378
1 0.17375 0.7457786116322702 0.0575 0.21200750469043153
1 0.283125 0.7711069418386491 0.05375 0.1951219512195122
1 0.43625 0.7298311444652908 0.0475 0.1801125703564728
1 0.5325 0.7223264540337712 0.0425 0.1575984990619137
1 0.601875 0.774859287054409 0.05625 0.20637898686679174
1 0.688125 0.7410881801125704 0.05375 0.19887429643527205
1 0.775625 0.7692307692307693 0.06125 0.22889305816135083
1 0.8625 0.7476547842401501 0.055 0.20075046904315197
2 0.3 0.6904315196998124 0.035 0.0900562851782364
2 0.275 0.6350844277673546 0.0275 0.043151969981238276
3 0.39125 0.25328330206378985 0.1925 0.04878048780487805
3 0.391875 0.2129455909943715 0.20125 0.04690431519699812
3 0.405 0.1848030018761726 0.1675 0.024390243902439025
4 0.235625 0.47842401500938087 0.46125 0.03377110694183865
4 0.73125 0.4699812382739212 0.5275 0.039399624765478425
4 0.890625 0.3827392120075047 0.21375 0.05628517823639775
4 0.31375 0.39399624765478425 0.625 0.0600375234521576
4 0.7175 0.40431519699812385 0.17 0.043151969981238276
