0 0.255625 0.76375 0.05375 0.0875
0 0.304375 0.7383333333333333 0.06875 0.11166666666666666
0 0.375625 0.7316666666666667 0.05875 0.09833333333333333
0 0.40375 0.7475 0.07 0.11333333333333333
0 0.40625 0.7070833333333333 0.055 0.08916666666666667
0 0.473125 0.7679166666666667 0.06875 0.1125
0 0.468125 0.7475 0.06625 0.11
0 0.548125 0.7483333333333333 0.06625 0.11
0 0.531875 0.6925 0.06125 0.1
0 0.615625 0.7183333333333334 0.06375 0.105
0 0.673125 0.7070833333333333 0.05625 0.0925
0 0.649375 0.6920833333333334 0.05125 0.08416666666666667
0 0.630625 0.6829166666666666 0.05125 0.08416666666666667
0 0.71875 0.64625 0.045 0.07416666666666667
0 0.754375 0.6275 0.04375 0.07333333333333333
0 0.784375 0.6416666666666667 0.04125 0.06666666666666667
0 0.890625 0.6404166666666666 0.04125 0.0675
0 0.906875 0.6095833333333334 0.03875 0.06583333333333333
0 0.934375 0.61625 0.03625 0.060833333333333336
0 0.96875 0.6179166666666667 0.0425 0.06916666666666667
2 0.188125 0.91125 0.10625 0.1025
2 0.704375 0.7225 0.06375 0.06666666666666667
2 0.83625 0.7325 0.1425 0.045
2 0.9875 0.61625 0.0225 0.025833333333333333
2 0.968125 0.5791666666666667 0.03125 0.021666666666666667
4 0.47875 0.4841666666666667 0.105 0.02666666666666667
4 0.69 0.48333333333333334 0.0925 0.028333333333333332
4 0.93375 0.485 0.1075 0.023333333333333334
4 0.968125 0.4379166666666667 0.04625 0.0175
4 0.75875 0.44208333333333333 0.02 0.010833333333333334
4 0.81625 0.48375 0.0725 0.029166666666666667
4 0.248125 0.48375 0.08625 0.014166666666666666
