0 0.18340380549682875 0.7862985685071575 0.03699788583509514 0.17791411042944785
0 0.19873150105708245 0.7760736196319018 0.035940803382663845 0.1738241308793456
0 0.21194503171247359 0.7730061349693251 0.03699788583509514 0.17995910020449898
0 0.2558139534883721 0.8425357873210634 0.040169133192389 0.19631901840490798
0 0.30021141649048627 0.84560327198364 0.042283298097251586 0.1983640081799591
0 0.32452431289640593 0.8190184049079755 0.03171247357293869 0.15337423312883436
0 0.36839323467230445 0.8139059304703476 0.024312896405919663 0.11860940695296524
0 0.46617336152219874 0.8251533742331288 0.03171247357293869 0.1574642126789366
0 0.4376321353065539 0.8128834355828221 0.03171247357293869 0.1574642126789366
0 0.4154334038054968 0.8179959100204499 0.02959830866807611 0.14314928425357873
0 0.39482029598308666 0.8353783231083844 0.022198731501057084 0.10429447852760736
0 0.3335095137420719 0.7719836400817995 0.03699788583509514 0.1738241308793456
0 0.27642706131078226 0.7842535787321063 0.03699788583509514 0.17791411042944785
0 0.23044397463002114 0.7832310838445807 0.035940803382663845 0.17177914110429449
0 0.24365750528541227 0.7719836400817995 0.03488372093023256 0.1656441717791411
0 0.2595137420718816 0.7678936605316974 0.03276955602536998 0.1574642126789366
0 0.3440803382663848 0.7648261758691206 0.03488372093023256 0.17177914110429449
0 0.4931289640591966 0.8159509202453987 0.03488372093023256 0.16768916155419222
0 0.5026427061310782 0.8271983640081799 0.0306553911205074 0.1492842535787321
0 0.5396405919661733 0.8220858895705522 0.02854122621564482 0.1390593047034765
0 0.5269556025369979 0.8210633946830266 0.02854122621564482 0.13701431492842536
0 0.5179704016913319 0.8220858895705522 0.02748414376321353 0.130879345603272
0 0.5406976744186046 0.7617586912065439 0.03276955602536998 0.15337423312883436
0 0.5655391120507399 0.7638036809815951 0.03171247357293869 0.15337423312883436
0 0.5898520084566596 0.8210633946830266 0.03805496828752643 0.18609406952965235
0 0.6046511627906976 0.8241308793456033 0.03382663847780127 0.16359918200409
0 0.6368921775898521 0.8210633946830266 0.02854122621564482 0.1411042944785276
0 0.653276955602537 0.8179959100204499 0.03171247357293869 0.1554192229038855
0 0.6680761099365751 0.8149284253578732 0.035940803382663845 0.16973415132924335
0 0.6913319238900634 0.8261758691206544 0.035940803382663845 0.16768916155419222
0 0.7029598308668076 0.8241308793456033 0.03382663847780127 0.16359918200409
0 0.7151162790697675 0.8139059304703476 0.03276955602536998 0.1554192229038855
0 0.7315010570824524 0.8190184049079755 0.03382663847780127 0.16155419222903886
0 0.7547568710359408 0.8087934560327198 0.035940803382663845 0.16973415132924335
0 0.7457716701902748 0.8220858895705522 0.0306553911205074 0.14314928425357873
0 0.7684989429175476 0.8282208588957055 0.03171247357293869 0.15132924335378323
0 0.7891120507399577 0.8425357873210634 0.0306553911205074 0.147239263803681
0 0.8054968287526427 0.8179959100204499 0.02959830866807611 0.14314928425357873
0 0.6284355179704016 0.754601226993865 0.0306553911205074 0.147239263803681
0 0.6152219873150105 0.7515337423312883 0.02748414376321353 0.12883435582822086
0 0.4571881606765328 0.7515337423312883 0.0306553911205074 0.14519427402862986
0 0.4550739957716702 0.8179959100204499 0.02854122621564482 0.13496932515337423
0 0.37420718816067655 0.7791411042944786 0.035940803382663845 0.17586912065439672
0 0.38266384778012685 0.7617586912065439 0.035940803382663845 0.1738241308793456
0 0.40274841437632136 0.7576687116564417 0.02748414376321353 0.1329243353783231
0 0.8155391120507399 0.8077709611451943 0.026427061310782242 0.130879345603272
0 0.8446088794926004 0.8047034764826176 0.02748414376321353 0.13701431492842536
0 0.8715644820295984 0.7975460122699386 0.02854122621564482 0.1390593047034765
0 0.8879492600422833 0.7975460122699386 0.02748414376321353 0.13496932515337423
0 0.9043340380549683 0.7985685071574642 0.02854122621564482 0.13701431492842536
0 0.9138477801268499 0.7995910020449898 0.024312896405919663 0.11860940695296524
0 0.9386892177589852 0.7955010224948875 0.02748414376321353 0.130879345603272
0 0.9693446088794926 0.7893660531697342 0.02748414376321353 0.13496932515337423
0 0.3356236786469345 0.803680981595092 0.0306553911205074 0.15132924335378323
2 0.28964059196617337 0.7668711656441718 0.021141649048625793 0.06952965235173825
2 0.29809725158562367 0.7300613496932515 0.02748414376321353 0.049079754601226995
2 0.39587737843551796 0.7750511247443763 0.022198731501057084 0.03680981595092025
2 0.41966173361522197 0.7331288343558282 0.019027484143763214 0.05930470347648262
4 0.9386892177589852 0.7157464212678937 0.11416490486257928 0.065439672801636
