0 0.7183823529411765 0.5215686274509804 0.2838235294117647 0.9254901960784314
0 0.8757352941176471 0.4519607843137255 0.2161764705882353 0.707843137254902
0 0.4602941176470588 0.3588235294117647 0.07647058823529412 0.24705882352941178
0 0.5110294117647058 0.36470588235294116 0.075 0.24313725490196078
0 0.2757352941176471 0.3392156862745098 0.027941176470588237 0.09411764705882353
0 0.3272058823529412 0.32450980392156864 0.030882352941176472 0.10784313725490197
0 0.42426470588235293 0.3196078431372549 0.025 0.08235294117647059
0 0.9816176470588235 0.3196078431372549 0.03676470588235294 0.13725490196078433
0 0.925 0.3205882352941177 0.09117647058823529 0.3
0 0.19926470588235295 0.3431372549019608 0.030882352941176472 0.10588235294117647
0 0.22573529411764706 0.35490196078431374 0.022058823529411766 0.0784313725490196
2 0.18823529411764706 0.3931372549019608 0.07058823529411765 0.15490196078431373
2 0.125 0.4245098039215686 0.09411764705882353 0.20980392156862746
2 0.04191176470588235 0.43137254901960786 0.07794117647058824 0.20392156862745098
2 0.08823529411764706 0.4166666666666667 0.06470588235294118 0.18627450980392157
2 0.5801470588235295 0.3686274509803922 0.04264705882352941 0.20392156862745098
2 0.8095588235294118 0.23823529411764705 0.025 0.049019607843137254
4 0.06397058823529411 0.3205882352941177 0.125 0.06470588235294118
