0 0.8586956521739131 0.5097826086956522 0.1492753623188406 0.5456521739130434
0 0.8195652173913044 0.5119565217391304 0.12608695652173912 0.4673913043478261
0 0.7043478260869566 0.49130434782608695 0.12173913043478261 0.44782608695652176
0 0.6130434782608696 0.4782608695652174 0.11594202898550725 0.4260869565217391
0 0.38405797101449274 0.532608695652174 0.13043478260869565 0.4826086956521739
0 0.4673913043478261 0.4532608695652174 0.11739130434782609 0.4369565217391304
0 0.3492753623188406 0.45108695652173914 0.11304347826086956 0.4152173913043478
0 0.2746376811594203 0.48478260869565215 0.12318840579710146 0.45217391304347826
0 0.10434782608695652 0.4652173913043478 0.12753623188405797 0.4652173913043478
0 0.07101449275362319 0.525 0.14202898550724638 0.9282608695652174
0 0.10144927536231885 0.15 0.034782608695652174 0.12608695652173912
0 0.08405797101449275 0.14456521739130435 0.03188405797101449 0.11521739130434783
0 0.1565217391304348 0.15108695652173912 0.03768115942028986 0.13695652173913042
0 0.22681159420289856 0.15217391304347827 0.03333333333333333 0.12173913043478261
0 0.2528985507246377 0.15108695652173912 0.030434782608695653 0.11956521739130435
0 0.27753623188405796 0.1532608695652174 0.030434782608695653 0.11521739130434783
0 0.2942028985507246 0.15869565217391304 0.03188405797101449 0.12173913043478261
0 0.3173913043478261 0.15108695652173912 0.03188405797101449 0.11956521739130435
0 0.3427536231884058 0.1532608695652174 0.030434782608695653 0.11956521739130435
0 0.3847826086956522 0.15108695652173912 0.030434782608695653 0.11521739130434783
0 0.4072463768115942 0.1565217391304348 0.020289855072463767 0.08260869565217391
0 0.4449275362318841 0.14673913043478262 0.028985507246376812 0.1108695652173913
0 0.558695652173913 0.36086956521739133 0.04782608695652174 0.1782608695652174
0 0.5804347826086956 0.3521739130434783 0.042028985507246375 0.1608695652173913
0 0.7652173913043478 0.34456521739130436 0.03768115942028986 0.13695652173913042
0 0.7942028985507247 0.3391304347826087 0.034782608695652174 0.13043478260869565
0 0.9130434782608695 0.3521739130434783 0.0463768115942029 0.16956521739130434
0 0.986231884057971 0.34456521739130436 0.02753623188405797 0.1108695652173913
0 0.8913043478260869 0.35978260869565215 0.043478260869565216 0.16304347826086957
0 0.5231884057971015 0.2858695652173913 0.02318840579710145 0.08478260869565217
0 0.2210144927536232 0.3760869565217391 0.050724637681159424 0.18695652173913044
2 0.18768115942028984 0.35543478260869565 0.030434782608695653 0.10652173913043478
2 0.7304347826086957 0.30434782608695654 0.028985507246376812 0.05652173913043478
2 0.6731884057971015 0.3010869565217391 0.02463768115942029 0.058695652173913045
2 0.44420289855072465 0.27391304347826084 0.03333333333333333 0.04782608695652174
