0 0.08222222222222222 0.5264084507042254 0.057777777777777775 0.23591549295774647
0 0.18666666666666668 0.5669014084507042 0.08 0.30985915492957744
0 0.3411111111111111 0.6443661971830986 0.07777777777777778 0.30985915492957744
0 0.5222222222222223 0.75 0.1111111111111111 0.4295774647887324
0 0.6933333333333334 0.7834507042253521 0.10222222222222223 0.397887323943662
0 0.8722222222222222 0.7411971830985915 0.051111111111111114 0.2007042253521127
0 0.93 0.6584507042253521 0.051111111111111114 0.20422535211267606
0 0.8866666666666667 0.5475352112676056 0.06666666666666667 0.2640845070422535
0 0.7255555555555555 0.5211267605633803 0.06444444444444444 0.24647887323943662
0 0.7877777777777778 0.4982394366197183 0.04666666666666667 0.1795774647887324
0 0.9655555555555555 0.48063380281690143 0.04666666666666667 0.18661971830985916
0 0.9211111111111111 0.45598591549295775 0.03777777777777778 0.15140845070422534
0 0.8222222222222222 0.397887323943662 0.022222222222222223 0.08450704225352113
0 0.5666666666666667 0.5211267605633803 0.05333333333333334 0.2112676056338028
0 0.6222222222222222 0.596830985915493 0.07555555555555556 0.2992957746478873
0 0.5244444444444445 0.4964788732394366 0.04 0.1619718309859155
0 0.4677777777777778 0.5757042253521126 0.06888888888888889 0.2640845070422535
0 0.35888888888888887 0.5440140845070423 0.05555555555555555 0.22183098591549297
0 0.2588888888888889 0.5140845070422535 0.05555555555555555 0.2112676056338028
0 0.22555555555555556 0.4788732394366197 0.03777777777777778 0.15492957746478872
0 0.28888888888888886 0.49295774647887325 0.044444444444444446 0.176056338028169
0 0.42444444444444446 0.4612676056338028 0.035555555555555556 0.14084507042253522
0 0.49666666666666665 0.4524647887323944 0.028888888888888888 0.12323943661971831
0 0.39111111111111113 0.43133802816901406 0.02666666666666667 0.10211267605633803
0 0.37666666666666665 0.47007042253521125 0.03777777777777778 0.15845070422535212
0 0.3111111111111111 0.4524647887323944 0.035555555555555556 0.1443661971830986
0 0.1322222222222222 0.4876760563380282 0.04666666666666667 0.1795774647887324
0 0.10222222222222223 0.46830985915492956 0.044444444444444446 0.16901408450704225
4 0.5833333333333334 0.42077464788732394 0.18444444444444444 0.13028169014084506
4 0.7388888888888889 0.39436619718309857 0.13111111111111112 0.09859154929577464
4 0.9544444444444444 0.3961267605633803 0.07777777777777778 0.09507042253521127
4 0.06333333333333334 0.4295774647887324 0.12222222222222222 0.11971830985915492
4 0.16555555555555557 0.4014084507042254 0.07333333333333333 0.07746478873239436
4 0.4577777777777778 0.3908450704225352 0.08 0.07042253521126761
