0 0.027 0.6981981981981982 0.054 0.3333333333333333
0 0.035 0.6951951951951952 0.07 0.3333333333333333
0 0.057 0.6936936936936937 0.094 0.34234234234234234
0 0.096 0.7072072072072072 0.088 0.3333333333333333
0 0.141 0.7102102102102102 0.09 0.3333333333333333
0 0.187 0.7012012012012012 0.09 0.33933933933933935
0 0.25 0.7222222222222222 0.088 0.3213213213213213
0 0.427 0.6921921921921922 0.09 0.33933933933933935
0 0.465 0.6936936936936937 0.094 0.35435435435435436
0 0.503 0.7222222222222222 0.094 0.34534534534534533
0 0.546 0.6951951951951952 0.1 0.37537537537537535
0 0.585 0.7282282282282282 0.098 0.3633633633633634
0 0.62 0.7222222222222222 0.1 0.3633633633633634
0 0.675 0.7102102102102102 0.106 0.38738738738738737
0 0.721 0.7177177177177178 0.106 0.3963963963963964
0 0.694 0.7282282282282282 0.096 0.35135135135135137
0 0.741 0.7672672672672672 0.086 0.3213213213213213
0 0.775 0.7357357357357357 0.106 0.3963963963963964
0 0.852 0.7282282282282282 0.108 0.3993993993993994
0 0.926 0.7582582582582582 0.124 0.4594594594594595
0 0.961 0.7267267267267268 0.078 0.4264264264264264
2 0.294 0.7867867867867868 0.076 0.2042042042042042
2 0.212 0.7222222222222222 0.08 0.15915915915915915
2 0.367 0.7432432432432432 0.098 0.24924924924924924
2 0.383 0.8168168168168168 0.086 0.16816816816816818
2 0.306 0.6591591591591591 0.076 0.0990990990990991
2 0.067 0.7912912912912913 0.086 0.16516516516516516
2 0.175 0.6846846846846847 0.054 0.11411411411411411
2 0.509 0.539039039039039 0.038 0.06306306306306306
2 0.435 0.515015015015015 0.026 0.05105105105105105
2 0.578 0.5525525525525525 0.028 0.05405405405405406
2 0.079 0.5435435435435435 0.03 0.06006006006006006
