0 0.14444444444444443 0.763771186440678 0.10793650793650794 0.3495762711864407
0 0.25555555555555554 0.6504237288135594 0.1111111111111111 0.3644067796610169
0 0.2920634920634921 0.8072033898305084 0.1111111111111111 0.3601694915254237
0 0.6047619047619047 0.4057203389830508 0.08571428571428572 0.2775423728813559
0 0.6611111111111111 0.4968220338983051 0.10952380952380952 0.3622881355932203
0 0.7833333333333333 0.6260593220338984 0.1 0.3241525423728814
0 0.8238095238095238 0.7478813559322034 0.11746031746031746 0.3813559322033898
0 0.8817460317460317 0.7192796610169492 0.11904761904761904 0.3877118644067797
0 0.9563492063492064 0.7108050847457628 0.0873015873015873 0.375
0 0.9349206349206349 0.6726694915254238 0.09841269841269841 0.3199152542372881
0 0.8912698412698413 0.6133474576271186 0.10634920634920635 0.3453389830508475
0 0.753968253968254 0.5455508474576272 0.10476190476190476 0.3411016949152542
0 0.7928571428571428 0.423728813559322 0.09682539682539683 0.3135593220338983
0 0.6833333333333333 0.4279661016949153 0.0873015873015873 0.2838983050847458
0 0.14047619047619048 0.663135593220339 0.10317460317460317 0.3389830508474576
0 0.06507936507936508 0.576271186440678 0.09841269841269841 0.326271186440678
0 0.046031746031746035 0.551906779661017 0.09206349206349207 0.3326271186440678
0 0.03333333333333333 0.5476694915254238 0.06666666666666667 0.3072033898305085
0 0.03333333333333333 0.3792372881355932 0.06666666666666667 0.2330508474576271
0 0.06825396825396825 0.3432203389830508 0.0761904761904762 0.2542372881355932
0 0.1373015873015873 0.3315677966101695 0.07777777777777778 0.2563559322033898
0 0.19523809523809524 0.3135593220338983 0.0761904761904762 0.2542372881355932
0 0.2976190476190476 0.3252118644067797 0.07142857142857142 0.2309322033898305
0 0.30317460317460315 0.4724576271186441 0.08888888888888889 0.2966101694915254
0 0.38412698412698415 0.3548728813559322 0.07301587301587302 0.24364406779661016
0 0.43492063492063493 0.3485169491525424 0.08253968253968254 0.2690677966101695
0 0.3388888888888889 0.3177966101694915 0.0746031746031746 0.2457627118644068
0 0.49206349206349204 0.3591101694915254 0.06349206349206349 0.21398305084745764
0 0.5238095238095238 0.2775423728813559 0.08253968253968254 0.2711864406779661
0 0.49126984126984125 0.2627118644067797 0.0746031746031746 0.24152542372881355
0 0.6 0.1461864406779661 0.07301587301587302 0.23728813559322035
0 0.573015873015873 0.17796610169491525 0.06984126984126984 0.2288135593220339
0 0.7785714285714286 0.1641949152542373 0.0746031746031746 0.24364406779661016
0 0.7428571428571429 0.3824152542372881 0.0761904761904762 0.2521186440677966
0 0.8865079365079365 0.263771186440678 0.07142857142857142 0.23516949152542374
0 0.9404761904761905 0.263771186440678 0.0746031746031746 0.24364406779661016
0 0.9261904761904762 0.4745762711864407 0.10634920634920635 0.3474576271186441
0 0.9714285714285714 0.3559322033898305 0.05714285714285714 0.2584745762711864
0 0.4492063492063492 0.1641949152542373 0.06666666666666667 0.21822033898305085
0 0.3976190476190476 0.22033898305084745 0.05873015873015873 0.19915254237288135
0 0.353968253968254 0.18008474576271186 0.06666666666666667 0.21610169491525424
0 0.2619047619047619 0.2129237288135593 0.07301587301587302 0.23940677966101695
0 0.1976190476190476 0.13559322033898305 0.0746031746031746 0.24152542372881355
0 0.2396825396825397 0.11440677966101695 0.06349206349206349 0.211864406779661
0 0.28888888888888886 0.1271186440677966 0.06666666666666667 0.21610169491525424
0 0.1380952380952381 0.11122881355932203 0.06349206349206349 0.21398305084745764
0 0.09523809523809523 0.21610169491525424 0.06984126984126984 0.2330508474576271
0 0.046825396825396826 0.2298728813559322 0.05873015873015873 0.19279661016949154
0 0.02142857142857143 0.08686440677966102 0.04285714285714286 0.17372881355932204
0 0.022222222222222223 0.19703389830508475 0.044444444444444446 0.19915254237288135
0 0.051587301587301584 0.09110169491525423 0.05555555555555555 0.18220338983050846
0 0.09047619047619047 0.09216101694915255 0.05714285714285714 0.1843220338983051
0 0.3674603174603175 0.13665254237288135 0.05555555555555555 0.1843220338983051
0 0.41349206349206347 0.15889830508474576 0.06825396825396825 0.2245762711864407
0 0.5174603174603175 0.12076271186440678 0.050793650793650794 0.1694915254237288
0 0.47619047619047616 0.11652542372881355 0.05396825396825397 0.18220338983050846
0 0.46904761904761905 0.17266949152542374 0.05555555555555555 0.1843220338983051
0 0.9007936507936508 0.17690677966101695 0.06825396825396825 0.2266949152542373
0 0.6658730158730158 0.05084745762711865 0.023809523809523808 0.0847457627118644
0 0.6841269841269841 0.05402542372881356 0.022222222222222223 0.07838983050847458
0 0.8936507936507937 0.4830508474576271 0.08571428571428572 0.2838983050847458
0 0.9761904761904762 0.23728813559322035 0.047619047619047616 0.2330508474576271
2 0.6055555555555555 0.6101694915254238 0.14761904761904762 0.25
