0 0.569 0.44894894894894893 0.114 0.42342342342342343
0 0.722 0.43843843843843844 0.108 0.3963963963963964
0 0.786 0.3003003003003003 0.164 0.6006006006006006
0 0.874 0.39039039039039036 0.112 0.4084084084084084
0 0.965 0.4024024024024024 0.07 0.42042042042042044
0 0.407 0.38738738738738737 0.134 0.4984984984984985
0 0.289 0.6726726726726727 0.17 0.6246246246246246
0 0.103 0.6816816816816816 0.142 0.5285285285285285
0 0.214 0.5765765765765766 0.136 0.5045045045045045
0 0.238 0.5690690690690691 0.14 0.5195195195195195
0 0.06 0.5795795795795796 0.12 0.5045045045045045
0 0.885 0.7942942942942943 0.106 0.38738738738738737
2 0.133 0.8798798798798799 0.154 0.2222222222222222
2 0.028 0.7537537537537538 0.056 0.3123123123123123
