0 0.09486607142857142 0.6622073578595318 0.14955357142857142 0.5484949832775919
0 0.15401785714285715 0.5484949832775919 0.07589285714285714 0.27424749163879597
0 0.26450892857142855 0.5702341137123745 0.10044642857142858 0.36454849498327757
0 0.546875 0.41304347826086957 0.0625 0.23076923076923078
0 0.5959821428571429 0.40468227424749165 0.05803571428571429 0.2140468227424749
0 0.48325892857142855 0.39297658862876256 0.060267857142857144 0.23076923076923078
0 0.4497767857142857 0.4080267558528428 0.060267857142857144 0.22742474916387959
0 0.6975446428571429 0.42474916387959866 0.05580357142857143 0.2140468227424749
0 0.7633928571428571 0.40301003344481606 0.07142857142857142 0.26421404682274247
0 0.8102678571428571 0.39297658862876256 0.0625 0.23076923076923078
0 0.8627232142857143 0.3896321070234114 0.03794642857142857 0.13712374581939799
0 0.4029017857142857 0.39464882943143814 0.05580357142857143 0.20735785953177258
0 0.026785714285714284 0.39297658862876256 0.05357142857142857 0.19732441471571907
0 0.27120535714285715 0.391304347826087 0.04241071428571429 0.16722408026755853
2 0.6339285714285714 0.4013377926421405 0.04017857142857143 0.11371237458193979
2 0.90625 0.31270903010033446 0.04017857142857143 0.10367892976588629
2 0.8359375 0.5150501672240803 0.08705357142857142 0.22073578595317725
2 0.8370535714285714 0.34615384615384615 0.017857142857142856 0.08361204013377926
4 0.12946428571428573 0.3494983277591973 0.17857142857142858 0.07023411371237458
4 0.31808035714285715 0.3595317725752508 0.060267857142857144 0.07023411371237458
