0 0.7123188405797102 0.6266924564796905 0.059420289855072465 0.19729206963249515
0 0.7920289855072464 0.632495164410058 0.06521739130434782 0.2127659574468085
0 0.591304347826087 0.6315280464216635 0.05217391304347826 0.1760154738878143
0 0.6369565217391304 0.5386847195357833 0.04492753623188406 0.1450676982591876
0 0.4963768115942029 0.6228239845261122 0.0536231884057971 0.18181818181818182
0 0.3471014492753623 0.6479690522243714 0.06521739130434782 0.21663442940038685
0 0.29130434782608694 0.8355899419729207 0.0927536231884058 0.3056092843326886
0 0.4427536231884058 0.6141199226305609 0.04492753623188406 0.1450676982591876
0 0.5434782608695652 0.5541586073500967 0.04057971014492753 0.13346228239845262
2 0.3239130434782609 0.5357833655705996 0.04492753623188406 0.06576402321083172
2 0.7847826086956522 0.4816247582205029 0.03333333333333333 0.06963249516441006
2 0.9181159420289855 0.47775628626692457 0.0536231884057971 0.10444874274661509
