0 0.25833333333333336 0.7688888888888888 0.03 0.09777777777777778
0 0.2325 0.7577777777777778 0.035 0.12
0 0.2841666666666667 0.7644444444444445 0.035 0.12
0 0.32166666666666666 0.8033333333333333 0.05333333333333334 0.18
0 0.44666666666666666 0.7955555555555556 0.05 0.16444444444444445
0 0.555 0.8022222222222222 0.05333333333333334 0.17333333333333334
0 0.5883333333333334 0.7922222222222223 0.043333333333333335 0.14
0 0.6716666666666666 0.7655555555555555 0.03666666666666667 0.12666666666666668
0 0.625 0.7611111111111111 0.03666666666666667 0.12222222222222222
0 0.7 0.74 0.02 0.07111111111111111
0 0.7183333333333334 0.7388888888888889 0.023333333333333334 0.08222222222222222
0 0.8366666666666667 0.7688888888888888 0.03666666666666667 0.12
0 0.1775 0.7211111111111111 0.015 0.05555555555555555
0 0.16 0.7166666666666667 0.016666666666666666 0.06
0 0.14833333333333334 0.7155555555555555 0.016666666666666666 0.057777777777777775
0 0.07833333333333334 0.7311111111111112 0.023333333333333334 0.07555555555555556
0 0.06416666666666666 0.7133333333333334 0.018333333333333333 0.057777777777777775
0 0.0425 0.7322222222222222 0.018333333333333333 0.06444444444444444
0 0.92 0.7533333333333333 0.023333333333333334 0.07555555555555556
0 0.87 0.7566666666666667 0.03 0.09555555555555556
0 0.008333333333333333 0.7311111111111112 0.016666666666666666 0.07111111111111111
0 0.05583333333333333 0.7133333333333334 0.011666666666666667 0.044444444444444446
2 0.8566666666666667 0.7966666666666666 0.02 0.07333333333333333
2 0.021666666666666667 0.7377777777777778 0.023333333333333334 0.04
4 0.9075 0.7244444444444444 0.115 0.09777777777777778
