0 0.4741666666666667 0.485 0.055 0.21
0 0.35583333333333333 0.4525 0.051666666666666666 0.195
0 0.37583333333333335 0.3675 0.04833333333333333 0.18
0 0.4066666666666667 0.32 0.03333333333333333 0.13
0 0.53 0.31125 0.03666666666666667 0.1375
0 0.49333333333333335 0.28625 0.03666666666666667 0.1375
0 0.6091666666666666 0.33375 0.045 0.1625
0 0.5891666666666666 0.745 0.07166666666666667 0.265
0 0.6191666666666666 0.62125 0.06833333333333333 0.2575
0 0.65 0.54875 0.06333333333333334 0.2325
0 0.135 0.50125 0.05 0.1825
0 0.19666666666666666 0.44625 0.043333333333333335 0.1625
0 0.2708333333333333 0.41625 0.041666666666666664 0.1575
0 0.3175 0.38 0.041666666666666664 0.15
0 0.6875 0.36125 0.04833333333333333 0.1775
0 0.7008333333333333 0.4775 0.055 0.21
0 0.7491666666666666 0.43375 0.051666666666666666 0.1975
0 0.765 0.83 0.07 0.265
0 0.7941666666666667 0.7275 0.07166666666666667 0.26
0 0.8116666666666666 0.6225 0.07 0.255
0 0.8391666666666666 0.5425 0.058333333333333334 0.22
0 0.8475 0.475 0.051666666666666666 0.19
0 0.8658333333333333 0.435 0.051666666666666666 0.195
0 0.0575 0.455 0.041666666666666664 0.155
0 0.12916666666666668 0.42 0.035 0.135
0 0.18666666666666668 0.39375 0.043333333333333335 0.1575
0 0.22583333333333333 0.35125 0.035 0.1325
0 0.2875 0.34 0.03166666666666667 0.125
0 0.32416666666666666 0.315 0.03166666666666667 0.115
0 0.3408333333333333 0.2625 0.028333333333333332 0.11
0 0.23583333333333334 0.24375 0.028333333333333332 0.1025
0 0.1675 0.235 0.025 0.09
0 0.10083333333333333 0.22375 0.021666666666666667 0.0825
0 0.0425 0.21625 0.025 0.0925
0 0.3408333333333333 0.17375 0.015 0.0625
0 0.425 0.23125 0.02666666666666667 0.0975
0 0.37166666666666665 0.23 0.023333333333333334 0.09
0 0.5558333333333333 0.25125 0.028333333333333332 0.1125
0 0.44166666666666665 0.22625 0.02666666666666667 0.1025
0 0.45666666666666667 0.2275 0.02666666666666667 0.1
0 0.6566666666666666 0.2725 0.03333333333333333 0.13
0 0.805 0.3525 0.03666666666666667 0.135
0 0.7725 0.35625 0.03166666666666667 0.1225
0 0.7325 0.295 0.03833333333333333 0.14
0 0.6825 0.27125 0.03833333333333333 0.1475
0 0.595 0.24 0.03 0.11
0 0.5783333333333334 0.23 0.023333333333333334 0.095
0 0.5191666666666667 0.21375 0.025 0.0975
0 0.38333333333333336 0.21875 0.023333333333333334 0.0875
0 0.39416666666666667 0.2175 0.021666666666666667 0.085
0 0.4041666666666667 0.21375 0.025 0.0925
0 0.7541666666666667 0.27875 0.041666666666666664 0.1525
0 0.6983333333333334 0.25625 0.03666666666666667 0.1375
4 0.6458333333333334 0.1675 0.465 0.175
4 0.9291666666666667 0.04875 0.135 0.0575
