0 0.07555555555555556 0.6053412462908012 0.1511111111111111 0.5400593471810089
0 0.17666666666666667 0.6023738872403561 0.15333333333333332 0.49851632047477745
0 0.3088888888888889 0.5845697329376854 0.14666666666666667 0.486646884272997
0 0.39222222222222225 0.5578635014836796 0.13555555555555557 0.45103857566765576
0 0.5144444444444445 0.5727002967359051 0.11777777777777777 0.3857566765578635
0 0.5677777777777778 0.5623145400593472 0.12222222222222222 0.40059347181008903
0 0.6666666666666666 0.5578635014836796 0.09777777777777778 0.3264094955489614
0 0.7344444444444445 0.5222551928783383 0.10888888888888888 0.3620178041543027
0 0.8677777777777778 0.49851632047477745 0.12222222222222222 0.4094955489614243
0 0.9344444444444444 0.5103857566765578 0.11333333333333333 0.37388724035608306
0 0.9555555555555556 0.5222551928783383 0.08888888888888889 0.41543026706231456
0 0.7877777777777778 0.49258160237388726 0.12222222222222222 0.4035608308605341
0 0.63 0.47032640949554894 0.10888888888888888 0.3649851632047478
0 0.4855555555555556 0.4658753709198813 0.1 0.3323442136498516
0 0.43222222222222223 0.44807121661721067 0.09555555555555556 0.314540059347181
0 0.24333333333333335 0.4406528189910979 0.08666666666666667 0.2818991097922849
0 0.021111111111111112 0.4258160237388724 0.042222222222222223 0.2166172106824926
2 0.11333333333333333 0.3397626112759644 0.02666666666666667 0.06231454005934718
2 0.15777777777777777 0.34124629080118696 0.022222222222222223 0.0712166172106825
2 0.18222222222222223 0.327893175074184 0.02666666666666667 0.050445103857566766
2 0.2877777777777778 0.32344213649851633 0.028888888888888888 0.05341246290801187
2 0.36444444444444446 0.327893175074184 0.035555555555555556 0.06824925816023739
2 0.3988888888888889 0.3219584569732938 0.03777777777777778 0.050445103857566766
2 0.5311111111111111 0.3456973293768546 0.03111111111111111 0.08605341246290801
2 0.5766666666666667 0.33086053412462907 0.051111111111111114 0.050445103857566766
2 0.6666666666666666 0.32047477744807124 0.04 0.0771513353115727
2 0.7077777777777777 0.3293768545994065 0.042222222222222223 0.06528189910979229
2 0.7422222222222222 0.31305637982195844 0.04 0.07418397626112759
2 0.8944444444444445 0.29080118694362017 0.03777777777777778 0.05341246290801187
2 0.9322222222222222 0.2997032640949555 0.028888888888888888 0.04747774480712166
2 0.9611111111111111 0.29673590504451036 0.024444444444444446 0.03560830860534125
2 0.99 0.2922848664688427 0.015555555555555555 0.05637982195845697
