0 0.045 0.7236180904522613 0.09 0.4723618090452261
0 0.11333333333333333 0.7412060301507538 0.12666666666666668 0.47738693467336685
0 0.21333333333333335 0.7361809045226131 0.13333333333333333 0.49748743718592964
0 0.5916666666666667 0.5577889447236181 0.09666666666666666 0.35175879396984927
0 0.42333333333333334 0.507537688442211 0.06 0.22110552763819097
0 0.3933333333333333 0.49748743718592964 0.06666666666666667 0.24120603015075376
0 0.35833333333333334 0.4949748743718593 0.07 0.2562814070351759
0 0.31333333333333335 0.6507537688442211 0.12 0.4371859296482412
0 0.26166666666666666 0.6457286432160804 0.11666666666666667 0.4271356783919598
0 0.18666666666666668 0.6231155778894473 0.11333333333333333 0.4321608040201005
0 0.16166666666666665 0.7412060301507538 0.13 0.48743718592964824
0 0.47 0.48743718592964824 0.06666666666666667 0.24120603015075376
0 0.9566666666666667 0.4271356783919598 0.04666666666666667 0.19095477386934673
0 0.9333333333333333 0.38944723618090454 0.04 0.1658291457286432
2 0.8966666666666666 0.6633165829145728 0.10666666666666667 0.3417085427135678
2 0.8033333333333333 0.49748743718592964 0.06666666666666667 0.22110552763819097
2 0.5383333333333333 0.7738693467336684 0.09666666666666666 0.44221105527638194
2 0.14333333333333334 0.4371859296482412 0.04666666666666667 0.07035175879396985
2 0.06333333333333334 0.46984924623115576 0.04666666666666667 0.07537688442211055
2 0.06333333333333334 0.4045226130653266 0.04 0.05527638190954774
4 0.205 0.3241206030150754 0.41 0.09547738693467336
4 0.5533333333333333 0.32160804020100503 0.18 0.1507537688442211
4 0.8216666666666667 0.3165829145728643 0.17 0.18090452261306533
