0 0.310625 0.54 0.17625 0.5766666666666667
0 0.405625 0.5241666666666667 0.18125 0.5883333333333334
0 0.520625 0.4741666666666667 0.18875 0.615
0 0.651875 0.49666666666666665 0.17125 0.5566666666666666
0 0.925 0.4816666666666667 0.15 0.51
0 0.20125 0.4658333333333333 0.17 0.555
0 0.298125 0.4483333333333333 0.16875 0.55
0 0.4275 0.43166666666666664 0.1675 0.5466666666666666
0 0.57 0.3433333333333333 0.1925 0.63
0 0.699375 0.4025 0.16375 0.5383333333333333
0 0.753125 0.36916666666666664 0.16625 0.545
0 0.8025 0.37333333333333335 0.16 0.5233333333333333
0 0.928125 0.38916666666666666 0.14375 0.5016666666666667
0 0.085 0.5591666666666667 0.17 0.6116666666666667
2 0.790625 0.6183333333333333 0.11625 0.2966666666666667
