0 0.17833333333333334 0.58625 0.06 0.2175
0 0.23083333333333333 0.5725 0.058333333333333334 0.22
0 0.29833333333333334 0.57875 0.043333333333333335 0.1675
0 0.32916666666666666 0.5775 0.045 0.17
0 0.35333333333333333 0.55 0.043333333333333335 0.165
0 0.3925 0.54875 0.041666666666666664 0.1525
0 0.4216666666666667 0.5475 0.03666666666666667 0.135
0 0.44416666666666665 0.54875 0.035 0.1375
0 0.4666666666666667 0.53875 0.03666666666666667 0.1375
0 0.5 0.535 0.03333333333333333 0.13
0 0.525 0.5375 0.03333333333333333 0.12
0 0.5533333333333333 0.5275 0.03333333333333333 0.125
0 0.58 0.5325 0.02666666666666667 0.1
0 0.61 0.5175 0.02666666666666667 0.105
0 0.6175 0.53 0.025 0.095
0 0.6483333333333333 0.5225 0.023333333333333334 0.095
0 0.6825 0.51 0.03166666666666667 0.125
0 0.7016666666666667 0.51375 0.03333333333333333 0.1225
0 0.7283333333333334 0.5125 0.03333333333333333 0.13
0 0.7433333333333333 0.52 0.03333333333333333 0.125
0 0.7616666666666667 0.51375 0.04 0.1475
0 0.7858333333333334 0.5175 0.03833333333333333 0.14
0 0.8133333333333334 0.52625 0.03666666666666667 0.1425
0 0.84 0.52625 0.04 0.1475
0 0.8691666666666666 0.525 0.04833333333333333 0.18
0 0.8966666666666666 0.535 0.043333333333333335 0.165
0 0.9166666666666666 0.5275 0.04666666666666667 0.17
0 0.9583333333333334 0.53625 0.043333333333333335 0.1675
0 0.94 0.49125 0.023333333333333334 0.0925
0 0.6358333333333334 0.51125 0.03166666666666667 0.1175
