0 0.08388888888888889 0.59 0.08777777777777777 0.3233333333333333
0 0.16277777777777777 0.59 0.09222222222222222 0.3433333333333333
0 0.13166666666666665 0.5775 0.08555555555555555 0.31166666666666665
0 0.042777777777777776 0.5666666666666667 0.07666666666666666 0.2866666666666667
0 0.2222222222222222 0.5675 0.08222222222222222 0.305
0 0.2727777777777778 0.6116666666666667 0.08555555555555555 0.31666666666666665
0 0.38 0.5758333333333333 0.09555555555555556 0.355
0 0.47333333333333333 0.59 0.09777777777777778 0.36
0 0.5083333333333333 0.565 0.09222222222222222 0.3433333333333333
0 0.5605555555555556 0.5783333333333334 0.09444444444444444 0.3466666666666667
0 0.6633333333333333 0.5858333333333333 0.09111111111111111 0.335
0 0.7555555555555555 0.5916666666666667 0.10444444444444445 0.38333333333333336
0 0.8616666666666667 0.5883333333333334 0.10333333333333333 0.38333333333333336
0 0.8227777777777778 0.5741666666666667 0.10111111111111111 0.37166666666666665
0 0.8927777777777778 0.5608333333333333 0.10555555555555556 0.39166666666666666
0 0.9255555555555556 0.575 0.09777777777777778 0.36
0 0.9633333333333334 0.5758333333333333 0.07333333333333333 0.4216666666666667
0 0.4122222222222222 0.5691666666666667 0.09111111111111111 0.3383333333333333
0 0.3005555555555556 0.575 0.08777777777777777 0.3233333333333333
0 0.715 0.5616666666666666 0.08777777777777777 0.32666666666666666
2 0.4461111111111111 0.4225 0.03666666666666667 0.085
2 0.5838888888888889 0.4041666666666667 0.025555555555555557 0.085
