0 0.04143646408839779 0.7919847328244275 0.049723756906077346 0.25572519083969464
0 0.08839779005524862 0.8015267175572519 0.058931860036832415 0.3053435114503817
0 0.06077348066298342 0.7786259541984732 0.05156537753222836 0.2595419847328244
0 0.12246777163904236 0.7977099236641222 0.06445672191528545 0.33587786259541985
0 0.15285451197053407 0.8110687022900763 0.058931860036832415 0.3015267175572519
0 0.18232044198895028 0.8244274809160306 0.06261510128913444 0.31297709923664124
0 0.23756906077348067 0.8244274809160306 0.06261510128913444 0.32061068702290074
0 0.2965009208103131 0.8244274809160306 0.06261510128913444 0.31297709923664124
0 0.34898710865561694 0.8301526717557252 0.053406998158379376 0.2786259541984733
0 0.3885819521178637 0.8282442748091603 0.058931860036832415 0.29770992366412213
0 0.429097605893186 0.8187022900763359 0.04788213627992634 0.25572519083969464
0 0.4723756906077348 0.8110687022900763 0.053406998158379376 0.27099236641221375
0 0.5147329650092081 0.8320610687022901 0.049723756906077346 0.2595419847328244
0 0.5488029465930019 0.8225190839694656 0.06261510128913444 0.31679389312977096
0 0.6058931860036832 0.8091603053435115 0.06629834254143646 0.33587786259541985
0 0.638121546961326 0.8244274809160306 0.0570902394106814 0.2900763358778626
0 0.6749539594843462 0.8301526717557252 0.053406998158379376 0.27099236641221375
0 0.7108655616942909 0.8282442748091603 0.05156537753222836 0.26717557251908397
0 0.7587476979742173 0.8110687022900763 0.055248618784530384 0.2862595419847328
0 0.7946593001841621 0.8282442748091603 0.053406998158379376 0.2824427480916031
0 0.8379373848987108 0.8358778625954199 0.05156537753222836 0.2748091603053435
0 0.8637200736648251 0.8454198473282443 0.05156537753222836 0.27099236641221375
0 0.8977900552486188 0.8530534351145038 0.049723756906077346 0.2633587786259542
0 0.9465930018416207 0.8091603053435115 0.055248618784530384 0.2900763358778626
0 0.9677716390423573 0.8148854961832062 0.049723756906077346 0.25572519083969464
4 0.49079189686924496 0.4637404580152672 0.9742173112338858 0.40076335877862596
