0 0.43 0.5232558139534884 0.16 0.5488372093023256
0 0.04083333333333333 0.4418604651162791 0.03833333333333333 0.13488372093023257
0 0.0275 0.4383720930232558 0.041666666666666664 0.14186046511627906
0 0.016666666666666666 0.43372093023255814 0.03333333333333333 0.1511627906976744
0 0.06166666666666667 0.43023255813953487 0.04 0.13953488372093023
0 0.10416666666666667 0.43953488372093025 0.03833333333333333 0.13488372093023257
0 0.13333333333333333 0.4197674418604651 0.03 0.10930232558139535
0 0.15416666666666667 0.43023255813953487 0.041666666666666664 0.14418604651162792
0 0.1875 0.4232558139534884 0.035 0.12093023255813953
0 0.20583333333333334 0.436046511627907 0.035 0.12790697674418605
0 0.255 0.4255813953488372 0.03666666666666667 0.13023255813953488
0 0.2758333333333333 0.436046511627907 0.03166666666666667 0.11395348837209303
0 0.3075 0.42441860465116277 0.035 0.12790697674418605
0 0.33666666666666667 0.4197674418604651 0.03666666666666667 0.12790697674418605
0 0.35333333333333333 0.4255813953488372 0.03666666666666667 0.13023255813953488
0 0.5308333333333334 0.4186046511627907 0.03833333333333333 0.13023255813953488
0 0.5891666666666666 0.42209302325581394 0.03166666666666667 0.10930232558139535
0 0.5758333333333333 0.4232558139534884 0.03166666666666667 0.11627906976744186
0 0.6133333333333333 0.4290697674418605 0.03 0.1
0 0.6091666666666666 0.41627906976744183 0.035 0.12558139534883722
0 0.6333333333333333 0.42093023255813955 0.03333333333333333 0.12093023255813953
0 0.6516666666666666 0.4232558139534884 0.03666666666666667 0.12558139534883722
0 0.68 0.4255813953488372 0.03666666666666667 0.12558139534883722
0 0.7041666666666667 0.4197674418604651 0.03833333333333333 0.1325581395348837
0 0.7275 0.4116279069767442 0.045 0.15348837209302327
0 0.7441666666666666 0.42209302325581394 0.041666666666666664 0.14651162790697675
0 0.7625 0.4174418604651163 0.03833333333333333 0.1325581395348837
0 0.7741666666666667 0.4232558139534884 0.041666666666666664 0.13953488372093023
0 0.8025 0.42441860465116277 0.041666666666666664 0.14651162790697675
0 0.8258333333333333 0.42209302325581394 0.045 0.1558139534883721
0 0.8616666666666667 0.41627906976744183 0.043333333333333335 0.15348837209302327
0 0.8908333333333334 0.4197674418604651 0.045 0.16046511627906976
0 0.92 0.4186046511627907 0.05 0.17209302325581396
0 0.9716666666666667 0.4313953488372093 0.04666666666666667 0.16046511627906976
0 0.9841666666666666 0.42790697674418604 0.03166666666666667 0.16744186046511628
4 0.8891666666666667 0.28255813953488373 0.20833333333333334 0.10930232558139535
