0 0.08444444444444445 0.3389261744966443 0.09777777777777778 0.3624161073825503
0 0.1388888888888889 0.3389261744966443 0.12222222222222222 0.44966442953020136
0 0.03 0.31711409395973156 0.06 0.34563758389261745
0 0.44222222222222224 0.26174496644295303 0.035555555555555556 0.1342281879194631
0 0.5322222222222223 0.27348993288590606 0.03777777777777778 0.15100671140939598
0 0.5555555555555556 0.2684563758389262 0.02666666666666667 0.10738255033557047
0 0.5222222222222223 0.27181208053691275 0.03111111111111111 0.12080536912751678
0 0.59 0.2684563758389262 0.028888888888888888 0.10738255033557047
0 0.6255555555555555 0.2936241610738255 0.042222222222222223 0.1644295302013423
0 0.6877777777777778 0.27348993288590606 0.024444444444444446 0.09731543624161074
0 0.6711111111111111 0.2533557046979866 0.013333333333333334 0.050335570469798654
0 0.7288888888888889 0.2651006711409396 0.022222222222222223 0.087248322147651
0 0.7055555555555556 0.2651006711409396 0.02 0.08053691275167785
0 0.7466666666666667 0.31208053691275167 0.044444444444444446 0.16778523489932887
0 0.8088888888888889 0.31208053691275167 0.04 0.1476510067114094
0 0.79 0.2902684563758389 0.028888888888888888 0.1040268456375839
0 0.8588888888888889 0.2835570469798658 0.028888888888888888 0.1040268456375839
0 0.88 0.28859060402684567 0.03111111111111111 0.12080536912751678
0 0.9544444444444444 0.2802013422818792 0.024444444444444446 0.09731543624161074
0 0.9866666666666667 0.2785234899328859 0.02666666666666667 0.10067114093959731
0 0.8255555555555556 0.2953020134228188 0.03333333333333333 0.12751677852348994
0 0.19111111111111112 0.3221476510067114 0.08444444444444445 0.3221476510067114
