0 0.053636363636363635 0.540268456375839 0.06 0.28187919463087246
0 0.1618181818181818 0.5251677852348994 0.05454545454545454 0.25838926174496646
0 0.21363636363636362 0.5436241610738255 0.07818181818181819 0.35570469798657717
0 0.3118181818181818 0.5201342281879194 0.06363636363636363 0.28859060402684567
0 0.3663636363636364 0.4983221476510067 0.05272727272727273 0.24496644295302014
0 0.43272727272727274 0.5503355704697986 0.08363636363636363 0.3825503355704698
0 0.48727272727272725 0.5100671140939598 0.06181818181818182 0.28859060402684567
0 0.5145454545454545 0.48322147651006714 0.05090909090909091 0.22818791946308725
0 0.54 0.4714765100671141 0.04727272727272727 0.2181208053691275
0 0.6363636363636364 0.5385906040268457 0.08 0.3724832214765101
0 0.8390909090909091 0.5 0.06363636363636363 0.28859060402684567
0 0.8927272727272727 0.5620805369127517 0.08727272727272728 0.3926174496644295
0 0.7990909090909091 0.4899328859060403 0.05272727272727273 0.2348993288590604
0 0.7754545454545455 0.4513422818791946 0.05272727272727273 0.23825503355704697
0 0.11 0.49328859060402686 0.038181818181818185 0.18120805369127516
0 0.016363636363636365 0.5218120805369127 0.03272727272727273 0.1912751677852349
4 0.39090909090909093 0.28691275167785235 0.2909090909090909 0.23154362416107382
4 0.850909090909091 0.2835570469798658 0.19636363636363635 0.21140939597315436
