0 0.3009090909090909 0.7057220708446866 0.04909090909090909 0.18528610354223432
0 0.5445454545454546 0.723433242506812 0.07090909090909091 0.25885558583106266
0 0.5736363636363636 0.7002724795640327 0.07454545454545454 0.2724795640326976
0 0.5927272727272728 0.715258855585831 0.06545454545454546 0.24795640326975477
0 0.6272727272727273 0.7343324250681199 0.10909090909090909 0.40599455040871935
0 0.7327272727272728 0.7057220708446866 0.08363636363636363 0.3106267029972752
0 0.7718181818181818 0.720708446866485 0.06363636363636363 0.24250681198910082
0 0.9609090909090909 0.7302452316076294 0.07818181818181819 0.35967302452316074
0 0.13454545454545455 0.4264305177111717 0.03272727272727273 0.11716621253405994
0 0.15818181818181817 0.4332425068119891 0.02909090909090909 0.11444141689373297
0 0.10909090909090909 0.42915531335149865 0.02909090909090909 0.10626702997275204
0 0.08818181818181818 0.4318801089918256 0.03090909090909091 0.11716621253405994
0 0.07545454545454545 0.42370572207084467 0.02727272727272727 0.1008174386920981
0 0.05454545454545454 0.4128065395095368 0.04727272727272727 0.17166212534059946
0 0.02727272727272727 0.4209809264305177 0.03272727272727273 0.1226158038147139
0 0.014545454545454545 0.38419618528610355 0.02909090909090909 0.16348773841961853
0 0.17181818181818181 0.45231607629427795 0.023636363636363636 0.09264305177111716
0 0.18272727272727274 0.45095367847411444 0.02727272727272727 0.1008174386920981
0 0.20454545454545456 0.44005449591280654 0.034545454545454546 0.12806539509536785
0 0.22 0.46185286103542234 0.025454545454545455 0.09536784741144415
0 0.2290909090909091 0.45095367847411444 0.03272727272727273 0.11716621253405994
0 0.24636363636363637 0.46321525885558584 0.02727272727272727 0.10354223433242507
0 0.26272727272727275 0.4564032697547684 0.03090909090909091 0.11171662125340599
0 0.2772727272727273 0.4673024523160763 0.03090909090909091 0.1226158038147139
0 0.28363636363636363 0.494550408719346 0.014545454545454545 0.05722070844686648
0 0.2972727272727273 0.48092643051771117 0.023636363636363636 0.09536784741144415
0 0.32 0.4822888283378747 0.025454545454545455 0.10354223433242507
0 0.33545454545454545 0.47956403269754766 0.03090909090909091 0.11989100817438691
0 0.3563636363636364 0.48637602179836514 0.02909090909090909 0.11171662125340599
0 0.37636363636363634 0.4986376021798365 0.025454545454545455 0.10354223433242507
0 0.3927272727272727 0.49727520435967304 0.025454545454545455 0.09536784741144415
0 0.41 0.5081743869209809 0.02727272727272727 0.10626702997275204
0 0.44 0.5149863760217984 0.025454545454545455 0.10354223433242507
4 0.5263636363636364 0.5095367847411444 0.1509090909090909 0.11989100817438691
4 0.68 0.5340599455040872 0.08 0.14168937329700274
4 0.8290909090909091 0.5749318801089919 0.2 0.12534059945504086
