0 0.11555555555555555 0.8100890207715133 0.10222222222222223 0.34421364985163205
0 0.15666666666666668 0.8026706231454006 0.10444444444444445 0.34124629080118696
0 0.41333333333333333 0.798219584569733 0.11555555555555555 0.37388724035608306
0 0.4711111111111111 0.771513353115727 0.08444444444444445 0.28486646884273
0 0.5322222222222223 0.8071216617210683 0.10444444444444445 0.35014836795252224
0 0.5822222222222222 0.7804154302670623 0.08444444444444445 0.27299703264094954
0 0.6144444444444445 0.8100890207715133 0.1 0.3323442136498516
0 0.6844444444444444 0.8086053412462908 0.09777777777777778 0.31750741839762614
0 0.6411111111111111 0.7225519287833828 0.04666666666666667 0.1572700296735905
0 0.7644444444444445 0.7477744807121661 0.07111111111111111 0.23738872403560832
0 0.8133333333333334 0.798219584569733 0.10666666666666667 0.3560830860534125
0 0.8877777777777778 0.7937685459940653 0.1 0.3293768545994065
0 0.042222222222222223 0.8056379821958457 0.08444444444444445 0.3590504451038576
0 0.74 0.6988130563798219 0.035555555555555556 0.12166172106824925
2 0.8355555555555556 0.642433234421365 0.035555555555555556 0.050445103857566766
2 0.3788888888888889 0.7655786350148368 0.03333333333333333 0.27299703264094954
2 0.54 0.642433234421365 0.035555555555555556 0.05637982195845697
2 0.8388888888888889 0.6735905044510386 0.024444444444444446 0.0712166172106825
