0 0.11272727272727273 0.7420382165605095 0.09454545454545454 0.4012738853503185
0 0.023636363636363636 0.7404458598726115 0.04727272727272727 0.3535031847133758
0 0.035454545454545454 0.6353503184713376 0.06727272727272728 0.2898089171974522
0 0.20909090909090908 0.6576433121019108 0.13090909090909092 0.5573248407643312
0 0.1890909090909091 0.6098726114649682 0.10909090909090909 0.4745222929936306
0 0.1409090909090909 0.5684713375796179 0.08545454545454545 0.3662420382165605
0 0.27545454545454545 0.5859872611464968 0.09636363636363636 0.42038216560509556
0 0.3209090909090909 0.6098726114649682 0.1 0.43630573248407645
0 0.31363636363636366 0.732484076433121 0.07818181818181819 0.34394904458598724
0 0.40454545454545454 0.6114649681528662 0.12545454545454546 0.5477707006369427
0 0.48727272727272725 0.7165605095541401 0.07272727272727272 0.31210191082802546
0 0.46090909090909093 0.5987261146496815 0.11090909090909092 0.47770700636942676
0 0.5409090909090909 0.6130573248407644 0.11818181818181818 0.5127388535031847
0 0.5918181818181818 0.660828025477707 0.07818181818181819 0.34076433121019106
0 0.6018181818181818 0.5812101910828026 0.09454545454545454 0.40445859872611467
0 0.6572727272727272 0.6035031847133758 0.10363636363636364 0.4426751592356688
0 0.7136363636363636 0.5764331210191083 0.08545454545454545 0.36942675159235666
0 0.6772727272727272 0.5780254777070064 0.056363636363636366 0.24522292993630573
0 0.7481818181818182 0.6496815286624203 0.06727272727272728 0.2929936305732484
0 0.7890909090909091 0.6019108280254777 0.08363636363636363 0.36942675159235666
0 0.8263636363636364 0.5636942675159236 0.07818181818181819 0.33121019108280253
0 0.8527272727272728 0.554140127388535 0.06545454545454546 0.28662420382165604
0 0.8718181818181818 0.6512738853503185 0.056363636363636366 0.23885350318471338
0 0.8909090909090909 0.589171974522293 0.07636363636363637 0.33121019108280253
0 0.9127272727272727 0.5589171974522293 0.06909090909090909 0.30254777070063693
0 0.9309090909090909 0.6257961783439491 0.04363636363636364 0.1942675159235669
0 0.9709090909090909 0.5843949044585988 0.05818181818181818 0.2961783439490446
2 0.07272727272727272 0.4840764331210191 0.04363636363636364 0.08917197452229299
2 0.11090909090909092 0.39012738853503187 0.04363636363636364 0.12420382165605096
2 0.25727272727272726 0.3535031847133758 0.06 0.08280254777070063
2 0.3718181818181818 0.3980891719745223 0.045454545454545456 0.05732484076433121
2 0.3518181818181818 0.4315286624203822 0.023636363636363636 0.054140127388535034
2 0.44545454545454544 0.40923566878980894 0.03636363636363636 0.08598726114649681
2 0.5018181818181818 0.41878980891719747 0.03636363636363636 0.07961783439490445
2 0.5736363636363636 0.428343949044586 0.038181818181818185 0.0732484076433121
2 0.6263636363636363 0.41878980891719747 0.023636363636363636 0.06050955414012739
2 0.6790909090909091 0.42038216560509556 0.016363636363636365 0.050955414012738856
2 0.6981818181818182 0.4140127388535032 0.01818181818181818 0.050955414012738856
2 0.76 0.4554140127388535 0.03272727272727273 0.07006369426751592
2 0.29818181818181816 0.38057324840764334 0.03272727272727273 0.0732484076433121
2 0.012727272727272728 0.49203821656050956 0.025454545454545455 0.08598726114649681
2 0.04454545454545455 0.4315286624203822 0.02727272727272727 0.054140127388535034
