0 0.6224637681159421 0.907608695652174 0.02463768115942029 0.0891304347826087
0 0.6057971014492753 0.9152173913043479 0.028985507246376812 0.10434782608695652
0 0.5797101449275363 0.907608695652174 0.02318840579710145 0.08478260869565217
0 0.5557971014492754 0.9152173913043479 0.02753623188405797 0.1
0 0.5260869565217391 0.9184782608695652 0.020289855072463767 0.07608695652173914
0 0.49927536231884057 0.9184782608695652 0.02463768115942029 0.09347826086956522
0 0.4702898550724638 0.9163043478260869 0.02463768115942029 0.0891304347826087
0 0.43768115942028984 0.9228260869565217 0.02608695652173913 0.09782608695652174
0 0.3746376811594203 0.9293478260869565 0.030434782608695653 0.1108695652173913
0 0.32681159420289857 0.9239130434782609 0.03333333333333333 0.12173913043478261
0 0.30579710144927535 0.925 0.03188405797101449 0.11956521739130435
0 0.2927536231884058 0.9271739130434783 0.02608695652173913 0.10217391304347827
0 0.2746376811594203 0.9293478260869565 0.030434782608695653 0.1108695652173913
0 0.2536231884057971 0.9217391304347826 0.02608695652173913 0.09565217391304348
0 0.2108695652173913 0.9358695652173913 0.02753623188405797 0.10217391304347827
0 0.16884057971014493 0.907608695652174 0.01884057971014493 0.07173913043478261
0 0.09492753623188406 0.9054347826086957 0.01884057971014493 0.07173913043478261
2 0.9659420289855073 0.8119565217391305 0.01884057971014493 0.02826086956521739
2 0.9485507246376812 0.8130434782608695 0.02463768115942029 0.030434782608695653
2 0.8869565217391304 0.7967391304347826 0.028985507246376812 0.02826086956521739
2 0.8231884057971014 0.7847826086956522 0.017391304347826087 0.0391304347826087
2 0.808695652173913 0.782608695652174 0.02318840579710145 0.034782608695652174
2 0.7746376811594203 0.782608695652174 0.021739130434782608 0.0391304347826087
2 0.7557971014492754 0.7782608695652173 0.01884057971014493 0.0391304347826087
2 0.7181159420289855 0.7717391304347826 0.021739130434782608 0.043478260869565216
2 0.6992753623188406 0.7717391304347826 0.02463768115942029 0.030434782608695653
2 0.6768115942028986 0.7739130434782608 0.02318840579710145 0.030434782608695653
2 0.6565217391304348 0.7728260869565218 0.02608695652173913 0.03695652173913044
2 0.6268115942028986 0.7717391304347826 0.02753623188405797 0.04782608695652174
2 0.5021739130434782 0.7804347826086957 0.021739130434782608 0.034782608695652174
2 0.4181159420289855 0.7934782608695652 0.013043478260869565 0.0391304347826087
2 0.40217391304347827 0.7913043478260869 0.015942028985507246 0.0391304347826087
2 0.3760869565217391 0.7902173913043479 0.021739130434782608 0.02826086956521739
2 0.3536231884057971 0.7880434782608695 0.014492753623188406 0.02826086956521739
2 0.3391304347826087 0.7902173913043479 0.02608695652173913 0.03260869565217391
2 0.2876811594202899 0.8010869565217391 0.01884057971014493 0.03260869565217391
2 0.2753623188405797 0.8021739130434783 0.02318840579710145 0.030434782608695653
2 0.24420289855072463 0.825 0.021739130434782608 0.02391304347826087
2 0.21666666666666667 0.8358695652173913 0.015942028985507246 0.041304347826086954
2 0.19710144927536233 0.8293478260869566 0.017391304347826087 0.02391304347826087
2 0.17681159420289855 0.8347826086956521 0.017391304347826087 0.0391304347826087
2 0.08043478260869565 0.8902173913043478 0.015942028985507246 0.04565217391304348
2 0.06231884057971015 0.8880434782608696 0.020289855072463767 0.04565217391304348
2 0.012318840579710146 0.8891304347826087 0.021739130434782608 0.06956521739130435
