0 0.055384615384615386 0.4745958429561201 0.11076923076923077 0.5242494226327945
0 0.10307692307692308 0.5057736720554272 0.15692307692307692 0.5727482678983834
0 0.18076923076923077 0.5623556581986143 0.1523076923076923 0.5612009237875288
0 0.27 0.6212471131639723 0.14923076923076922 0.5496535796766744
0 0.3769230769230769 0.6720554272517321 0.16615384615384615 0.6096997690531177
0 0.4653846153846154 0.5242494226327945 0.1523076923076923 0.5635103926096998
0 0.3169230769230769 0.42609699769053117 0.12 0.4457274826789838
0 0.46 0.12702078521939955 0.06461538461538462 0.24480369515011546
0 0.556923076923077 0.4168591224018476 0.12307692307692308 0.4503464203233256
0 0.5984615384615385 0.581986143187067 0.15076923076923077 0.5542725173210161
0 0.6569230769230769 0.40877598152424943 0.09538461538461539 0.3510392609699769
0 0.7223076923076923 0.628175519630485 0.1646153846153846 0.605080831408776
0 0.7846153846153846 0.48267898383371827 0.13846153846153847 0.5127020785219399
0 0.8846153846153846 0.5438799076212472 0.13846153846153847 0.5150115473441108
0 0.9661538461538461 0.33602771362586603 0.06769230769230769 0.43187066974595845
0 0.75 0.12009237875288684 0.05692307692307692 0.20785219399538107
0 0.7630769230769231 0.11200923787528869 0.055384615384615386 0.21016166281755197
0 0.7176923076923077 0.12124711316397228 0.06 0.22401847575057737
0 0.6861538461538461 0.1235565819861432 0.06153846153846154 0.22401847575057737
0 0.6161538461538462 0.13625866050808313 0.06615384615384616 0.24480369515011546
0 0.5807692307692308 0.14549653579676675 0.06923076923076923 0.2540415704387991
2 0.02923076923076923 0.6662817551963048 0.055384615384615386 0.5935334872979214
2 0.1976923076923077 0.23094688221709006 0.07846153846153846 0.11547344110854503
2 0.41384615384615386 0.18244803695150116 0.08615384615384615 0.07390300230946882
2 0.4053846153846154 0.26212471131639725 0.07230769230769231 0.10854503464203233
2 0.6453846153846153 0.1697459584295612 0.05692307692307692 0.08083140877598152
2 0.7546153846153846 0.17090069284064666 0.06307692307692307 0.07390300230946882
2 0.8915384615384615 0.22748267898383373 0.05692307692307692 0.11778290993071594
2 0.8946153846153846 0.11431870669745958 0.038461538461538464 0.08545034642032333
2 0.9092307692307692 0.03233256351039261 0.043076923076923075 0.050808314087759814
2 0.8707692307692307 0.028868360277136258 0.027692307692307693 0.053117782909930716
2 0.8384615384615385 0.02424942263279446 0.046153846153846156 0.04849884526558892
