0 0.09468085106382979 0.6118210862619808 0.16170212765957448 0.5910543130990416
0 0.5170212765957447 0.6437699680511182 0.09787234042553192 0.36421725239616615
0 0.7207446808510638 0.6174121405750799 0.10531914893617021 0.38817891373801916
0 0.6382978723404256 0.48003194888178913 0.07234042553191489 0.26357827476038337
0 0.8468085106382979 0.43130990415335463 0.05106382978723404 0.19169329073482427
0 0.8622340425531915 0.505591054313099 0.07127659574468086 0.26677316293929715
0 0.8914893617021277 0.597444089456869 0.1 0.3706070287539936
0 0.15691489361702127 0.41613418530351437 0.06063829787234042 0.22523961661341854
0 0.10372340425531915 0.3426517571884984 0.0627659574468085 0.23162939297124602
2 0.017553191489361703 0.24361022364217252 0.035106382978723406 0.10063897763578275
2 0.04680851063829787 0.23242811501597443 0.06382978723404255 0.08466453674121406
2 0.14202127659574468 0.2356230031948882 0.12872340425531914 0.07827476038338659
2 0.20797872340425533 0.3562300319488818 0.05 0.09904153354632587
2 0.2372340425531915 0.28674121405750796 0.05319148936170213 0.0463258785942492
2 0.25372340425531914 0.24600638977635783 0.07553191489361702 0.06389776357827476
2 0.3101063829787234 0.2507987220447284 0.043617021276595745 0.07987220447284345
2 0.29521276595744683 0.31789137380191695 0.03723404255319149 0.06389776357827476
2 0.27393617021276595 0.3019169329073482 0.02446808510638298 0.05750798722044728
2 0.26861702127659576 0.3698083067092652 0.06702127659574468 0.08466453674121406
2 0.26170212765957446 0.49440894568690097 0.06382978723404255 0.05591054313099041
2 0.3372340425531915 0.5862619808306709 0.08723404255319149 0.12140575079872204
2 0.3718085106382979 0.4776357827476038 0.05 0.12779552715654952
2 0.38563829787234044 0.33785942492012777 0.09680851063829787 0.23162939297124602
2 0.4728723404255319 0.268370607028754 0.03723404255319149 0.07028753993610223
2 0.5180851063829788 0.26198083067092653 0.05106382978723404 0.08626198083067092
2 0.5808510638297872 0.25878594249201275 0.04468085106382979 0.0670926517571885
2 0.5335106382978724 0.4736421725239617 0.0627659574468085 0.09105431309904154
2 0.5047872340425532 0.33865814696485624 0.05638297872340425 0.07028753993610223
2 0.44627659574468087 0.5543130990415336 0.043617021276595745 0.06389776357827476
2 0.3484042553191489 0.8003194888178914 0.17340425531914894 0.21405750798722045
2 0.747872340425532 0.3769968051118211 0.059574468085106386 0.08306709265175719
2 0.7664893617021277 0.31549520766773165 0.07765957446808511 0.07188498402555911
2 0.847872340425532 0.34824281150159747 0.07021276595744681 0.09584664536741214
2 0.9303191489361702 0.3722044728434505 0.06063829787234042 0.11501597444089456
4 0.8563829787234043 0.28115015974440893 0.2 0.05750798722044728
