0 0.16083333333333333 0.5425 0.10166666666666667 0.375
0 0.23 0.5725 0.12 0.44
0 0.3333333333333333 0.60375 0.14333333333333334 0.5275
0 0.44083333333333335 0.51875 0.08833333333333333 0.3225
0 0.5508333333333333 0.55 0.10833333333333334 0.405
0 0.6433333333333333 0.63875 0.15 0.5525
0 0.7108333333333333 0.58 0.135 0.495
0 0.9691666666666666 0.47625 0.06166666666666667 0.3175
0 0.48083333333333333 0.47875 0.075 0.2775
0 0.5158333333333334 0.455 0.07166666666666667 0.27
0 0.40166666666666667 0.4975 0.07 0.265
0 0.27666666666666667 0.48875 0.07333333333333333 0.2775
0 0.09666666666666666 0.50875 0.08 0.2925
0 0.035 0.51375 0.07 0.2775
2 0.0375 0.27 0.058333333333333334 0.07
2 0.11083333333333334 0.27125 0.058333333333333334 0.0775
2 0.20916666666666667 0.265 0.075 0.095
2 0.30666666666666664 0.27875 0.07 0.0975
2 0.3933333333333333 0.2775 0.03333333333333333 0.085
2 0.36583333333333334 0.33625 0.035 0.0825
2 0.1875 0.3575 0.04833333333333333 0.07
2 0.08833333333333333 0.35 0.05333333333333334 0.065
2 0.009166666666666667 0.35625 0.018333333333333333 0.0725
2 0.6008333333333333 0.3625 0.045 0.08
2 0.5775 0.215 0.028333333333333332 0.065
2 0.635 0.2 0.04 0.085
2 0.445 0.34375 0.056666666666666664 0.0775
