0 0.17384615384615384 0.7039170506912442 0.12615384615384614 0.4631336405529954
0 0.2469230769230769 0.7050691244239631 0.12461538461538461 0.4608294930875576
0 0.30923076923076925 0.6935483870967742 0.11384615384615385 0.41935483870967744
0 0.37 0.6555299539170507 0.11846153846153847 0.4308755760368664
0 0.4230769230769231 0.6555299539170507 0.11076923076923077 0.41244239631336405
0 0.4576923076923077 0.6923963133640553 0.1 0.3709677419354839
0 0.5353846153846153 0.6889400921658986 0.09846153846153846 0.3640552995391705
0 0.49923076923076926 0.6532258064516129 0.1123076923076923 0.41705069124423966
0 0.5692307692307692 0.6555299539170507 0.10153846153846154 0.37557603686635943
0 0.6046153846153847 0.6670506912442397 0.09230769230769231 0.3387096774193548
0 0.6323076923076923 0.6474654377880185 0.09846153846153846 0.3640552995391705
0 0.6676923076923077 0.6912442396313364 0.10153846153846154 0.3686635944700461
0 0.7053846153846154 0.6324884792626728 0.09076923076923077 0.3387096774193548
0 0.7546153846153846 0.684331797235023 0.10615384615384615 0.3870967741935484
0 0.8430769230769231 0.6658986175115207 0.11076923076923077 0.4055299539170507
2 0.28923076923076924 0.7430875576036866 0.052307692307692305 0.12672811059907835
2 0.806923076923077 0.7338709677419355 0.05384615384615385 0.11290322580645161
2 0.021538461538461538 0.5725806451612904 0.033846153846153845 0.08525345622119816
2 0.06461538461538462 0.5817972350230415 0.043076923076923075 0.08064516129032258
