0 0.1356382978723404 0.6541176470588236 0.19326241134751773 0.6305882352941177
0 0.4450354609929078 0.6435294117647059 0.19148936170212766 0.6282352941176471
0 0.624113475177305 0.5847058823529412 0.1347517730496454 0.43529411764705883
0 0.7562056737588653 0.5847058823529412 0.13297872340425532 0.43529411764705883
0 0.8865248226950354 0.5905882352941176 0.14184397163120568 0.4611764705882353
0 0.924645390070922 0.6305882352941177 0.12943262411347517 0.4235294117647059
0 0.9521276595744681 0.6152941176470588 0.09574468085106383 0.3976470588235294
2 0.6906028368794326 0.5176470588235295 0.07624113475177305 0.08
2 0.8191489361702128 0.5235294117647059 0.06028368794326241 0.09176470588235294
2 0.8413120567375887 0.42705882352941177 0.0549645390070922 0.07764705882352942
2 0.5434397163120568 0.5435294117647059 0.051418439716312055 0.09411764705882353
2 0.4920212765957447 0.54 0.044326241134751775 0.12
2 0.5328014184397163 0.38235294117647056 0.06560283687943262 0.06352941176470588
2 0.26595744680851063 0.42 0.0673758865248227 0.08235294117647059
2 0.32180851063829785 0.4176470588235294 0.06914893617021277 0.09176470588235294
2 0.32358156028368795 0.5317647058823529 0.06560283687943262 0.09411764705882353
2 0.19592198581560283 0.5223529411764706 0.030141843971631204 0.07529411764705882
2 0.23138297872340424 0.5458823529411765 0.047872340425531915 0.08941176470588236
2 0.2553191489361702 0.5235294117647059 0.04964539007092199 0.09176470588235294
2 0.06648936170212766 0.5658823529411765 0.08687943262411348 0.05411764705882353
