0 0.064 0.3890374331550802 0.128 0.660427807486631
0 0.118 0.3997326203208556 0.22 0.7245989304812834
0 0.224 0.39572192513368987 0.184 0.5989304812834224
0 0.318 0.3810160427807487 0.152 0.4946524064171123
0 0.387 0.4157754010695187 0.17 0.553475935828877
0 0.482 0.39705882352941174 0.14 0.4625668449197861
0 0.572 0.4625668449197861 0.12 0.40106951871657753
0 0.761 0.48262032085561496 0.162 0.5320855614973262
0 0.826 0.5040106951871658 0.18 0.5909090909090909
0 0.929 0.4879679144385027 0.142 0.6122994652406417
0 0.451 0.8235294117647058 0.074 0.24598930481283424
1 0.671 0.3983957219251337 0.114 0.37433155080213903
2 0.555 0.5294117647058824 0.15 0.17647058823529413
