0 0.034375 0.6355555555555555 0.06875 0.44
0 0.08625 0.65 0.1075 0.4688888888888889
0 0.17125 0.6677777777777778 0.12 0.5222222222222223
0 0.228125 0.6344444444444445 0.08375 0.3711111111111111
0 0.246875 0.6555555555555556 0.09375 0.41333333333333333
0 0.280625 0.6855555555555556 0.13625 0.5888888888888889
0 0.34625 0.6533333333333333 0.11 0.47555555555555556
0 0.38125 0.6811111111111111 0.12 0.5266666666666666
0 0.44375 0.6866666666666666 0.115 0.5022222222222222
0 0.495 0.6733333333333333 0.0975 0.4266666666666667
0 0.54875 0.6822222222222222 0.1125 0.49333333333333335
0 0.61125 0.67 0.0975 0.42444444444444446
0 0.636875 0.6922222222222222 0.10875 0.47333333333333333
0 0.659375 0.6677777777777778 0.09375 0.4111111111111111
0 0.69125 0.69 0.1075 0.4688888888888889
0 0.751875 0.6844444444444444 0.10625 0.4666666666666667
0 0.80875 0.6777777777777778 0.1 0.44
2 0.04625 0.4711111111111111 0.035 0.09333333333333334
2 0.118125 0.43555555555555553 0.04125 0.09777777777777778
2 0.218125 0.46555555555555556 0.03625 0.08666666666666667
2 0.32875 0.4488888888888889 0.05 0.057777777777777775
2 0.418125 0.4722222222222222 0.03625 0.08222222222222222
2 0.4775 0.49777777777777776 0.0475 0.09777777777777778
2 0.965 0.5744444444444444 0.05 0.06444444444444444
