0 0.060909090909090906 0.37212643678160917 0.11454545454545455 0.4511494252873563
0 0.26454545454545453 0.4755747126436782 0.21636363636363637 0.8419540229885057
0 0.3336363636363636 0.31896551724137934 0.13272727272727272 0.5114942528735632
0 0.4163636363636364 0.3333333333333333 0.11636363636363636 0.4482758620689655
0 0.5590909090909091 0.47413793103448276 0.1690909090909091 0.6494252873563219
0 0.6136363636363636 0.3175287356321839 0.08181818181818182 0.31896551724137934
0 0.7 0.21982758620689655 0.11272727272727273 0.4339080459770115
0 0.7172727272727273 0.3735632183908046 0.14727272727272728 0.5747126436781609
0 0.8736363636363637 0.36063218390804597 0.1290909090909091 0.5086206896551724
0 0.7945454545454546 0.2686781609195402 0.10181818181818182 0.3936781609195402
2 0.850909090909091 0.13793103448275862 0.04363636363636364 0.13793103448275862
2 0.9118181818181819 0.08764367816091954 0.06 0.10057471264367816
2 0.9545454545454546 0.24568965517241378 0.04 0.13505747126436782
2 0.9772727272727273 0.06609195402298851 0.04181818181818182 0.13218390804597702
