0 0.06640625 0.5212922173274597 0.099609375 0.3700440528634361
0 0.1826171875 0.5837004405286343 0.150390625 0.55359765051395
0 0.28125 0.4889867841409692 0.12890625 0.47283406754772395
0 0.353515625 0.4177679882525698 0.0703125 0.26284875183553597
0 0.41796875 0.5168869309838473 0.115234375 0.42290748898678415
0 0.50830078125 0.5499265785609398 0.1728515625 0.6328928046989721
0 0.62158203125 0.5506607929515418 0.1708984375 0.631424375917768
0 0.70361328125 0.593245227606461 0.1474609375 0.5462555066079295
0 0.80908203125 0.5161527165932452 0.1376953125 0.5095447870778267
0 0.955078125 0.5712187958883994 0.08984375 0.5844346549192364
2 0.14501953125 0.3377386196769457 0.0439453125 0.0763582966226138
2 0.3251953125 0.3274596182085169 0.029296875 0.06167400881057269
2 0.3984375 0.3333333333333333 0.01953125 0.07929515418502203
2 0.4482421875 0.3355359765051395 0.033203125 0.07782672540381791
2 0.57080078125 0.32158590308370044 0.0322265625 0.07929515418502203
2 0.65673828125 0.30469897209985314 0.0361328125 0.10719530102790015
2 0.86279296875 0.35389133627019087 0.0419921875 0.09104258443465492
2 0.93701171875 0.3252569750367107 0.0380859375 0.10425844346549193
2 0.75048828125 0.3311306901615272 0.0439453125 0.09544787077826726
