0 0.043 0.6066666666666667 0.086 0.376
0 0.185 0.6946666666666667 0.166 0.5413333333333333
0 0.292 0.5133333333333333 0.016 0.06133333333333333
0 0.329 0.488 0.03 0.10133333333333333
0 0.351 0.5013333333333333 0.026 0.08533333333333333
0 0.383 0.49733333333333335 0.03 0.09866666666666667
0 0.402 0.4826666666666667 0.028 0.10133333333333333
0 0.429 0.47733333333333333 0.022 0.07466666666666667
0 0.455 0.4746666666666667 0.026 0.08533333333333333
0 0.477 0.472 0.03 0.096
0 0.499 0.472 0.026 0.09066666666666667
0 0.728 0.496 0.072 0.24
0 0.768 0.4826666666666667 0.052 0.176
0 0.84 0.48 0.048 0.16533333333333333
0 0.877 0.468 0.034 0.11466666666666667
0 0.91 0.4746666666666667 0.028 0.09066666666666667
0 0.943 0.456 0.034 0.11733333333333333
0 0.965 0.45066666666666666 0.034 0.112
2 0.095 0.4746666666666667 0.066 0.11733333333333333
2 0.409 0.42933333333333334 0.242 0.037333333333333336
2 0.67 0.4226666666666667 0.068 0.04
2 0.796 0.412 0.076 0.034666666666666665
2 0.91 0.39466666666666667 0.128 0.032
