0 0.067 0.6651234567901234 0.086 0.32407407407407407
0 0.142 0.6558641975308642 0.12 0.4537037037037037
0 0.228 0.6898148148148148 0.08 0.3117283950617284
0 0.294 0.6496913580246914 0.116 0.44135802469135804
0 0.438 0.6651234567901234 0.08 0.3117283950617284
0 0.508 0.6296296296296297 0.12 0.4506172839506173
0 0.635 0.6666666666666666 0.086 0.32098765432098764
0 0.684 0.6435185185185185 0.112 0.42901234567901236
0 0.808 0.654320987654321 0.084 0.32098765432098764
0 0.934 0.6311728395061729 0.112 0.42901234567901236
3 0.057 0.23765432098765432 0.114 0.4506172839506173
3 0.634 0.19135802469135801 0.212 0.38271604938271603
