0 0.10144927536231885 0.5851063829787234 0.16521739130434782 0.539651837524178
0 0.19130434782608696 0.5077369439071566 0.13623188405797101 0.44294003868471954
0 0.34782608695652173 0.5174081237911026 0.1391304347826087 0.4584139264990329
0 0.39492753623188404 0.4874274661508704 0.1289855072463768 0.425531914893617
0 0.47608695652173916 0.4835589941972921 0.13768115942028986 0.4526112185686654
0 0.5717391304347826 0.48549323017408125 0.10579710144927536 0.344294003868472
0 0.6152173913043478 0.49806576402321084 0.08840579710144927 0.29206963249516443
0 0.7043478260869566 0.4671179883945841 0.08695652173913043 0.28820116054158607
0 0.7753623188405797 0.44197292069632493 0.10434782608695652 0.34622823984526113
0 0.8797101449275362 0.3704061895551257 0.09855072463768116 0.3230174081237911
0 0.936231884057971 0.46034816247582205 0.11304347826086956 0.3713733075435203
0 0.9579710144927536 0.4671179883945841 0.08405797101449275 0.43520309477756286
0 0.5253623188405797 0.3471953578336557 0.013043478260869565 0.04061895551257253
2 0.0536231884057971 0.3471953578336557 0.04057971014492753 0.08317214700193423
2 0.1644927536231884 0.3694390715667311 0.02463768115942029 0.06963249516441006
2 0.5246376811594203 0.3346228239845261 0.043478260869565216 0.058027079303675046
2 0.6166666666666667 0.344294003868472 0.04782608695652174 0.027079303675048357
2 0.7014492753623188 0.31237911025145065 0.07246376811594203 0.0367504835589942
