0 0.06857142857142857 0.5568669527896996 0.04 0.148068669527897
0 0.17714285714285713 0.5579399141630901 0.04 0.15021459227467812
0 0.2007142857142857 0.6105150214592274 0.08428571428571428 0.315450643776824
0 0.25285714285714284 0.5590128755364807 0.037142857142857144 0.13948497854077252
0 0.27714285714285714 0.5654506437768241 0.04285714285714286 0.15665236051502146
0 0.3271428571428571 0.5665236051502146 0.045714285714285714 0.17167381974248927
0 0.3392857142857143 0.5354077253218884 0.03 0.11802575107296137
0 0.35214285714285715 0.5793991416309013 0.05 0.18454935622317598
0 0.38571428571428573 0.555793991416309 0.03428571428571429 0.12446351931330472
0 0.42 0.5965665236051502 0.05714285714285714 0.2145922746781116
0 0.45071428571428573 0.5697424892703863 0.03857142857142857 0.14377682403433475
0 0.4807142857142857 0.5761802575107297 0.04428571428571428 0.1609442060085837
0 0.5085714285714286 0.6083690987124464 0.07142857142857142 0.26824034334763946
0 0.5664285714285714 0.572961373390558 0.04428571428571428 0.1630901287553648
0 0.5871428571428572 0.601931330472103 0.05142857142857143 0.18669527896995708
0 0.6157142857142858 0.6362660944206009 0.08857142857142856 0.3240343347639485
0 0.6621428571428571 0.6094420600858369 0.05285714285714286 0.2017167381974249
0 0.6892857142857143 0.5740343347639485 0.041428571428571426 0.15665236051502146
0 0.7085714285714285 0.528969957081545 0.02857142857142857 0.10944206008583691
0 0.7442857142857143 0.5600858369098712 0.03428571428571429 0.12446351931330472
0 0.7535714285714286 0.5987124463519313 0.047142857142857146 0.1759656652360515
0 0.7864285714285715 0.6266094420600858 0.07285714285714286 0.26609442060085836
0 0.8864285714285715 0.7017167381974249 0.11571428571428571 0.4291845493562232
0 0.9378571428571428 0.5836909871244635 0.04428571428571428 0.1630901287553648
0 0.9807142857142858 0.5976394849785408 0.03857142857142857 0.21244635193133046
2 0.8342857142857143 0.5085836909871244 0.04285714285714286 0.09871244635193133
2 0.9414285714285714 0.528969957081545 0.06857142857142857 0.08369098712446352
2 0.6578571428571428 0.5075107296137339 0.032857142857142856 0.07081545064377683
2 0.7114285714285714 0.5032188841201717 0.037142857142857144 0.05793991416309013
