0 0.08588235294117647 0.5097173144876325 0.15764705882352942 0.5812720848056537
0 0.2076470588235294 0.39752650176678445 0.07411764705882352 0.2756183745583039
0 0.3211764705882353 0.5512367491166078 0.19294117647058823 0.7102473498233216
0 0.43058823529411766 0.44876325088339225 0.0988235294117647 0.36042402826855124
0 0.37588235294117645 0.48056537102473496 0.09529411764705882 0.3498233215547703
0 0.39176470588235296 0.38869257950530034 0.05647058823529412 0.20848056537102475
0 0.48294117647058826 0.43551236749116606 0.07882352941176471 0.2879858657243816
0 0.5358823529411765 0.48586572438162545 0.12117647058823529 0.44876325088339225
0 0.6135294117647059 0.5856890459363958 0.19176470588235295 0.7084805653710248
0 0.7041176470588235 0.4717314487632509 0.12588235294117647 0.45936395759717313
0 0.7288235294117648 0.4540636042402827 0.09529411764705882 0.35335689045936397
0 0.8023529411764706 0.4293286219081272 0.06352941176470588 0.23674911660777384
0 0.7541176470588236 0.38162544169611307 0.04470588235294118 0.16607773851590105
0 0.8611764705882353 0.4125441696113074 0.0611764705882353 0.22791519434628976
0 0.8805882352941177 0.40724381625441697 0.04588235294117647 0.16784452296819788
0 0.9058823529411765 0.4019434628975265 0.047058823529411764 0.17137809187279152
0 0.9582352941176471 0.39752650176678445 0.03176470588235294 0.12014134275618374
2 0.591764705882353 0.28533568904593637 0.03058823529411765 0.08657243816254417
