0 0.722 0.7044776119402985 0.144 0.5313432835820896
0 0.562 0.6 0.104 0.382089552238806
0 0.483 0.5791044776119403 0.09 0.33432835820895523
0 0.4 0.5791044776119403 0.084 0.3044776119402985
0 0.316 0.46417910447761196 0.028 0.11044776119402985
0 0.222 0.591044776119403 0.1 0.3641791044776119
0 0.177 0.5597014925373134 0.074 0.2716417910447761
0 0.099 0.5417910447761194 0.07 0.2537313432835821
0 0.142 0.5059701492537313 0.052 0.1880597014925373
0 0.037 0.5432835820895522 0.074 0.26865671641791045
0 0.019 0.4925373134328358 0.038 0.14925373134328357
2 0.25 0.25223880597014925 0.12 0.0626865671641791
2 0.346 0.373134328358209 0.028 0.06567164179104477
2 0.387 0.3701492537313433 0.038 0.04776119402985075
2 0.55 0.3686567164179104 0.024 0.050746268656716415
2 0.703 0.3776119402985075 0.118 0.1044776119402985
2 0.837 0.34776119402985073 0.106 0.04477611940298507
2 0.803 0.41940298507462687 0.018 0.0626865671641791
2 0.849 0.41940298507462687 0.042 0.03880597014925373
2 0.931 0.42686567164179107 0.066 0.029850746268656716
