0 0.07875 0.47368421052631576 0.1225 0.45864661654135336
0 0.10875 0.5281954887218046 0.1175 0.4398496240601504
0 0.14875 0.4868421052631579 0.1025 0.38721804511278196
0 0.17 0.518796992481203 0.11 0.41353383458646614
0 0.21 0.5639097744360902 0.13 0.48120300751879697
0 0.27125 0.48872180451127817 0.0975 0.3609022556390977
0 0.3125 0.41729323308270677 0.11 0.41353383458646614
0 0.5025 0.5131578947368421 0.15 0.5526315789473685
0 0.45375 0.6278195488721805 0.1575 0.5789473684210527
0 0.62375 0.5413533834586466 0.1275 0.48120300751879697
0 0.645 0.6447368421052632 0.14 0.5225563909774437
0 0.68125 0.5357142857142857 0.1125 0.424812030075188
0 0.74375 0.5939849624060151 0.1225 0.45112781954887216
0 0.7975 0.5300751879699248 0.08 0.3007518796992481
0 0.87625 0.4793233082706767 0.1075 0.40225563909774437
0 0.8875 0.6015037593984962 0.125 0.45864661654135336
0 0.945 0.5319548872180451 0.11 0.40977443609022557
2 0.7725 0.37218045112781956 0.105 0.14285714285714285
