0 0.084 0.6276276276276276 0.168 0.7087087087087087
0 0.206 0.545045045045045 0.108 0.3993993993993994
0 0.235 0.5375375375375375 0.11 0.4024024024024024
0 0.262 0.539039039039039 0.104 0.3813813813813814
0 0.291 0.5135135135135135 0.106 0.39039039039039036
0 0.343 0.6081081081081081 0.162 0.5975975975975976
0 0.42 0.5915915915915916 0.14 0.5165165165165165
0 0.497 0.56006006006006 0.146 0.5375375375375375
0 0.56 0.6276276276276276 0.176 0.6426426426426426
0 0.639 0.5375375375375375 0.11 0.4084084084084084
0 0.73 0.5420420420420421 0.12 0.44144144144144143
0 0.77 0.5180180180180181 0.092 0.34534534534534533
0 0.791 0.33483483483483484 0.022 0.08708708708708708
0 0.84 0.4264264264264264 0.04 0.15015015015015015
0 0.858 0.46096096096096095 0.06 0.21921921921921922
0 0.887 0.48348348348348347 0.078 0.2882882882882883
0 0.914 0.46996996996997 0.06 0.23123123123123124
0 0.902 0.47297297297297297 0.076 0.27927927927927926
0 0.957 0.47297297297297297 0.054 0.2012012012012012
0 0.978 0.45345345345345345 0.044 0.18618618618618618
0 0.982 0.45045045045045046 0.036 0.1921921921921922
0 0.936 0.30180180180180183 0.012 0.05105105105105105
2 0.013 0.34984984984984985 0.026 0.2072072072072072
2 0.159 0.33183183183183185 0.03 0.12312312312312312
2 0.181 0.3108108108108108 0.042 0.12312312312312312
2 0.535 0.33483483483483484 0.03 0.09309309309309309
2 0.676 0.3588588588588589 0.044 0.08108108108108109
2 0.755 0.3108108108108108 0.026 0.05105105105105105
2 0.791 0.3108108108108108 0.034 0.08108108108108109
2 0.839 0.2777777777777778 0.038 0.08708708708708708
2 0.877 0.26876876876876876 0.038 0.08708708708708708
2 0.917 0.3048048048048048 0.03 0.0990990990990991
2 0.972 0.2987987987987988 0.036 0.10510510510510511
2 0.463 0.34684684684684686 0.034 0.10510510510510511
