0 0.10583333333333333 0.48552338530066813 0.11166666666666666 0.36971046770601335
0 0.2225 0.4922048997772829 0.115 0.3830734966592428
0 0.305 0.4576837416481069 0.10333333333333333 0.34075723830734966
0 0.3441666666666667 0.4844097995545657 0.10833333333333334 0.35412026726057905
0 0.3491666666666667 0.4821826280623608 0.10833333333333334 0.3585746102449889
0 0.4058333333333333 0.5033407572383074 0.11833333333333333 0.38752783964365256
0 0.4583333333333333 0.48552338530066813 0.11 0.36525612472160357
0 0.5225 0.4621380846325167 0.09833333333333333 0.32293986636971045
0 0.5516666666666666 0.4977728285077951 0.11333333333333333 0.37639198218262804
0 0.5966666666666667 0.4844097995545657 0.12 0.39420935412026725
0 0.66 0.5155902004454342 0.11 0.36302895322939865
0 0.7433333333333333 0.49888641425389757 0.11333333333333333 0.3741648106904232
0 0.7125 0.4888641425389755 0.105 0.34521158129175944
0 0.7783333333333333 0.4933184855233853 0.10333333333333333 0.34521158129175944
0 0.7983333333333333 0.5144766146993318 0.10666666666666667 0.34743875278396436
0 0.8525 0.4866369710467706 0.11166666666666666 0.3674832962138085
0 0.8916666666666667 0.4910913140311804 0.11333333333333333 0.37639198218262804
2 0.5141666666666667 0.33407572383073497 0.041666666666666664 0.0757238307349666
2 0.6666666666666666 0.3273942093541203 0.043333333333333335 0.07126948775055679
