0 0.03363636363636364 0.8337378640776699 0.02 0.0703883495145631
0 0.22454545454545455 0.8094660194174758 0.016363636363636365 0.06067961165048544
0 0.24909090909090909 0.8361650485436893 0.03272727272727273 0.10922330097087378
0 0.2990909090909091 0.8300970873786407 0.034545454545454546 0.11165048543689321
0 0.4081818181818182 0.8240291262135923 0.023636363636363636 0.08495145631067962
0 0.42727272727272725 0.8191747572815534 0.02181818181818182 0.0703883495145631
0 0.6018181818181818 0.787621359223301 0.014545454545454545 0.055825242718446605
0 0.7290909090909091 0.8106796116504854 0.02909090909090909 0.10194174757281553
0 0.76 0.8240291262135923 0.04727272727272727 0.15776699029126215
0 0.7854545454545454 0.8300970873786407 0.05454545454545454 0.18446601941747573
0 0.8045454545454546 0.8276699029126213 0.045454545454545456 0.15048543689320387
0 0.92 0.8021844660194175 0.03636363636363636 0.11893203883495146
0 0.95 0.7888349514563107 0.034545454545454546 0.12135922330097088
0 0.9881818181818182 0.7912621359223301 0.023636363636363636 0.0970873786407767
