0 0.03046875 0.40947075208913647 0.0171875 0.07799442896935933
0 0.134765625 0.3955431754874652 0.01484375 0.06963788300835655
0 0.144140625 0.39275766016713093 0.01328125 0.06128133704735376
0 0.161328125 0.3892757660167131 0.01484375 0.06824512534818941
0 0.17734375 0.38579387186629527 0.0140625 0.06406685236768803
0 0.187890625 0.3892757660167131 0.01640625 0.07103064066852367
0 0.431640625 0.3516713091922006 0.00546875 0.023676880222841225
0 0.440625 0.3502785515320334 0.0078125 0.034818941504178275
0 0.421484375 0.3488857938718663 0.00546875 0.026462395543175487
0 0.11640625 0.6142061281337048 0.10625 0.46518105849582175
0 0.211328125 0.5905292479108635 0.09140625 0.4011142061281337
0 0.24765625 0.5355153203342619 0.065625 0.2883008356545961
0 0.253125 0.5807799442896936 0.0734375 0.3203342618384401
0 0.29921875 0.5334261838440112 0.0703125 0.3064066852367688
0 0.3265625 0.520891364902507 0.065625 0.2841225626740947
0 0.359375 0.49512534818941506 0.0671875 0.2966573816155989
0 0.39609375 0.4735376044568245 0.059375 0.2618384401114206
0 0.444921875 0.4568245125348189 0.04453125 0.19498607242339833
0 0.471875 0.44637883008356544 0.0421875 0.18245125348189414
0 0.490625 0.4428969359331476 0.0421875 0.18662952646239556
0 0.508984375 0.43175487465181056 0.03984375 0.17827298050139276
0 0.525390625 0.42618384401114207 0.03828125 0.1671309192200557
0 0.5609375 0.4338440111420613 0.04375 0.1935933147632312
0 0.58359375 0.42270194986072424 0.0328125 0.14345403899721448
0 0.616015625 0.4157381615598886 0.03359375 0.149025069637883
0 0.617578125 0.4129526462395543 0.03046875 0.13509749303621169
0 0.64140625 0.3997214484679666 0.0296875 0.12813370473537605
0 0.666015625 0.38231197771587744 0.02421875 0.10445682451253482
0 0.7765625 0.3788300835654596 0.0328125 0.14763231197771587
0 0.782421875 0.37952646239554316 0.04140625 0.18523676880222842
0 0.815234375 0.37395543175487467 0.04140625 0.18245125348189414
0 0.8375 0.37395543175487467 0.034375 0.15181058495821728
2 0.3015625 0.35376044568245124 0.0203125 0.05013927576601671
2 0.2265625 0.3607242339832869 0.05625 0.022284122562674095
2 0.327734375 0.3488857938718663 0.01171875 0.04317548746518106
2 0.341796875 0.3474930362116992 0.01953125 0.04596100278551532
2 0.378515625 0.35236768802228413 0.01484375 0.0584958217270195
2 0.39375 0.34331476323119775 0.0203125 0.04596100278551532
2 0.462890625 0.34192200557103064 0.02109375 0.0403899721448468
2 0.478125 0.33913649025069637 0.0171875 0.0403899721448468
2 0.49296875 0.334958217270195 0.0125 0.054317548746518104
2 0.515234375 0.3321727019498607 0.01328125 0.057103064066852366
2 0.5296875 0.3370473537604457 0.01875 0.055710306406685235
2 0.545703125 0.3363509749303621 0.01640625 0.07381615598885793
2 0.573828125 0.31963788300835655 0.01796875 0.0403899721448468
2 0.600390625 0.32103064066852366 0.02109375 0.04596100278551532
2 0.618359375 0.3266016713091922 0.01796875 0.05988857938718663
2 0.651171875 0.30292479108635095 0.01640625 0.05988857938718663
2 0.68359375 0.29874651810584957 0.009375 0.057103064066852366
2 0.69609375 0.3398328690807799 0.0140625 0.03899721448467967
2 0.70625 0.3084958217270195 0.009375 0.04317548746518106
2 0.719140625 0.3043175487465181 0.01640625 0.04874651810584958
