0 0.053636363636363635 0.7357357357357357 0.10727272727272727 0.5105105105105106
0 0.10636363636363637 0.5900900900900901 0.11090909090909092 0.45345345345345345
0 0.15 0.7282282282282282 0.12545454545454546 0.5075075075075075
0 0.20909090909090908 0.7522522522522522 0.11272727272727273 0.4594594594594595
0 0.4018181818181818 0.7072072072072072 0.12727272727272726 0.5135135135135135
0 0.47 0.6606606606606606 0.10727272727272727 0.43243243243243246
0 0.44363636363636366 0.5435435435435435 0.10909090909090909 0.45045045045045046
0 0.5363636363636364 0.551051051051051 0.09454545454545454 0.3813813813813814
0 0.5709090909090909 0.7192192192192193 0.13090909090909092 0.5255255255255256
0 0.5981818181818181 0.6441441441441441 0.11272727272727273 0.4594594594594595
0 0.7509090909090909 0.7357357357357357 0.12 0.4864864864864865
0 0.8436363636363636 0.6336336336336337 0.10909090909090909 0.4444444444444444
0 0.8027272727272727 0.493993993993994 0.11454545454545455 0.47147147147147145
0 0.9218181818181819 0.7372372372372372 0.12363636363636364 0.5075075075075075
0 0.9354545454545454 0.521021021021021 0.11090909090909092 0.45345345345345345
0 0.9754545454545455 0.545045045045045 0.04909090909090909 0.2732732732732733
2 0.011818181818181818 0.44144144144144143 0.023636363636363636 0.13213213213213212
2 0.02909090909090909 0.3408408408408408 0.04363636363636364 0.12912912912912913
2 0.16545454545454547 0.3843843843843844 0.06545454545454546 0.15615615615615616
2 0.26545454545454544 0.34234234234234234 0.04363636363636364 0.07807807807807808
2 0.3 0.4159159159159159 0.05090909090909091 0.08108108108108109
2 0.30727272727272725 0.4954954954954955 0.05818181818181818 0.07207207207207207
2 0.3236363636363636 0.6036036036036037 0.05454545454545454 0.11411411411411411
2 0.2972727272727273 0.8393393393393394 0.0890909090909091 0.15315315315315314
2 0.37 0.44594594594594594 0.06363636363636363 0.07507507507507508
2 0.51 0.46396396396396394 0.034545454545454546 0.09309309309309309
2 0.639090909090909 0.3918918918918919 0.04181818181818182 0.1111111111111111
2 0.6918181818181818 0.36036036036036034 0.03090909090909091 0.1021021021021021
2 0.7236363636363636 0.42792792792792794 0.03636363636363636 0.09309309309309309
2 0.6645454545454546 0.5870870870870871 0.05272727272727273 0.12312312312312312
2 0.8881818181818182 0.3813813813813814 0.03090909090909091 0.10810810810810811
2 0.9390909090909091 0.47897897897897895 0.05272727272727273 0.0990990990990991
