0 0.4425 0.4926062846580407 0.187 0.844731977818854
0 0.653 0.5138632162661737 0.176 0.7948243992606284
0 0.909 0.46487985212569316 0.182 0.8927911275415896
0 0.849 0.5351201478743068 0.17 0.767097966728281
0 0.9345 0.5064695009242144 0.131 0.8465804066543438
0 0.7685 0.47412199630314233 0.099 0.4454713493530499
0 0.8135 0.34288354898336415 0.069 0.3123844731977819
0 0.7755 0.33826247689463956 0.079 0.36229205175600737
0 0.546 0.3188539741219963 0.048 0.2199630314232902
0 0.3035 0.34750462107208874 0.051 0.22920517560073936
2 0.168 0.17005545286506468 0.18 0.3031423290203327
2 0.7085 0.23475046210720887 0.033 0.08872458410351201
2 0.4855 0.21256931608133087 0.019 0.08502772643253234
2 0.511 0.2356746765249538 0.022 0.06099815157116451
2 0.3585 0.20517560073937152 0.049 0.07763401109057301
