0 0.029245283018867925 0.5175438596491229 0.05849056603773585 0.23976608187134502
0 0.10660377358490566 0.5248538011695907 0.05849056603773585 0.22514619883040934
0 0.07452830188679245 0.5073099415204678 0.04716981132075472 0.1783625730994152
0 0.13584905660377358 0.52046783625731 0.045283018867924525 0.1695906432748538
0 0.20849056603773586 0.52046783625731 0.062264150943396226 0.24561403508771928
0 0.1811320754716981 0.577485380116959 0.06792452830188679 0.260233918128655
0 0.24716981132075472 0.5248538011695907 0.04905660377358491 0.18421052631578946
0 0.28679245283018867 0.5131578947368421 0.052830188679245285 0.20760233918128654
0 0.33867924528301885 0.5584795321637427 0.062264150943396226 0.24561403508771928
0 0.44339622641509435 0.5380116959064327 0.06415094339622641 0.23976608187134502
0 0.5801886792452831 0.5292397660818714 0.0660377358490566 0.2573099415204678
0 0.6867924528301886 0.5248538011695907 0.07547169811320754 0.2953216374269006
0 0.7452830188679245 0.5394736842105263 0.04905660377358491 0.19005847953216373
0 0.7660377358490567 0.5394736842105263 0.05660377358490566 0.2134502923976608
0 0.8066037735849056 0.5380116959064327 0.04716981132075472 0.1871345029239766
0 0.8490566037735849 0.5453216374269005 0.052830188679245285 0.20175438596491227
0 0.9169811320754717 0.5745614035087719 0.0830188679245283 0.3128654970760234
0 0.8811320754716981 0.5321637426900585 0.045283018867924525 0.17543859649122806
0 0.9858490566037735 0.5292397660818714 0.02830188679245283 0.14619883040935672
