0 0.028 0.46996996996997 0.056 0.2132132132132132
0 0.105 0.4294294294294294 0.042 0.16216216216216217
0 0.123 0.4084084084084084 0.046 0.17417417417417416
0 0.18 0.3303303303303303 0.024 0.09009009009009009
0 0.198 0.33933933933933935 0.024 0.09009009009009009
0 0.237 0.2927927927927928 0.018 0.07507507507507508
0 0.294 0.4009009009009009 0.024 0.09309309309309309
0 0.317 0.4009009009009009 0.03 0.1111111111111111
0 0.359 0.44744744744744747 0.058 0.21021021021021022
0 0.505 0.4519519519519519 0.05 0.1891891891891892
0 0.564 0.42342342342342343 0.044 0.16216216216216217
0 0.627 0.4219219219219219 0.034 0.12312312312312312
0 0.781 0.44294294294294295 0.042 0.15315315315315314
0 0.873 0.45345345345345345 0.05 0.1921921921921922
0 0.949 0.45495495495495497 0.042 0.15915915915915915
0 0.976 0.42342342342342343 0.036 0.13213213213213212
0 0.9 0.4294294294294294 0.04 0.14414414414414414
0 0.806 0.4069069069069069 0.028 0.1111111111111111
2 0.039 0.24924924924924924 0.042 0.05405405405405406
2 0.013 0.27177177177177175 0.018 0.03903903903903904
