0 0.138 0.2826086956521739 0.144 0.546583850931677
0 0.867 0.21894409937888198 0.046 0.17701863354037267
0 0.899 0.18322981366459629 0.042 0.16770186335403728
0 0.753 0.15683229813664595 0.034 0.13975155279503104
0 0.782 0.14596273291925466 0.028 0.11801242236024845
0 0.822 0.15838509316770186 0.032 0.13043478260869565
0 0.726 0.16614906832298137 0.036 0.13975155279503104
0 0.583 0.14130434782608695 0.03 0.12111801242236025
0 0.609 0.12111801242236025 0.03 0.11180124223602485
0 0.556 0.14285714285714285 0.028 0.10559006211180125
0 0.5 0.14596273291925466 0.028 0.11801242236024845
2 0.395 0.5 0.094 0.2111801242236025
2 0.423 0.8338509316770186 0.202 0.2391304347826087
2 0.734 0.827639751552795 0.188 0.15838509316770186
2 0.881 0.7919254658385093 0.11 0.2608695652173913
2 0.563 0.36335403726708076 0.102 0.19254658385093168
2 0.63 0.19099378881987578 0.072 0.08385093167701864
