0 0.7521739130434782 0.6653771760154739 0.05507246376811594 0.17794970986460348
0 0.7797101449275362 0.6702127659574468 0.057971014492753624 0.19148936170212766
0 0.8181159420289855 0.6673114119922631 0.05652173913043478 0.18568665377176016
0 0.8572463768115942 0.6731141199226306 0.06231884057971015 0.2011605415860735
0 0.9717391304347827 0.6431334622823984 0.05652173913043478 0.20696324951644102
0 0.9492753623188406 0.5909090909090909 0.05217391304347826 0.1760154738878143
0 0.9268115942028986 0.5822050290135397 0.02753623188405797 0.08897485493230174
0 0.9101449275362319 0.5725338491295938 0.0463768115942029 0.15087040618955513
0 0.9572463768115942 0.2901353965183752 0.030434782608695653 0.10058027079303675
0 0.9855072463768116 0.28433268858800775 0.02608695652173913 0.08897485493230174
2 0.2594202898550725 0.7359767891682786 0.0782608695652174 0.09477756286266925
2 0.10652173913043478 0.7707930367504836 0.10289855072463767 0.07930367504835589
2 0.24057971014492754 0.5773694390715667 0.03768115942028986 0.06769825918762089
2 0.2826086956521739 0.6063829787234043 0.02608695652173913 0.05609284332688588
2 0.32318840579710145 0.5077369439071566 0.04057971014492753 0.025145067698259187
2 0.32318840579710145 0.562862669245648 0.057971014492753624 0.05029013539651837
2 0.3753623188405797 0.5657640232108317 0.03768115942028986 0.048355899419729204
2 0.4434782608695652 0.5067698259187621 0.06376811594202898 0.05029013539651837
2 0.5043478260869565 0.5087040618955513 0.057971014492753624 0.04642166344294004
2 0.6355072463768116 0.5019342359767892 0.02463768115942029 0.06382978723404255
2 0.7021739130434783 0.8307543520309478 0.05652173913043478 0.07930367504835589
2 0.9108695652173913 0.7949709864603481 0.10289855072463767 0.11992263056092843
