0 0.0775 0.2784653465346535 0.06833333333333333 0.25
0 0.25833333333333336 0.20297029702970298 0.05 0.18811881188118812
0 0.2991666666666667 0.2896039603960396 0.035 0.12871287128712872
0 0.3283333333333333 0.28836633663366334 0.03666666666666667 0.14108910891089108
0 0.35583333333333333 0.275990099009901 0.03833333333333333 0.14603960396039603
0 0.37416666666666665 0.27722772277227725 0.06166666666666667 0.22277227722772278
0 0.40166666666666667 0.2995049504950495 0.04666666666666667 0.17326732673267325
0 0.43166666666666664 0.27722772277227725 0.04666666666666667 0.1782178217821782
0 0.4525 0.2957920792079208 0.041666666666666664 0.15594059405940594
0 0.5491666666666667 0.24752475247524752 0.065 0.24257425742574257
0 0.6066666666666667 0.24876237623762376 0.05 0.1806930693069307
0 0.6341666666666667 0.24876237623762376 0.041666666666666664 0.15099009900990099
0 0.6633333333333333 0.2537128712871287 0.04 0.15099009900990099
0 0.7358333333333333 0.20544554455445543 0.03833333333333333 0.13861386138613863
0 0.7016666666666667 0.2685643564356436 0.03 0.11138613861386139
0 0.9783333333333334 0.24876237623762376 0.043333333333333335 0.1608910891089109
0 0.9383333333333334 0.24257425742574257 0.02666666666666667 0.10396039603960396
0 0.915 0.25495049504950495 0.03 0.10891089108910891
0 0.885 0.7524752475247525 0.04 0.15346534653465346
0 0.9116666666666666 0.75 0.04 0.15346534653465346
0 0.9458333333333333 0.7623762376237624 0.041666666666666664 0.1485148514851485
0 0.965 0.7438118811881188 0.043333333333333335 0.15594059405940594
0 0.9841666666666666 0.7623762376237624 0.03166666666666667 0.16831683168316833
0 0.8383333333333334 0.7376237623762376 0.03666666666666667 0.13861386138613863
0 0.82 0.7586633663366337 0.05 0.1806930693069307
0 0.7666666666666667 0.7524752475247525 0.05 0.18316831683168316
0 0.5233333333333333 0.7772277227722773 0.06333333333333334 0.22772277227722773
0 0.43666666666666665 0.8403465346534653 0.04666666666666667 0.17574257425742573
0 0.4175 0.8391089108910891 0.041666666666666664 0.1485148514851485
0 0.38666666666666666 0.8391089108910891 0.04 0.14356435643564355
0 0.3516666666666667 0.8366336633663366 0.03666666666666667 0.13861386138613863
0 0.31666666666666665 0.8341584158415841 0.04 0.14356435643564355
0 0.20833333333333334 0.8774752475247525 0.03666666666666667 0.1311881188118812
0 0.25333333333333335 0.8428217821782178 0.05 0.1806930693069307
0 0.019166666666666665 0.8601485148514851 0.03833333333333333 0.17574257425742573
0 0.04833333333333333 0.823019801980198 0.03333333333333333 0.12128712871287128
2 0.05333333333333334 0.8316831683168316 0.03666666666666667 0.04950495049504951
2 0.5616666666666666 0.7438118811881188 0.05 0.06683168316831684
