1 0.8266666666666667 0.6476868327402135 0.09866666666666667 0.3238434163701068
1 0.7273333333333334 0.556049822064057 0.07066666666666667 0.23309608540925267
1 0.656 0.49555160142348753 0.04533333333333334 0.14768683274021352
1 0.5893333333333334 0.49644128113879005 0.032 0.1103202846975089
1 0.552 0.48576512455516013 0.034666666666666665 0.11743772241992882
1 0.5033333333333333 0.4795373665480427 0.02266666666666667 0.0800711743772242
1 0.468 0.45373665480427045 0.021333333333333333 0.0711743772241993
1 0.444 0.46174377224199287 0.018666666666666668 0.06583629893238434
1 0.41333333333333333 0.451067615658363 0.016 0.05516014234875445
1 0.382 0.45195729537366547 0.017333333333333333 0.05693950177935943
1 0.356 0.4403914590747331 0.010666666666666666 0.04092526690391459
