0 0.33416666666666667 0.7402777777777778 0.105 0.425
0 0.59 0.6958333333333333 0.07333333333333333 0.30277777777777776
0 0.555 0.6708333333333333 0.06333333333333334 0.2638888888888889
0 0.7316666666666667 0.7652777777777777 0.08333333333333333 0.3416666666666667
0 0.8041666666666667 0.7958333333333333 0.08833333333333333 0.36944444444444446
0 0.8866666666666667 0.7805555555555556 0.07666666666666666 0.31666666666666665
2 0.43 0.7222222222222222 0.08333333333333333 0.12222222222222222
2 0.24333333333333335 0.7430555555555556 0.08666666666666667 0.10833333333333334
2 0.12583333333333332 0.7763888888888889 0.055 0.10277777777777777
2 0.10083333333333333 0.6194444444444445 0.051666666666666666 0.10555555555555556
2 0.04833333333333333 0.6902777777777778 0.08 0.11388888888888889
2 0.2325 0.5916666666666667 0.04833333333333333 0.06111111111111111
2 0.635 0.7541666666666667 0.06 0.08611111111111111
2 0.6766666666666666 0.8777777777777778 0.08 0.1388888888888889
2 0.6716666666666666 0.7277777777777777 0.07 0.11666666666666667
2 0.9233333333333333 0.7652777777777777 0.07 0.09166666666666666
2 0.9516666666666667 0.5791666666666667 0.07 0.11944444444444445
2 0.7041666666666667 0.5916666666666667 0.021666666666666667 0.05555555555555555
2 0.6225 0.6194444444444445 0.03166666666666667 0.06111111111111111
