0 0.07536231884057971 0.6547388781431335 0.057971014492753624 0.18762088974854932
0 0.18115942028985507 0.5918762088974855 0.06666666666666667 0.21663442940038685
0 0.10289855072463767 0.47678916827852996 0.04927536231884058 0.1644100580270793
0 0.14855072463768115 0.4381044487427466 0.05652173913043478 0.18375241779497098
0 0.20072463768115942 0.4197292069632495 0.04782608695652174 0.16247582205029013
0 0.22391304347826088 0.5444874274661509 0.06231884057971015 0.20309477756286268
0 0.3463768115942029 0.6382978723404256 0.06086956521739131 0.19729206963249515
0 0.42536231884057973 0.5996131528046421 0.06231884057971015 0.20502901353965183
0 0.47246376811594204 0.5493230174081238 0.06376811594202898 0.20889748549323017
0 0.5007246376811594 0.4922630560928433 0.059420289855072465 0.19922630560928434
0 0.5717391304347826 0.6189555125725339 0.06231884057971015 0.20502901353965183
0 0.6717391304347826 0.4574468085106383 0.050724637681159424 0.1644100580270793
0 0.7065217391304348 0.43423597678916825 0.050724637681159424 0.172147001934236
0 0.736231884057971 0.41392649903288203 0.043478260869565216 0.1470019342359768
0 0.7797101449275362 0.4622823984526112 0.05507246376811594 0.18181818181818182
0 0.7615942028985507 0.3916827852998066 0.050724637681159424 0.16827852998065765
0 0.8057971014492754 0.4410058027079304 0.05217391304347826 0.1702127659574468
0 0.8420289855072464 0.4197292069632495 0.04927536231884058 0.15860735009671179
0 0.8673913043478261 0.38781431334622823 0.050724637681159424 0.16827852998065765
0 0.8956521739130435 0.45938104448742745 0.05217391304347826 0.16827852998065765
0 0.9181159420289855 0.4448742746615087 0.0536231884057971 0.17408123791102514
0 0.9420289855072463 0.4197292069632495 0.05507246376811594 0.17794970986460348
0 0.967391304347826 0.3945841392649903 0.050724637681159424 0.1702127659574468
0 0.9782608695652174 0.30754352030947774 0.043478260869565216 0.15860735009671179
0 0.3652173913043478 0.4671179883945841 0.05217391304347826 0.16827852998065765
0 0.39855072463768115 0.43520309477756286 0.0463768115942029 0.15473887814313347
0 0.43478260869565216 0.4119922630560928 0.04927536231884058 0.15860735009671179
0 0.4644927536231884 0.4323017408123791 0.0391304347826087 0.12572533849129594
0 0.23840579710144927 0.45454545454545453 0.04492753623188406 0.1470019342359768
0 0.2710144927536232 0.43036750483558994 0.043478260869565216 0.1450676982591876
0 0.3065217391304348 0.40135396518375244 0.04492753623188406 0.1450676982591876
0 0.34057971014492755 0.3945841392649903 0.04927536231884058 0.15860735009671179
2 0.23405797101449274 0.3104448742746615 0.03333333333333333 0.04061895551257253
2 0.2768115942028985 0.27852998065764023 0.017391304347826087 0.0425531914893617
2 0.3130434782608696 0.27176015473887816 0.02318840579710145 0.025145067698259187
2 0.34492753623188405 0.2601547388781431 0.03768115942028986 0.025145067698259187
2 0.3934782608695652 0.2330754352030948 0.03333333333333333 0.017408123791102514
2 0.38913043478260867 0.2940038684719536 0.02753623188405797 0.0425531914893617
2 0.413768115942029 0.2804642166344294 0.02753623188405797 0.05029013539651837
2 0.4420289855072464 0.24758220502901354 0.03768115942028986 0.030947775628626693
2 0.48840579710144927 0.22437137330754353 0.028985507246376812 0.030947775628626693
2 0.4782608695652174 0.32011605415860733 0.043478260869565216 0.0367504835589942
2 0.5181159420289855 0.28433268858800775 0.021739130434782608 0.04642166344294004
2 0.532608695652174 0.26499032882011603 0.021739130434782608 0.01160541586073501
2 0.5572463768115942 0.25435203094777564 0.02463768115942029 0.025145067698259187
2 0.591304347826087 0.218568665377176 0.02608695652173913 0.02321083172147002
2 0.5731884057971014 0.31334622823984526 0.021739130434782608 0.019342359767891684
2 0.5333333333333333 0.32591876208897486 0.020289855072463767 0.017408123791102514
2 0.5463768115942029 0.390715667311412 0.03768115942028986 0.019342359767891684
2 0.5818840579710145 0.35589941972920697 0.03333333333333333 0.02321083172147002
2 0.6333333333333333 0.3239845261121857 0.02608695652173913 0.029013539651837523
2 0.6115942028985507 0.2872340425531915 0.034782608695652174 0.017408123791102514
2 0.6384057971014493 0.27079303675048355 0.01884057971014493 0.03481624758220503
2 0.6608695652173913 0.25338491295938104 0.028985507246376812 0.030947775628626693
2 0.6855072463768116 0.22437137330754353 0.028985507246376812 0.019342359767891684
2 0.7195652173913043 0.2804642166344294 0.01884057971014493 0.027079303675048357
2 0.6782608695652174 0.3065764023210832 0.043478260869565216 0.0367504835589942
2 0.7463768115942029 0.23597678916827852 0.02318840579710145 0.030947775628626693
2 0.782608695652174 0.21566731141199227 0.020289855072463767 0.013539651837524178
2 0.8050724637681159 0.2988394584139265 0.030434782608695653 0.0367504835589942
2 0.8231884057971014 0.27079303675048355 0.02608695652173913 0.015473887814313346
2 0.8485507246376811 0.24758220502901354 0.015942028985507246 0.03481624758220503
2 0.8818840579710145 0.22920696324951645 0.036231884057971016 0.04061895551257253
