0 0.033182503770739065 0.8549295774647887 0.033182503770739065 0.14929577464788732
0 0.01885369532428356 0.7605633802816901 0.0196078431372549 0.09577464788732394
0 0.058069381598793365 0.8859154929577465 0.0196078431372549 0.09295774647887324
0 0.07013574660633484 0.8 0.02262443438914027 0.10704225352112676
0 0.1191553544494721 0.8098591549295775 0.012066365007541479 0.0647887323943662
0 0.09049773755656108 0.7464788732394366 0.015082956259426848 0.07887323943661972
0 0.13499245852187028 0.7647887323943662 0.02564102564102564 0.1267605633802817
0 0.1726998491704374 0.8084507042253521 0.02865761689291101 0.14084507042253522
0 0.222473604826546 0.8084507042253521 0.03167420814479638 0.14647887323943662
0 0.2616892911010558 0.7915492957746478 0.02865761689291101 0.14084507042253522
0 0.28355957767722473 0.8225352112676056 0.030165912518853696 0.1352112676056338
0 0.33031674208144796 0.828169014084507 0.03619909502262444 0.16338028169014085
0 0.39819004524886875 0.7633802816901408 0.024132730015082957 0.11267605633802817
0 0.4132730015082956 0.7563380281690141 0.027149321266968326 0.1267605633802817
0 0.416289592760181 0.8014084507042254 0.015082956259426848 0.07042253521126761
0 0.4660633484162896 0.8802816901408451 0.030165912518853696 0.14366197183098592
0 0.35822021116138764 0.8929577464788733 0.0196078431372549 0.09577464788732394
0 0.5037707390648567 0.856338028169014 0.033182503770739065 0.15774647887323945
0 0.4939668174962293 0.7943661971830986 0.03167420814479638 0.14647887323943662
0 0.5279034690799397 0.852112676056338 0.030165912518853696 0.14366197183098592
0 0.552790346907994 0.8225352112676056 0.02564102564102564 0.12394366197183099
0 0.5995475113122172 0.8309859154929577 0.02262443438914027 0.11267605633802817
0 0.6153846153846154 0.7746478873239436 0.027149321266968326 0.12394366197183099
0 0.6855203619909502 0.8647887323943662 0.02865761689291101 0.14084507042253522
0 0.6628959276018099 0.8690140845070422 0.02865761689291101 0.1323943661971831
0 0.6470588235294118 0.8929577464788733 0.015082956259426848 0.07887323943661972
0 0.7413273001508296 0.8830985915492958 0.02262443438914027 0.10985915492957747
0 0.773001508295626 0.8901408450704226 0.016591251885369532 0.07323943661971831
0 0.7654600301659125 0.8028169014084507 0.02865761689291101 0.1352112676056338
0 0.7948717948717948 0.7985915492957747 0.030165912518853696 0.13802816901408452
0 0.8137254901960784 0.7605633802816901 0.02564102564102564 0.12394366197183099
0 0.8665158371040724 0.7929577464788733 0.02865761689291101 0.13802816901408452
0 0.9502262443438914 0.7464788732394366 0.030165912518853696 0.1352112676056338
0 0.042986425339366516 0.7281690140845071 0.013574660633484163 0.059154929577464786
0 0.05731523378582202 0.723943661971831 0.021116138763197588 0.09577464788732394
0 0.3717948717948718 0.8042253521126761 0.016591251885369532 0.07605633802816901
0 0.6357466063348416 0.7647887323943662 0.0196078431372549 0.08732394366197183
