0 0.885 0.7092731829573935 0.14666666666666667 0.5363408521303258
0 0.8 0.7243107769423559 0.13 0.47619047619047616
0 0.7166666666666667 0.7180451127819549 0.11 0.40350877192982454
0 0.6025 0.7055137844611529 0.10833333333333334 0.39849624060150374
0 0.5133333333333333 0.6666666666666666 0.10333333333333333 0.38596491228070173
0 0.4241666666666667 0.6516290726817042 0.10166666666666667 0.37593984962406013
0 0.37 0.6616541353383458 0.07666666666666666 0.2907268170426065
0 0.30666666666666664 0.6541353383458647 0.07666666666666666 0.2857142857142857
0 0.25583333333333336 0.6177944862155389 0.09166666666666666 0.3433583959899749
0 0.21083333333333334 0.6165413533834586 0.07833333333333334 0.2907268170426065
