0 0.02 0.5986622073578596 0.04 0.2408026755852843
0 0.09777777777777778 0.6270903010033445 0.06666666666666667 0.24414715719063546
0 0.17888888888888888 0.580267558528428 0.042222222222222223 0.15719063545150502
0 0.21333333333333335 0.6705685618729097 0.08888888888888889 0.32441471571906355
0 0.26555555555555554 0.5936454849498328 0.04666666666666667 0.1705685618729097
0 0.39555555555555555 0.6187290969899666 0.057777777777777775 0.2140468227424749
0 0.4533333333333333 0.5869565217391305 0.044444444444444446 0.1705685618729097
0 0.52 0.7491638795986622 0.1288888888888889 0.47491638795986624
0 0.6055555555555555 0.6321070234113713 0.06444444444444444 0.23411371237458195
0 0.6922222222222222 0.5752508361204013 0.028888888888888888 0.11371237458193979
0 0.7233333333333334 0.596989966555184 0.04666666666666667 0.1705685618729097
0 0.7644444444444445 0.5668896321070234 0.035555555555555556 0.13043478260869565
0 0.7422222222222222 0.5785953177257525 0.035555555555555556 0.14046822742474915
0 0.8133333333333334 0.7240802675585284 0.09333333333333334 0.3511705685618729
0 0.8688888888888889 0.5936454849498328 0.04 0.1505016722408027
