0 0.131 0.7447447447447447 0.106 0.39039039039039036
0 0.145 0.4864864864864865 0.03 0.10810810810810811
0 0.216 0.45495495495495497 0.048 0.17717717717717718
0 0.279 0.46096096096096095 0.034 0.13513513513513514
0 0.336 0.42792792792792794 0.076 0.27927927927927926
0 0.421 0.4519519519519519 0.034 0.13513513513513514
0 0.467 0.43843843843843844 0.05 0.18618618618618618
0 0.482 0.4804804804804805 0.072 0.26426426426426425
0 0.597 0.43543543543543545 0.05 0.1921921921921922
0 0.605 0.4339339339339339 0.062 0.22522522522522523
0 0.642 0.46546546546546547 0.088 0.3303303303303303
0 0.633 0.43543543543543545 0.058 0.21621621621621623
0 0.914 0.4219219219219219 0.06 0.23123123123123124
