0 0.055 0.66 0.11 0.42
0 0.16125 0.665 0.1425 0.4633333333333333
0 0.2225 0.61 0.125 0.4066666666666667
0 0.31125 0.605 0.1125 0.37666666666666665
0 0.34 0.57 0.095 0.30666666666666664
0 0.395 0.6166666666666667 0.11 0.36666666666666664
0 0.4775 0.58 0.115 0.38666666666666666
0 0.53 0.61 0.105 0.35333333333333333
0 0.56125 0.585 0.0925 0.30333333333333334
0 0.665 0.6033333333333334 0.09 0.29333333333333333
0 0.71125 0.5866666666666667 0.0975 0.32666666666666666
0 0.78125 0.5866666666666667 0.0925 0.30666666666666664
0 0.825 0.5733333333333334 0.095 0.32
0 0.86625 0.55 0.0825 0.26666666666666666
0 0.90375 0.55 0.0825 0.26666666666666666
0 0.9475 0.545 0.085 0.2833333333333333
