0 0.022105263157894735 0.46835443037974683 0.04421052631578947 0.17088607594936708
0 0.042105263157894736 0.46360759493670883 0.04631578947368421 0.17405063291139242
0 0.06 0.4477848101265823 0.035789473684210524 0.14240506329113925
0 0.08105263157894736 0.4509493670886076 0.035789473684210524 0.14240506329113925
0 0.10105263157894737 0.44145569620253167 0.03368421052631579 0.12341772151898735
0 0.14526315789473684 0.495253164556962 0.07578947368421053 0.28164556962025317
0 0.1726315789473684 0.4936708860759494 0.06736842105263158 0.25316455696202533
0 0.19157894736842104 0.4825949367088608 0.05473684210526316 0.20569620253164558
0 0.21473684210526317 0.4588607594936709 0.04631578947368421 0.17088607594936708
0 0.2326315789473684 0.4541139240506329 0.04421052631578947 0.17405063291139242
0 0.24947368421052632 0.44145569620253167 0.035789473684210524 0.12974683544303797
0 0.40842105263157896 0.5015822784810127 0.08 0.29430379746835444
0 0.45263157894736844 0.43037974683544306 0.029473684210526315 0.11392405063291139
0 0.4663157894736842 0.44145569620253167 0.02736842105263158 0.11075949367088607
0 0.47789473684210526 0.439873417721519 0.029473684210526315 0.12025316455696203
0 0.49473684210526314 0.44936708860759494 0.03368421052631579 0.12658227848101267
0 0.5105263157894737 0.4588607594936709 0.035789473684210524 0.13291139240506328
0 0.5263157894736842 0.45569620253164556 0.042105263157894736 0.1518987341772152
0 0.5452631578947369 0.4651898734177215 0.04631578947368421 0.17721518987341772
0 0.5621052631578948 0.4762658227848101 0.05052631578947368 0.1930379746835443
0 0.5842105263157895 0.48575949367088606 0.056842105263157895 0.20569620253164558
0 0.6 0.4936708860759494 0.05894736842105263 0.22784810126582278
0 0.6421052631578947 0.48575949367088606 0.07157894736842105 0.2689873417721519
0 0.6778947368421052 0.4810126582278481 0.042105263157894736 0.15822784810126583
0 0.7126315789473684 0.48575949367088606 0.04421052631578947 0.16772151898734178
0 0.7305263157894737 0.4825949367088608 0.04631578947368421 0.17405063291139242
0 0.7652631578947369 0.49841772151898733 0.056842105263157895 0.20569620253164558
0 0.8031578947368421 0.4936708860759494 0.056842105263157895 0.21518987341772153
0 0.8421052631578947 0.4873417721518987 0.07157894736842105 0.2721518987341772
0 0.9052631578947369 0.4873417721518987 0.04631578947368421 0.17721518987341772
0 0.9536842105263158 0.4920886075949367 0.05052631578947368 0.1930379746835443
0 0.9789473684210527 0.509493670886076 0.042105263157894736 0.21518987341772153
