0 0.055 0.6978527607361963 0.11 0.5797546012269938
0 0.152 0.49693251533742333 0.132 0.5030674846625767
0 0.222 0.4938650306748466 0.092 0.3496932515337423
0 0.304 0.2837423312883436 0.064 0.24846625766871167
0 0.358 0.5996932515337423 0.152 0.5736196319018405
0 0.475 0.6748466257668712 0.15 0.5705521472392638
0 0.417 0.49079754601226994 0.114 0.4294478527607362
0 0.527 0.48006134969325154 0.102 0.3895705521472393
0 0.673 0.50920245398773 0.122 0.4601226993865031
0 0.638 0.450920245398773 0.1 0.37423312883435583
0 0.781 0.27300613496932513 0.062 0.2331288343558282
0 0.835 0.34355828220858897 0.066 0.25153374233128833
0 0.854 0.4493865030674847 0.108 0.41411042944785276
0 0.881 0.5184049079754601 0.122 0.4601226993865031
0 0.914 0.5858895705521472 0.128 0.4785276073619632
0 0.556 0.40337423312883436 0.1 0.3834355828220859
