0 0.10166666666666667 0.6083333333333333 0.03666666666666667 0.1261904761904762
0 0.1775 0.6035714285714285 0.045 0.15476190476190477
0 0.20666666666666667 0.5952380952380952 0.03333333333333333 0.11904761904761904
0 0.265 0.5928571428571429 0.023333333333333334 0.09047619047619047
0 0.29583333333333334 0.6047619047619047 0.03166666666666667 0.10952380952380952
0 0.33 0.6726190476190477 0.07333333333333333 0.25952380952380955
0 0.37166666666666665 0.5988095238095238 0.03 0.10714285714285714
0 0.415 0.6047619047619047 0.023333333333333334 0.08571428571428572
0 0.4608333333333333 0.5904761904761905 0.021666666666666667 0.08095238095238096
0 0.485 0.6595238095238095 0.06333333333333334 0.22857142857142856
0 0.54 0.5892857142857143 0.03 0.10238095238095238
0 0.5916666666666667 0.5845238095238096 0.023333333333333334 0.0880952380952381
0 0.6316666666666667 0.6666666666666666 0.07666666666666666 0.2761904761904762
0 0.775 0.6416666666666667 0.06333333333333334 0.22142857142857142
0 0.7466666666666667 0.6214285714285714 0.04 0.14761904761904762
0 0.8316666666666667 0.6130952380952381 0.03666666666666667 0.1261904761904762
0 0.8575 0.5880952380952381 0.021666666666666667 0.08095238095238096
0 0.8925 0.6166666666666667 0.04833333333333333 0.17142857142857143
0 0.935 0.5988095238095238 0.03 0.11190476190476191
0 0.9633333333333334 0.5880952380952381 0.03 0.10476190476190476
0 0.9808333333333333 0.6226190476190476 0.03833333333333333 0.14047619047619048
0 0.7158333333333333 0.5821428571428572 0.021666666666666667 0.07857142857142857
