0 0.06416666666666666 0.6328320802005013 0.12833333333333333 0.518796992481203
0 0.19416666666666665 0.6591478696741855 0.085 0.3107769423558897
0 0.2941666666666667 0.62531328320802 0.075 0.2832080200501253
0 0.36583333333333334 0.6629072681704261 0.06833333333333333 0.2531328320802005
0 0.4275 0.650375939849624 0.14833333333333334 0.5488721804511278
0 0.5391666666666667 0.6278195488721805 0.105 0.38847117794486213
0 0.5783333333333334 0.6340852130325815 0.07 0.2606516290726817
0 0.6283333333333333 0.6278195488721805 0.056666666666666664 0.21303258145363407
0 0.7091666666666666 0.6228070175438597 0.06833333333333333 0.2531328320802005
0 0.7508333333333334 0.6228070175438597 0.06833333333333333 0.2531328320802005
0 0.815 0.5952380952380952 0.03 0.11278195488721804
0 0.8491666666666666 0.6090225563909775 0.03166666666666667 0.12531328320802004
0 0.8716666666666667 0.5977443609022557 0.03 0.11278195488721804
0 0.9033333333333333 0.606516290726817 0.02666666666666667 0.10526315789473684
0 0.9508333333333333 0.5952380952380952 0.025 0.09774436090225563
