0 0.07181818181818182 0.38767123287671235 0.04181818181818182 0.15616438356164383
0 0.1390909090909091 0.3780821917808219 0.04181818181818182 0.1589041095890411
0 0.1618181818181818 0.36712328767123287 0.03636363636363636 0.136986301369863
0 0.19090909090909092 0.36164383561643837 0.03636363636363636 0.14246575342465753
0 0.2581818181818182 0.3356164383561644 0.04363636363636364 0.16164383561643836
0 0.36272727272727273 0.32054794520547947 0.03090909090909091 0.12054794520547946
0 0.46454545454545454 0.3013698630136986 0.02727272727272727 0.1095890410958904
0 0.47454545454545455 0.3 0.02909090909090909 0.11232876712328767
0 0.5418181818181819 0.28356164383561644 0.02181818181818182 0.07945205479452055
0 0.8118181818181818 0.16164383561643836 0.016363636363636365 0.06027397260273973
0 0.8327272727272728 0.1684931506849315 0.01090909090909091 0.0410958904109589
0 0.8745454545454545 0.1589041095890411 0.01818181818181818 0.07671232876712329
0 0.8490909090909091 0.16164383561643836 0.014545454545454545 0.06027397260273973
0 0.8972727272727272 0.1684931506849315 0.016363636363636365 0.06301369863013699
0 0.92 0.17397260273972603 0.014545454545454545 0.057534246575342465
0 0.9490909090909091 0.16986301369863013 0.01818181818181818 0.06575342465753424
0 0.7036363636363636 0.14657534246575343 0.007272727272727273 0.03561643835616438
0 0.6709090909090909 0.15753424657534246 0.01090909090909091 0.04657534246575343
0 0.6481818181818182 0.15342465753424658 0.012727272727272728 0.0547945205479452
0 0.6172727272727273 0.12876712328767123 0.012727272727272728 0.0547945205479452
0 0.5945454545454546 0.12602739726027398 0.014545454545454545 0.06027397260273973
0 0.5709090909090909 0.12465753424657534 0.014545454545454545 0.06301369863013699
0 0.55 0.11643835616438356 0.016363636363636365 0.057534246575342465
0 0.5318181818181819 0.11917808219178082 0.012727272727272728 0.052054794520547946
0 0.509090909090909 0.12191780821917808 0.01090909090909091 0.04657534246575343
0 0.4863636363636364 0.12191780821917808 0.012727272727272728 0.04657534246575343
0 0.46 0.1178082191780822 0.01818181818181818 0.06575342465753424
0 0.4254545454545455 0.12191780821917808 0.014545454545454545 0.052054794520547946
0 0.44636363636363635 0.11095890410958904 0.016363636363636365 0.06301369863013699
0 0.33636363636363636 0.07808219178082192 0.014545454545454545 0.057534246575342465
0 0.36727272727272725 0.06986301369863014 0.014545454545454545 0.057534246575342465
0 0.38545454545454544 0.07808219178082192 0.014545454545454545 0.052054794520547946
0 0.13545454545454547 0.13835616438356163 0.016363636363636365 0.0684931506849315
0 0.06818181818181818 0.13972602739726028 0.016363636363636365 0.06027397260273973
0 0.04818181818181818 0.13561643835616438 0.016363636363636365 0.0684931506849315
0 0.26 0.030136986301369864 0.014545454545454545 0.0547945205479452
0 0.27636363636363637 0.028767123287671233 0.007272727272727273 0.03561643835616438
2 0.019090909090909092 0.14657534246575343 0.02 0.057534246575342465
2 0.5672727272727273 0.26301369863013696 0.014545454545454545 0.03287671232876712
2 0.6054545454545455 0.2452054794520548 0.03272727272727273 0.0410958904109589
2 0.7045454545454546 0.2602739726027397 0.045454545454545456 0.038356164383561646
2 0.7827272727272727 0.2328767123287671 0.023636363636363636 0.043835616438356165
2 0.8336363636363636 0.22602739726027396 0.04181818181818182 0.03561643835616438
