0 0.16885964912280702 0.3832236842105263 0.03070175438596491 0.11513157894736842
0 0.14364035087719298 0.3815789473684211 0.02412280701754386 0.09868421052631579
0 0.22697368421052633 0.3782894736842105 0.03728070175438596 0.14473684210526316
0 0.25548245614035087 0.3881578947368421 0.041666666666666664 0.15789473684210525
0 0.30043859649122806 0.41776315789473684 0.07456140350877193 0.28289473684210525
0 0.35526315789473684 0.4440789473684211 0.07894736842105263 0.29605263157894735
0 0.33223684210526316 0.4440789473684211 0.08114035087719298 0.29605263157894735
0 0.38706140350877194 0.4440789473684211 0.09868421052631579 0.3684210526315789
0 0.41885964912280704 0.4457236842105263 0.09649122807017543 0.3651315789473684
0 0.4758771929824561 0.47368421052631576 0.10087719298245613 0.3815789473684211
0 0.5504385964912281 0.5707236842105263 0.15789473684210525 0.5756578947368421
0 0.6151315789473685 0.3848684210526316 0.14692982456140352 0.5460526315789473
0 0.7006578947368421 0.42269736842105265 0.09429824561403509 0.3519736842105263
0 0.75 0.4967105263157895 0.10087719298245613 0.3815789473684211
0 0.8278508771929824 0.48519736842105265 0.1206140350877193 0.4506578947368421
0 0.9046052631578947 0.46710526315789475 0.1513157894736842 0.5526315789473685
2 0.47039473684210525 0.11842105263157894 0.046052631578947366 0.03289473684210526
2 0.39473684210526316 0.19736842105263158 0.06140350877192982 0.046052631578947366
2 0.7368421052631579 0.2582236842105263 0.039473684210526314 0.05592105263157895
