0 0.07125 0.765748031496063 0.0875 0.35039370078740156
0 0.145 0.7637795275590551 0.085 0.33070866141732286
0 0.24625 0.765748031496063 0.0775 0.3110236220472441
0 0.33125 0.7716535433070866 0.0825 0.31496062992125984
0 0.38375 0.7618110236220472 0.0875 0.3425196850393701
0 0.44125 0.765748031496063 0.0725 0.2795275590551181
0 0.46875 0.781496062992126 0.0675 0.27165354330708663
0 0.56875 0.7618110236220472 0.0725 0.2874015748031496
0 0.5425 0.6791338582677166 0.035 0.1377952755905512
0 0.67625 0.765748031496063 0.0775 0.3031496062992126
0 0.70375 0.7775590551181102 0.0775 0.3031496062992126
0 0.77125 0.7618110236220472 0.0875 0.3346456692913386
0 0.81375 0.7992125984251969 0.0675 0.2677165354330709
0 0.975 0.7677165354330708 0.05 0.2677165354330709
2 0.50875 0.8484251968503937 0.0425 0.05905511811023622
2 0.545 0.8287401574803149 0.03 0.04330708661417323
2 0.6275 0.8248031496062992 0.08 0.05905511811023622
2 0.8 0.8149606299212598 0.05 0.05511811023622047
2 0.84875 0.8031496062992126 0.0325 0.08661417322834646
2 0.8975 0.8248031496062992 0.035 0.07480314960629922
2 0.96625 0.8090551181102362 0.0425 0.051181102362204724
