0 0.028333333333333332 0.62625 0.056666666666666664 0.2125
0 0.0125 0.5975 0.025 0.09
0 0.11166666666666666 0.63375 0.06333333333333334 0.2375
0 0.16166666666666665 0.62375 0.056666666666666664 0.2075
0 0.17583333333333334 0.595 0.058333333333333334 0.22
0 0.21416666666666667 0.60875 0.051666666666666666 0.1925
0 0.23416666666666666 0.5975 0.051666666666666666 0.19
0 0.2608333333333333 0.6425 0.06166666666666667 0.225
0 0.2791666666666667 0.58125 0.051666666666666666 0.1875
0 0.30833333333333335 0.6025 0.056666666666666664 0.21
0 0.3425 0.59625 0.051666666666666666 0.1975
0 0.3525 0.6125 0.051666666666666666 0.19
0 0.3858333333333333 0.6125 0.045 0.17
0 0.435 0.63 0.05 0.19
0 0.4558333333333333 0.6275 0.04833333333333333 0.185
0 0.475 0.65625 0.05 0.1875
0 0.5208333333333334 0.60125 0.045 0.1625
0 0.5483333333333333 0.62375 0.03666666666666667 0.1425
0 0.5933333333333334 0.6075 0.04 0.145
0 0.7425 0.63125 0.055 0.2025
0 0.7833333333333333 0.64 0.05333333333333334 0.2
0 0.8258333333333333 0.64625 0.055 0.2075
0 0.86 0.65625 0.05 0.1875
0 0.9141666666666667 0.62375 0.04833333333333333 0.1825
2 0.40166666666666667 0.645 0.02666666666666667 0.035
2 0.4375 0.63 0.03166666666666667 0.06
2 0.5025 0.64375 0.028333333333333332 0.0325
2 0.5625 0.635 0.025 0.03
2 0.6266666666666667 0.65 0.03333333333333333 0.045
2 0.6325 0.5925 0.03166666666666667 0.035
2 0.705 0.59625 0.05333333333333334 0.0675
2 0.6358333333333334 0.5475 0.025 0.025
2 0.8458333333333333 0.51 0.011666666666666667 0.025
2 0.8725 0.50875 0.028333333333333332 0.0375
2 0.8083333333333333 0.49875 0.03666666666666667 0.0475
2 0.235 0.47625 0.02666666666666667 0.0275
