0 0.0625 0.54375 0.0925 0.5625
0 0.13375 0.53125 0.0975 0.6
0 0.16875 0.59375 0.0875 0.54375
0 0.959375 0.5890625 0.08125 0.534375
2 0.25625 0.4296875 0.05 0.109375
2 0.33625 0.4265625 0.035 0.109375
2 0.4275 0.453125 0.045 0.09375
2 0.508125 0.4171875 0.03625 0.071875
2 0.5825 0.409375 0.0475 0.075
2 0.65625 0.43125 0.035 0.075
2 0.73375 0.415625 0.0425 0.08125
2 0.81375 0.4359375 0.045 0.103125
2 0.89 0.440625 0.045 0.075
2 0.909375 0.3046875 0.03125 0.071875
2 0.856875 0.284375 0.03625 0.09375
2 0.815625 0.2546875 0.04125 0.084375
2 0.770625 0.284375 0.04875 0.14375
2 0.726875 0.2921875 0.03875 0.128125
2 0.69375 0.278125 0.0275 0.1
2 0.66125 0.271875 0.04 0.1125
2 0.636875 0.3171875 0.03375 0.071875
2 0.595 0.246875 0.0375 0.1125
2 0.576875 0.3 0.03625 0.06875
2 0.546875 0.265625 0.02875 0.075
2 0.51 0.28125 0.045 0.10625
2 0.470625 0.271875 0.04375 0.09375
2 0.445625 0.24375 0.02625 0.10625
2 0.413125 0.2671875 0.03875 0.059375
2 0.375 0.2875 0.0375 0.1
2 0.3475 0.246875 0.03 0.06875
2 0.315625 0.29375 0.02875 0.08125
2 0.28625 0.278125 0.03 0.1125
2 0.256875 0.2640625 0.02875 0.084375
2 0.228125 0.265625 0.02125 0.075
2 0.206875 0.2921875 0.02125 0.128125
