0 0.040625 0.5819444444444445 0.035416666666666666 0.125
0 0.0125 0.5888888888888889 0.025 0.11666666666666667
0 0.10833333333333334 0.5722222222222222 0.041666666666666664 0.13333333333333333
0 0.165625 0.5763888888888888 0.03125 0.10833333333333334
0 0.2375 0.5791666666666667 0.0375 0.11944444444444445
0 0.2791666666666667 0.5680555555555555 0.0375 0.13055555555555556
0 0.328125 0.5763888888888888 0.027083333333333334 0.09166666666666666
0 0.35 0.5819444444444445 0.025 0.08611111111111111
0 0.37395833333333334 0.5805555555555556 0.022916666666666665 0.08333333333333333
0 0.4354166666666667 0.5736111111111111 0.041666666666666664 0.14166666666666666
0 0.46041666666666664 0.5777777777777777 0.0375 0.12777777777777777
0 0.5645833333333333 0.5930555555555556 0.03333333333333333 0.11388888888888889
0 0.5854166666666667 0.5847222222222223 0.04583333333333333 0.14722222222222223
0 0.6229166666666667 0.5847222222222223 0.020833333333333332 0.06944444444444445
0 0.6697916666666667 0.5902777777777778 0.027083333333333334 0.09166666666666666
0 0.6927083333333334 0.5888888888888889 0.03125 0.10555555555555556
0 0.7083333333333334 0.5833333333333334 0.03333333333333333 0.11666666666666667
0 0.7395833333333334 0.5763888888888888 0.0375 0.125
0 0.7927083333333333 0.5819444444444445 0.035416666666666666 0.11388888888888889
0 0.8208333333333333 0.5875 0.0375 0.125
0 0.8583333333333333 0.5861111111111111 0.03333333333333333 0.11666666666666667
0 0.9114583333333334 0.5902777777777778 0.04375 0.14722222222222223
0 0.9583333333333334 0.5875 0.029166666666666667 0.10277777777777777
