0 0.30518018018018017 0.8040540540540541 0.06981981981981981 0.25675675675675674
0 0.2376126126126126 0.8226351351351351 0.06981981981981981 0.2533783783783784
0 0.10135135135135136 0.7972972972972973 0.06756756756756757 0.25675675675675674
0 0.030405405405405407 0.7601351351351351 0.060810810810810814 0.27702702702702703
0 0.16103603603603603 0.7584459459459459 0.0518018018018018 0.19256756756756757
0 0.4166666666666667 0.6976351351351351 0.08108108108108109 0.2939189189189189
0 0.5022522522522522 0.7432432432432432 0.09009009009009009 0.33783783783783783
0 0.6587837837837838 0.75 0.07432432432432433 0.27702702702702703
0 0.6024774774774775 0.722972972972973 0.05630630630630631 0.21621621621621623
0 0.8175675675675675 0.7871621621621622 0.07657657657657657 0.27702702702702703
0 0.7837837837837838 0.706081081081081 0.07207207207207207 0.2702702702702703
0 0.8873873873873874 0.8158783783783784 0.07207207207207207 0.27364864864864863
0 0.9572072072072072 0.8293918918918919 0.04954954954954955 0.1858108108108108
0 0.9369369369369369 0.7162162162162162 0.04054054054054054 0.14864864864864866
0 0.8603603603603603 0.7364864864864865 0.07207207207207207 0.2635135135135135
2 0.31981981981981983 0.5878378378378378 0.05405405405405406 0.060810810810810814
2 0.08896396396396396 0.6165540540540541 0.02927927927927928 0.06418918918918919
2 0.6925675675675675 0.6182432432432432 0.04279279279279279 0.08783783783783784
