0 0.335 0.6291390728476821 0.07333333333333333 0.3576158940397351
0 0.29083333333333333 0.5331125827814569 0.04833333333333333 0.24503311258278146
0 0.19833333333333333 0.5662251655629139 0.05333333333333334 0.26490066225165565
0 0.15583333333333332 0.7052980132450332 0.08166666666666667 0.40397350993377484
0 0.0575 0.6142384105960265 0.06166666666666667 0.3079470198675497
0 0.024166666666666666 0.5447019867549668 0.04833333333333333 0.24834437086092714
0 0.1075 0.478476821192053 0.035 0.16887417218543047
0 0.225 0.5066225165562914 0.04 0.2052980132450331
0 0.4025 0.5248344370860927 0.045 0.22185430463576158
0 0.49916666666666665 0.5695364238410596 0.065 0.31788079470198677
0 0.5883333333333334 0.5447019867549668 0.05333333333333334 0.26158940397350994
0 0.5666666666666667 0.4735099337748344 0.04 0.19205298013245034
0 0.6775 0.49834437086092714 0.04833333333333333 0.23509933774834438
0 0.6358333333333334 0.46688741721854304 0.03833333333333333 0.19205298013245034
0 0.7291666666666666 0.49337748344370863 0.03833333333333333 0.18543046357615894
0 0.8283333333333334 0.4718543046357616 0.03666666666666667 0.17549668874172186
0 0.775 0.41887417218543044 0.02666666666666667 0.1291390728476821
0 0.7908333333333334 0.41721854304635764 0.025 0.13245033112582782
0 0.8833333333333333 0.423841059602649 0.03 0.152317880794702
0 0.9125 0.44039735099337746 0.03166666666666667 0.15894039735099338
0 0.9408333333333333 0.42218543046357615 0.028333333333333332 0.1357615894039735
0 0.9625 0.4205298013245033 0.025 0.13245033112582782
0 0.42833333333333334 0.4519867549668874 0.03333333333333333 0.16225165562913907
0 0.4533333333333333 0.4337748344370861 0.02666666666666667 0.1390728476821192
0 0.24833333333333332 0.423841059602649 0.023333333333333334 0.12582781456953643
0 0.37083333333333335 0.3990066225165563 0.021666666666666667 0.10264900662251655
0 0.5391666666666667 0.43543046357615894 0.03166666666666667 0.15562913907284767
2 0.8708333333333333 0.38576158940397354 0.021666666666666667 0.04966887417218543
2 0.9008333333333334 0.34105960264900664 0.008333333333333333 0.039735099337748346
2 0.9291666666666667 0.3344370860927152 0.018333333333333333 0.026490066225165563
2 0.5125 0.39072847682119205 0.011666666666666667 0.06622516556291391
2 0.13583333333333333 0.40066225165562913 0.035 0.033112582781456956
2 0.265 0.3675496688741722 0.02666666666666667 0.026490066225165563
2 0.315 0.3658940397350993 0.02666666666666667 0.029801324503311258
2 0.7283333333333334 0.34271523178807944 0.016666666666666666 0.029801324503311258
2 0.7458333333333333 0.37748344370860926 0.011666666666666667 0.052980132450331126
2 0.6125 0.35596026490066224 0.011666666666666667 0.029801324503311258
2 0.6375 0.34933774834437087 0.018333333333333333 0.04966887417218543
2 0.4691666666666667 0.3543046357615894 0.015 0.033112582781456956
2 0.08666666666666667 0.37748344370860926 0.02 0.033112582781456956
2 0.18833333333333332 0.3576158940397351 0.02 0.033112582781456956
2 0.02666666666666667 0.37251655629139074 0.02 0.023178807947019868
