0 0.07909090909090909 0.6022443890274314 0.07090909090909091 0.23690773067331672
0 0.2381818181818182 0.6670822942643392 0.10181818181818182 0.34663341645885287
0 0.36454545454545456 0.7506234413965087 0.12545454545454546 0.41895261845386533
0 0.5245454545454545 0.7830423940149626 0.11090909090909092 0.3790523690773067
0 0.6263636363636363 0.7244389027431422 0.09636363636363636 0.3316708229426434
0 0.7736363636363637 0.7493765586034913 0.1290909090909091 0.43640897755610975
0 0.8327272727272728 0.683291770573566 0.06545454545454546 0.2194513715710723
2 0.4763636363636364 0.5399002493765586 0.007272727272727273 0.04738154613466334
2 0.40545454545454546 0.5236907730673317 0.02909090909090909 0.059850374064837904
2 0.31363636363636366 0.5236907730673317 0.012727272727272728 0.04488778054862843
2 0.7054545454545454 0.5199501246882793 0.02181818181818182 0.05236907730673317
2 0.6781818181818182 0.543640897755611 0.02181818181818182 0.04987531172069826
2 0.8236363636363636 0.5187032418952618 0.025454545454545455 0.02493765586034913
2 0.4672727272727273 0.470074812967581 0.02909090909090909 0.02743142144638404
2 0.5718181818181818 0.5548628428927681 0.012727272727272728 0.032418952618453865
2 0.5390909090909091 0.5311720698254364 0.016363636363636365 0.0399002493765586
2 0.6018181818181818 0.5461346633416458 0.01090909090909091 0.029925187032418952
2 0.61 0.49625935162094764 0.012727272727272728 0.02493765586034913
