0 0.24921875 0.6347352024922118 0.0984375 0.24143302180685358
0 0.2953125 0.6440809968847352 0.13125 0.32242990654205606
0 0.3546875 0.6658878504672897 0.1375 0.3348909657320872
0 0.43515625 0.5708722741433022 0.0640625 0.1573208722741433
0 0.421875 0.7032710280373832 0.08125 0.19781931464174454
0 0.50625 0.5926791277258567 0.075 0.1853582554517134
0 0.58671875 0.6214953271028038 0.0921875 0.22429906542056074
0 0.90625 0.6565420560747663 0.15 0.3691588785046729
0 0.8234375 0.5716510903426791 0.075 0.18691588785046728
0 0.7265625 0.5428348909657321 0.04375 0.11059190031152648
0 0.65625 0.5397196261682243 0.034375 0.08566978193146417
0 0.6109375 0.5389408099688473 0.046875 0.11838006230529595
2 0.06875 0.5327102803738317 0.053125 0.09345794392523364
2 0.5234375 0.5038940809968847 0.01875 0.029595015576323987
2 0.97421875 0.48130841121495327 0.0421875 0.06542056074766354
2 0.69453125 0.4898753894080997 0.0171875 0.017133956386292833
2 0.6796875 0.4914330218068536 0.01875 0.020249221183800622
2 0.3890625 0.4953271028037383 0.025 0.03115264797507788
2 0.5921875 0.4883177570093458 0.021875 0.0264797507788162
2 0.87578125 0.48598130841121495 0.0390625 0.037383177570093455
2 0.35625 0.4968847352024922 0.0125 0.037383177570093455
3 0.20546875 0.5046728971962616 0.0328125 0.04672897196261682
3 0.16328125 0.5 0.0140625 0.03426791277258567
