0 0.53 0.8822975517890772 0.06 0.09981167608286252
0 0.5028571428571429 0.736346516007533 0.06857142857142857 0.1167608286252354
0 0.37714285714285717 0.7015065913370998 0.07428571428571429 0.12617702448210924
0 0.5842857142857143 0.687382297551789 0.07142857142857142 0.11299435028248588
0 0.6385714285714286 0.5828625235404896 0.06571428571428571 0.1111111111111111
0 0.7528571428571429 0.5828625235404896 0.07714285714285714 0.1224105461393597
0 0.8785714285714286 0.5856873822975518 0.06571428571428571 0.10922787193973635
0 0.8028571428571428 0.5338983050847458 0.06857142857142857 0.11487758945386065
0 0.65 0.5216572504708098 0.07142857142857142 0.1167608286252354
0 0.46714285714285714 0.5809792843691148 0.07714285714285714 0.12617702448210924
0 0.36 0.5941619585687382 0.07428571428571429 0.11864406779661017
0 0.24142857142857144 0.5903954802259888 0.06571428571428571 0.10734463276836158
0 0.15714285714285714 0.5988700564971752 0.07428571428571429 0.12429378531073447
0 0.2 0.5338983050847458 0.06857142857142857 0.1111111111111111
0 0.29714285714285715 0.5254237288135594 0.06285714285714286 0.1016949152542373
0 0.39714285714285713 0.5112994350282486 0.06285714285714286 0.10357815442561205
0 0.49714285714285716 0.5225988700564972 0.06857142857142857 0.11487758945386065
0 0.9685714285714285 0.527306967984934 0.06285714285714286 0.11299435028248588
0 0.9328571428571428 0.527306967984934 0.06 0.1016949152542373
0 0.032857142857142856 0.1224105461393597 0.054285714285714284 0.09416195856873823
2 0.16142857142857142 0.2222222222222222 0.04857142857142857 0.018832391713747645
2 0.15714285714285714 0.2448210922787194 0.05714285714285714 0.015065913370998116
2 0.16428571428571428 0.263653483992467 0.07714285714285714 0.018832391713747645
2 0.16 0.295668549905838 0.05142857142857143 0.018832391713747645
2 0.1657142857142857 0.327683615819209 0.05142857142857143 0.007532956685499058
2 0.17714285714285713 0.3634651600753296 0.04 0.030131826741996232
2 0.16428571428571428 0.4576271186440678 0.10571428571428572 0.05273069679849341
2 0.13142857142857142 0.4058380414312618 0.06857142857142857 0.02824858757062147
2 0.31285714285714283 0.20527306967984935 0.054285714285714284 0.022598870056497175
2 0.4342857142857143 0.1224105461393597 0.06857142857142857 0.030131826741996232
2 0.36 0.12994350282485875 0.06857142857142857 0.05273069679849341
2 0.27285714285714285 0.12994350282485875 0.054285714285714284 0.05649717514124294
2 0.22 0.1327683615819209 0.03428571428571429 0.05084745762711865
2 0.13857142857142857 0.12523540489642185 0.06 0.047080979284369114
2 0.56 0.1224105461393597 0.05142857142857143 0.04519774011299435
2 0.5071428571428571 0.11958568738229755 0.04285714285714286 0.047080979284369114
2 0.6528571428571428 0.12994350282485875 0.04285714285714286 0.04519774011299435
2 0.5428571428571428 0.0696798493408663 0.05142857142857143 0.030131826741996232
2 0.6385714285714286 0.0743879472693032 0.04857142857142857 0.032015065913371
2 0.6985714285714286 0.07532956685499058 0.054285714285714284 0.03766478342749529
2 0.7828571428571428 0.3333333333333333 0.08 0.08286252354048965
2 0.72 0.3559322033898305 0.045714285714285714 0.04143126177024482
2 0.5771428571428572 0.3691148775894539 0.06857142857142857 0.03766478342749529
2 0.6 0.4425612052730697 0.05142857142857143 0.05273069679849341
2 0.6785714285714286 0.4453860640301318 0.07714285714285714 0.047080979284369114
2 0.7771428571428571 0.4500941619585687 0.045714285714285714 0.03766478342749529
2 0.9085714285714286 0.07156308851224105 0.03428571428571429 0.03766478342749529
2 0.16428571428571428 0.03483992467043315 0.06571428571428571 0.03954802259887006
2 0.25857142857142856 0.4190207156308851 0.054285714285714284 0.05084745762711865
