0 0.4266666666666667 0.72375 0.09 0.3325
0 0.3466666666666667 0.6475 0.056666666666666664 0.215
0 0.30083333333333334 0.65 0.055 0.205
0 0.53 0.575 0.04666666666666667 0.18
0 0.4866666666666667 0.57875 0.03666666666666667 0.1425
0 0.5666666666666667 0.62375 0.07666666666666666 0.2825
0 0.7283333333333334 0.6675 0.07 0.255
0 0.8008333333333333 0.6675 0.07166666666666667 0.265
0 0.6575 0.58 0.045 0.17
0 0.8508333333333333 0.59125 0.055 0.2025
0 0.8883333333333333 0.62375 0.056666666666666664 0.2125
0 0.96 0.6375 0.06666666666666667 0.245
2 0.6891666666666667 0.49 0.03166666666666667 0.06
2 0.9525 0.505 0.03833333333333333 0.07
2 0.7708333333333334 0.51625 0.03166666666666667 0.0475
