0 0.053 0.5901162790697675 0.102 0.36046511627906974
0 0.167 0.5813953488372093 0.11 0.3953488372093023
0 0.243 0.6569767441860465 0.106 0.37790697674418605
0 0.421 0.7005813953488372 0.106 0.38372093023255816
0 0.499 0.6656976744186046 0.106 0.37790697674418605
0 0.569 0.6497093023255814 0.098 0.35755813953488375
0 0.784 0.6438953488372093 0.12 0.4273255813953488
0 0.828 0.6933139534883721 0.116 0.41569767441860467
0 0.912 0.48546511627906974 0.068 0.23837209302325582
0 0.777 0.26308139534883723 0.058 0.2063953488372093
0 0.977 0.2543604651162791 0.046 0.17732558139534885
0 0.04 0.23982558139534885 0.056 0.2063953488372093
0 0.067 0.23255813953488372 0.058 0.20348837209302326
0 0.127 0.23837209302325582 0.05 0.18604651162790697
2 0.035 0.9011627906976745 0.05 0.16279069767441862
2 0.342 0.9375 0.044 0.09593023255813954
2 0.614 0.9331395348837209 0.032 0.05813953488372093
2 0.681 0.690406976744186 0.046 0.32848837209302323
2 0.936 0.7180232558139535 0.016 0.06976744186046512
2 0.947 0.9331395348837209 0.034 0.08139534883720931
2 0.44 0.2136627906976744 0.012 0.09593023255813954
2 0.516 0.1744186046511628 0.024 0.05813953488372093
2 0.514 0.2703488372093023 0.016 0.06976744186046512
2 0.579 0.2311046511627907 0.026 0.10755813953488372
2 0.916 0.28343023255813954 0.02 0.125
2 0.884 0.1555232558139535 0.008 0.10174418604651163
2 0.936 0.15406976744186046 0.016 0.08139534883720931
2 0.015 0.21075581395348839 0.014 0.09593023255813954
2 0.265 0.1875 0.014 0.08430232558139535
2 0.223 0.25872093023255816 0.03 0.06976744186046512
2 0.189 0.3081395348837209 0.014 0.046511627906976744
2 0.341 0.33575581395348836 0.034 0.061046511627906974
2 0.275 0.3328488372093023 0.026 0.07848837209302326
2 0.239 0.37209302325581395 0.018 0.046511627906976744
2 0.356 0.2441860465116279 0.024 0.05232558139534884
2 0.607 0.2863372093023256 0.014 0.10174418604651163
2 0.707 0.24127906976744187 0.014 0.06395348837209303
2 0.36 0.07412790697674419 0.016 0.0436046511627907
2 0.653 0.10755813953488372 0.03 0.05232558139534884
2 0.318 0.23982558139534885 0.016 0.0436046511627907
