0 0.271 0.536144578313253 0.194 0.7108433734939759
0 0.935 0.5692771084337349 0.13 0.7951807228915663
2 0.082 0.18072289156626506 0.048 0.1566265060240964
2 0.141 0.12198795180722892 0.062 0.1536144578313253
2 0.252 0.12198795180722892 0.032 0.07530120481927711
2 0.297 0.1536144578313253 0.038 0.09036144578313253
2 0.327 0.13253012048192772 0.034 0.0783132530120482
2 0.357 0.09337349397590361 0.042 0.0963855421686747
2 0.407 0.1355421686746988 0.058 0.16265060240963855
2 0.447 0.3057228915662651 0.07 0.22590361445783133
2 0.553 0.5015060240963856 0.094 0.33433734939759036
2 0.599 0.2469879518072289 0.09 0.22289156626506024
2 0.506 0.14909638554216867 0.048 0.07530120481927711
2 0.659 0.13102409638554216 0.038 0.09939759036144578
2 0.732 0.19126506024096385 0.032 0.1536144578313253
2 0.775 0.11746987951807229 0.046 0.06626506024096386
2 0.828 0.14759036144578314 0.028 0.1144578313253012
2 0.78 0.5225903614457831 0.048 0.5813253012048193
2 0.887 0.19578313253012047 0.058 0.13855421686746988
2 0.493 0.07981927710843373 0.054 0.06927710843373494
2 0.118 0.40963855421686746 0.096 0.23493975903614459
