0 0.8691446028513238 0.665648854961832 0.09266802443991853 0.33893129770992364
0 0.7993890020366599 0.6908396946564885 0.08757637474541752 0.3251908396946565
0 0.7520366598778004 0.7015267175572519 0.0824847250509165 0.30381679389312977
0 0.6955193482688391 0.6793893129770993 0.08961303462321792 0.3297709923664122
0 0.6527494908350305 0.7038167938931298 0.07942973523421588 0.2961832061068702
0 0.6120162932790224 0.716030534351145 0.06720977596741344 0.250381679389313
0 0.5728105906313645 0.7053435114503817 0.08044806517311609 0.29923664122137406
0 0.5310590631364562 0.7007633587786259 0.08044806517311609 0.2931297709923664
0 0.4923625254582485 0.7213740458015268 0.06822810590631365 0.2549618320610687
0 0.4414460285132383 0.7251908396946565 0.06822810590631365 0.250381679389313
0 0.3844195519348269 0.7267175572519083 0.06619144602851323 0.24122137404580152
0 0.32942973523421587 0.7183206106870229 0.07230142566191446 0.2641221374045801
0 0.2973523421588595 0.7152671755725191 0.07331975560081466 0.26717557251908397
0 0.9063136456211812 0.632824427480916 0.06313645621181263 0.2366412213740458
0 0.9378818737270875 0.6068702290076335 0.059063136456211814 0.22137404580152673
0 0.9704684317718941 0.6938931297709924 0.059063136456211814 0.32213740458015266
0 0.2708757637474542 0.7076335877862595 0.07535641547861507 0.27633587786259545
0 0.23930753564154786 0.7091603053435115 0.07331975560081466 0.26717557251908397
0 0.20162932790224034 0.7198473282442748 0.06924643584521385 0.2580152671755725
0 0.164969450101833 0.7251908396946565 0.06924643584521385 0.2534351145038168
2 0.07382892057026477 0.7312977099236642 0.013238289205702648 0.06412213740458016
2 0.3859470468431772 0.5641221374045802 0.010183299389002037 0.044274809160305344
2 0.3615071283095723 0.5740458015267176 0.012219959266802444 0.030534351145038167
2 0.9694501018329938 0.48244274809160304 0.010183299389002037 0.021374045801526718
2 0.7138492871690427 0.5 0.010183299389002037 0.01984732824427481
2 0.6507128309572301 0.5259541984732824 0.014256619144602852 0.02900763358778626
2 0.5015274949083504 0.5519083969465649 0.015274949083503055 0.035114503816793895
2 0.4414460285132383 0.5587786259541985 0.01120162932790224 0.0366412213740458
2 0.4175152749490835 0.5717557251908397 0.006109979633401222 0.022900763358778626
2 0.6084521384928717 0.5427480916030535 0.003054989816700611 0.022900763358778626
2 0.5921588594704684 0.5389312977099237 0.009164969450101833 0.024427480916030534
