0 0.03 0.5350877192982456 0.06 0.3383458646616541
0 0.0425 0.5263157894736842 0.07833333333333334 0.2857142857142857
0 0.09 0.5162907268170426 0.08666666666666667 0.3208020050125313
0 0.1125 0.4924812030075188 0.075 0.2781954887218045
0 0.13833333333333334 0.4824561403508772 0.07333333333333333 0.2781954887218045
0 0.17583333333333334 0.4849624060150376 0.065 0.24310776942355888
0 0.24333333333333335 0.6190476190476191 0.14666666666666667 0.5463659147869674
0 0.27166666666666667 0.487468671679198 0.07 0.2581453634085213
0 0.31916666666666665 0.462406015037594 0.058333333333333334 0.21804511278195488
0 0.3441666666666667 0.4849624060150376 0.06833333333333333 0.2531328320802005
0 0.36916666666666664 0.4924812030075188 0.07166666666666667 0.2681704260651629
0 0.38166666666666665 0.4649122807017544 0.06666666666666667 0.24812030075187969
0 0.42333333333333334 0.46616541353383456 0.06333333333333334 0.23057644110275688
0 0.44416666666666665 0.47869674185463656 0.07166666666666667 0.2656641604010025
0 0.46416666666666667 0.4649122807017544 0.06166666666666667 0.23308270676691728
0 0.4841666666666667 0.43859649122807015 0.06166666666666667 0.22556390977443608
0 0.5358333333333334 0.45614035087719296 0.058333333333333334 0.22055137844611528
0 0.5208333333333334 0.44862155388471175 0.055 0.20551378446115287
0 0.5675 0.5037593984962406 0.105 0.39097744360902253
0 0.5983333333333334 0.4573934837092732 0.05333333333333334 0.19799498746867167
0 0.6133333333333333 0.4348370927318296 0.06 0.21804511278195488
0 0.655 0.44110275689223055 0.056666666666666664 0.21553884711779447
0 0.6891666666666667 0.4323308270676692 0.051666666666666666 0.19799498746867167
0 0.6658333333333334 0.41854636591478694 0.04833333333333333 0.18546365914786966
0 0.7166666666666667 0.4423558897243108 0.056666666666666664 0.21303258145363407
0 0.7741666666666667 0.44360902255639095 0.058333333333333334 0.22055137844611528
0 0.7525 0.42606516290726815 0.055 0.20050125313283207
0 0.7966666666666666 0.43734335839599 0.056666666666666664 0.21303258145363407
0 0.8366666666666667 0.4674185463659148 0.07333333333333333 0.2781954887218045
0 0.8508333333333333 0.4423558897243108 0.058333333333333334 0.22305764411027568
0 0.8783333333333333 0.4448621553884712 0.06 0.21804511278195488
0 0.8983333333333333 0.4598997493734336 0.06666666666666667 0.24812030075187969
0 0.9616666666666667 0.4548872180451128 0.06666666666666667 0.24812030075187969
0 0.9266666666666666 0.4573934837092732 0.06666666666666667 0.24310776942355888
2 0.04833333333333333 0.39473684210526316 0.043333333333333335 0.05764411027568922
2 0.8891666666666667 0.3283208020050125 0.028333333333333332 0.040100250626566414
2 0.735 0.3358395989974937 0.02 0.045112781954887216
2 0.6316666666666667 0.3508771929824561 0.03333333333333333 0.07518796992481203
