0 0.22448979591836735 0.8583106267029973 0.07755102040816327 0.2561307901907357
0 0.2612244897959184 0.829700272479564 0.08163265306122448 0.26975476839237056
0 0.29183673469387755 0.773841961852861 0.08979591836734693 0.2997275204359673
0 0.47346938775510206 0.6553133514986376 0.08571428571428572 0.28065395095367845
0 0.6173469387755102 0.6607629427792916 0.09183673469387756 0.2970027247956403
0 0.7826530612244897 0.611716621253406 0.08775510204081632 0.28610354223433243
0 0.7020408163265306 0.5122615803814714 0.07346938775510205 0.23978201634877383
0 0.4704081632653061 0.47547683923705725 0.07142857142857142 0.23160762942779292
0 0.3346938775510204 0.42915531335149865 0.061224489795918366 0.1989100817438692
0 0.26224489795918365 0.49182561307901906 0.05918367346938776 0.19346049046321526
0 0.16224489795918368 0.42370572207084467 0.05918367346938776 0.1989100817438692
0 0.1357142857142857 0.388283378746594 0.05510204081632653 0.18256130790190736
0 0.1683673469387755 0.33787465940054495 0.05510204081632653 0.18528610354223432
0 0.25612244897959185 0.2220708446866485 0.04285714285714286 0.14986376021798364
0 0.25612244897959185 0.41689373297002724 0.05918367346938776 0.19618528610354224
0 0.4173469387755102 0.3310626702997275 0.05510204081632653 0.1771117166212534
0 0.3826530612244898 0.4032697547683924 0.05102040816326531 0.17438692098092642
0 0.9622448979591837 0.6198910081743869 0.07551020408163266 0.3024523160762943
0 0.8724489795918368 0.8760217983651226 0.05918367346938776 0.1989100817438692
0 0.8826530612244898 0.5340599455040872 0.07959183673469387 0.2615803814713896
0 0.886734693877551 0.40463215258855584 0.05918367346938776 0.19346049046321526
0 0.7683673469387755 0.3474114441416894 0.05102040816326531 0.17166212534059946
0 0.5081632653061224 0.36648501362397823 0.05714285714285714 0.19346049046321526
0 0.5510204081632653 0.39509536784741145 0.05714285714285714 0.18528610354223432
0 0.17653061224489797 0.20708446866485014 0.04285714285714286 0.14168937329700274
0 0.3989795918367347 0.09809264305177112 0.030612244897959183 0.10354223433242507
0 0.376530612244898 0.09128065395095368 0.030612244897959183 0.10626702997275204
0 0.4418367346938776 0.07220708446866485 0.03469387755102041 0.11171662125340599
0 0.5 0.21662125340599456 0.04897959183673469 0.16621253405994552
0 0.4846938775510204 0.32697547683923706 0.05102040816326531 0.16893732970027248
0 0.6051020408163266 0.2779291553133515 0.04285714285714286 0.14168937329700274
0 0.8755102040816326 0.2547683923705722 0.04897959183673469 0.16621253405994552
0 0.8306122448979592 0.13760217983651227 0.036734693877551024 0.12806539509536785
0 0.7591836734693878 0.11444141689373297 0.036734693877551024 0.11989100817438691
0 0.786734693877551 0.11716621253405994 0.03469387755102041 0.11444141689373297
0 0.8112244897959183 0.12534059945504086 0.03469387755102041 0.11989100817438691
2 0.08877551020408163 0.6376021798365122 0.17346938775510204 0.23978201634877383
2 0.3408163265306122 0.9455040871934605 0.08979591836734693 0.10899182561307902
2 0.36020408163265305 0.8814713896457765 0.0836734693877551 0.09536784741144415
2 0.6071428571428571 0.9250681198910081 0.10408163265306122 0.14986376021798364
2 0.5438775510204081 0.5926430517711172 0.07142857142857142 0.12806539509536785
2 0.7326530612244898 0.14577656675749318 0.036734693877551024 0.08446866485013624
