0 0.05 0.735655737704918 0.1 0.36475409836065575
0 0.41307692307692306 0.7141393442622951 0.07538461538461538 0.2520491803278688
0 0.5861538461538461 0.6721311475409836 0.07692307692307693 0.25
0 0.62 0.6823770491803278 0.07692307692307693 0.25
0 0.7138461538461538 0.6629098360655737 0.07076923076923076 0.23155737704918034
0 0.7784615384615384 0.6659836065573771 0.07384615384615385 0.24180327868852458
0 0.8592307692307692 0.6915983606557377 0.06923076923076923 0.23155737704918034
0 0.9546153846153846 0.6741803278688525 0.06923076923076923 0.22950819672131148
0 0.8276923076923077 0.6700819672131147 0.046153846153846156 0.15163934426229508
0 0.6884615384615385 0.6854508196721312 0.02923076923076923 0.10040983606557377
0 0.5138461538461538 0.6014344262295082 0.018461538461538463 0.06762295081967214
0 0.5315384615384615 0.6014344262295082 0.016923076923076923 0.05942622950819672
0 0.3376923076923077 0.5983606557377049 0.02 0.06557377049180328
0 0.32153846153846155 0.5993852459016393 0.018461538461538463 0.05942622950819672
0 0.3046153846153846 0.6024590163934426 0.012307692307692308 0.040983606557377046
0 0.23461538461538461 0.6034836065573771 0.013846153846153847 0.05122950819672131
0 0.25076923076923074 0.6034836065573771 0.015384615384615385 0.05122950819672131
0 0.3546153846153846 0.6239754098360656 0.016923076923076923 0.055327868852459015
0 0.37846153846153846 0.6721311475409836 0.033846153846153845 0.11475409836065574
0 0.6646153846153846 0.6096311475409836 0.021538461538461538 0.07581967213114754
0 0.8884615384615384 0.6987704918032787 0.023076923076923078 0.07377049180327869
2 0.12461538461538461 0.7745901639344263 0.06153846153846154 0.11475409836065574
2 0.10384615384615385 0.7448770491803278 0.047692307692307694 0.08811475409836066
2 0.1276923076923077 0.680327868852459 0.05846153846153846 0.09016393442622951
2 0.16923076923076924 0.6741803278688525 0.04 0.07377049180327869
2 0.23153846153846153 0.680327868852459 0.05076923076923077 0.09836065573770492
2 0.26384615384615384 0.6659836065573771 0.03538461538461538 0.06557377049180328
2 0.3192307692307692 0.6608606557377049 0.038461538461538464 0.05942622950819672
2 0.936923076923077 0.6424180327868853 0.043076923076923075 0.0430327868852459
