0 0.10434782608695652 0.7423728813559322 0.08115942028985507 0.46779661016949153
0 0.32608695652173914 0.7169491525423729 0.0782608695652174 0.4440677966101695
0 0.2898550724637681 0.7101694915254237 0.06086956521739131 0.3559322033898305
0 0.27753623188405796 0.7016949152542373 0.0536231884057971 0.3050847457627119
0 0.2514492753623188 0.7 0.04492753623188406 0.2677966101694915
0 0.23333333333333334 0.6983050847457627 0.034782608695652174 0.21016949152542372
0 0.21811594202898552 0.6864406779661016 0.030434782608695653 0.1864406779661017
0 0.5224637681159421 0.688135593220339 0.06811594202898551 0.39322033898305087
0 0.48478260869565215 0.7152542372881356 0.050724637681159424 0.29152542372881357
0 0.4260869565217391 0.6983050847457627 0.04927536231884058 0.27796610169491526
0 0.38768115942028986 0.6898305084745763 0.0391304347826087 0.23389830508474577
0 0.36884057971014494 0.6711864406779661 0.02463768115942029 0.14915254237288136
0 0.5920289855072464 0.6983050847457627 0.04492753623188406 0.26440677966101694
0 0.5601449275362319 0.688135593220339 0.036231884057971016 0.2033898305084746
0 0.6289855072463768 0.6898305084745763 0.034782608695652174 0.20677966101694914
0 0.6086956521739131 0.6796610169491526 0.028985507246376812 0.16610169491525423
0 0.663768115942029 0.6932203389830508 0.057971014492753624 0.3423728813559322
0 0.6992753623188406 0.6932203389830508 0.0391304347826087 0.23389830508474577
0 0.717391304347826 0.6949152542372882 0.03188405797101449 0.18983050847457628
0 0.7514492753623189 0.6898305084745763 0.050724637681159424 0.29491525423728815
0 0.7789855072463768 0.6898305084745763 0.036231884057971016 0.20677966101694914
0 0.8181159420289855 0.6711864406779661 0.02463768115942029 0.14915254237288136
0 0.8449275362318841 0.6796610169491526 0.03188405797101449 0.1864406779661017
0 0.8623188405797102 0.6983050847457627 0.04057971014492753 0.2440677966101695
0 0.8934782608695652 0.6779661016949152 0.030434782608695653 0.18305084745762712
0 0.8797101449275362 0.6728813559322034 0.02608695652173913 0.15932203389830507
0 0.9108695652173913 0.6677966101694915 0.02463768115942029 0.1423728813559322
0 0.9304347826086956 0.6830508474576271 0.034782608695652174 0.20677966101694914
0 0.9507246376811594 0.6745762711864407 0.02608695652173913 0.15593220338983052
0 0.9608695652173913 0.6677966101694915 0.02318840579710145 0.13559322033898305
