0 0.0325 0.7016666666666667 0.058333333333333334 0.2966666666666667
0 0.05416666666666667 0.6666666666666666 0.06166666666666667 0.31333333333333335
0 0.08083333333333333 0.7666666666666667 0.058333333333333334 0.29333333333333333
0 0.09916666666666667 0.7833333333333333 0.07833333333333334 0.38
0 0.14333333333333334 0.745 0.06 0.30333333333333334
0 0.1725 0.7333333333333333 0.06166666666666667 0.30666666666666664
0 0.245 0.8083333333333333 0.06666666666666667 0.33
0 0.2633333333333333 0.7333333333333333 0.06333333333333334 0.32
0 0.33916666666666667 0.775 0.07166666666666667 0.3566666666666667
0 0.35833333333333334 0.7216666666666667 0.06666666666666667 0.33
0 0.38666666666666666 0.7416666666666667 0.06666666666666667 0.33
0 0.4275 0.7933333333333333 0.075 0.36666666666666664
0 0.44916666666666666 0.705 0.06833333333333333 0.33666666666666667
0 0.495 0.7916666666666666 0.07333333333333333 0.3566666666666667
0 0.5225 0.695 0.065 0.3233333333333333
0 0.5616666666666666 0.805 0.07 0.35
0 0.5933333333333334 0.7783333333333333 0.06666666666666667 0.33
0 0.6616666666666666 0.7283333333333334 0.06666666666666667 0.33
0 0.6933333333333334 0.805 0.07 0.3433333333333333
0 0.795 0.7383333333333333 0.06 0.2966666666666667
0 0.8716666666666667 0.6483333333333333 0.06666666666666667 0.33666666666666667
0 0.8475 0.5916666666666667 0.065 0.3233333333333333
0 0.9458333333333333 0.6633333333333333 0.058333333333333334 0.2866666666666667
0 0.9191666666666667 0.55 0.06833333333333333 0.3333333333333333
0 0.9508333333333333 0.5616666666666666 0.051666666666666666 0.25666666666666665
0 0.705 0.575 0.06 0.29
0 0.6716666666666666 0.6116666666666667 0.06666666666666667 0.33
0 0.6175 0.6566666666666666 0.065 0.32
0 0.565 0.5916666666666667 0.056666666666666664 0.2833333333333333
2 0.06666666666666667 0.47333333333333333 0.03 0.07333333333333333
2 0.08166666666666667 0.41833333333333333 0.04 0.06333333333333334
2 0.9491666666666667 0.41 0.025 0.08
2 0.9791666666666666 0.43 0.025 0.06
2 0.8883333333333333 0.36333333333333334 0.02 0.05333333333333334
