0 0.14555555555555555 0.5667779632721202 0.15555555555555556 0.5726210350584308
0 0.09388888888888888 0.5759599332220368 0.11444444444444445 0.4240400667779633
0 0.0661111111111111 0.5784641068447413 0.09 0.332220367278798
0 0.018333333333333333 0.6043405676126878 0.03666666666666667 0.15692821368948248
0 0.26555555555555554 0.5709515859766278 0.09555555555555556 0.35392320534223703
0 0.385 0.5559265442404007 0.13666666666666666 0.5008347245409015
0 0.5361111111111111 0.5626043405676127 0.18333333333333332 0.671118530884808
0 0.6205555555555555 0.5742904841402338 0.09444444444444444 0.34724540901502504
0 0.7488888888888889 0.5409015025041736 0.1511111111111111 0.5542570951585977
0 0.8716666666666667 0.5626043405676127 0.12777777777777777 0.4674457429048414
0 0.9488888888888889 0.5667779632721202 0.10222222222222223 0.39232053422370616
2 0.051666666666666666 0.6360601001669449 0.03666666666666667 0.11018363939899833
2 0.023333333333333334 0.6243739565943238 0.03333333333333333 0.09015025041736227
2 0.35388888888888886 0.6293823038397329 0.04111111111111111 0.09015025041736227
2 0.45111111111111113 0.6268781302170284 0.015555555555555555 0.08180300500834725
2 0.48 0.6176961602671118 0.03777777777777778 0.12353923205342238
2 0.30722222222222223 0.6343906510851419 0.03888888888888889 0.09348914858096828
2 0.3211111111111111 0.5709515859766278 0.028888888888888888 0.05676126878130217
2 0.6883333333333334 0.6193656093489148 0.04111111111111111 0.1001669449081803
2 0.6716666666666666 0.5492487479131887 0.03222222222222222 0.06010016694490818
2 0.6905555555555556 0.5342237061769616 0.012222222222222223 0.02671118530884808
2 0.7983333333333333 0.6218697829716193 0.043333333333333335 0.09849749582637729
2 0.8488888888888889 0.6218697829716193 0.035555555555555556 0.10517529215358931
2 0.8377777777777777 0.5792988313856428 0.02 0.05008347245409015
2 0.8233333333333334 0.5383973288814691 0.017777777777777778 0.041736227045075125
