0 0.4609375 0.5736111111111111 0.08125 0.35833333333333334
0 0.6546875 0.575 0.071875 0.3111111111111111
0 0.75859375 0.7291666666666666 0.1203125 0.525
0 0.81875 0.7291666666666666 0.11875 0.5194444444444445
0 0.95078125 0.6416666666666667 0.0984375 0.48333333333333334
0 0.91796875 0.5902777777777778 0.0796875 0.3527777777777778
0 0.54921875 0.5166666666666667 0.0390625 0.17777777777777778
0 0.56875 0.5236111111111111 0.040625 0.175
0 0.2 0.43194444444444446 0.05625 0.25277777777777777
0 0.15625 0.4236111111111111 0.05625 0.25277777777777777
0 0.52578125 0.5194444444444445 0.0359375 0.15555555555555556
1 0.35078125 0.6791666666666667 0.1203125 0.525
2 0.02890625 0.4263888888888889 0.0578125 0.13055555555555556
2 0.0859375 0.44166666666666665 0.05625 0.1111111111111111
2 0.83046875 0.4305555555555556 0.0328125 0.06111111111111111
4 0.5046875 0.4736111111111111 0.05625 0.11388888888888889
4 0.425 0.44583333333333336 0.04375 0.09166666666666666
