0 0.17238095238095238 0.34124629080118696 0.14285714285714285 0.5519287833827893
0 0.3057142857142857 0.3545994065281899 0.13904761904761906 0.5370919881305638
0 0.3628571428571429 0.3367952522255193 0.15047619047619049 0.5727002967359051
0 0.37142857142857144 0.3664688427299703 0.14095238095238094 0.5370919881305638
0 0.4704761904761905 0.33086053412462907 0.16 0.6083086053412463
0 0.10476190476190476 0.34124629080118696 0.045714285714285714 0.18397626112759644
0 0.07428571428571429 0.35014836795252224 0.045714285714285714 0.17804154302670624
0 0.7019047619047619 0.5341246290801187 0.05523809523809524 0.21364985163204747
0 0.6552380952380953 0.5445103857566765 0.045714285714285714 0.18100890207715134
0 0.7542857142857143 0.5356083086053413 0.05333333333333334 0.20474777448071216
0 0.7238095238095238 0.5445103857566765 0.049523809523809526 0.19287833827893175
0 0.8276190476190476 0.5608308605341247 0.03619047619047619 0.13649851632047477
0 0.8047619047619048 0.5400593471810089 0.047619047619047616 0.18991097922848665
0 0.9095238095238095 0.5370919881305638 0.05904761904761905 0.2314540059347181
0 0.8790476190476191 0.5370919881305638 0.04380952380952381 0.17210682492581603
0 0.9438095238095238 0.5356083086053413 0.05523809523809524 0.2166172106824926
0 0.979047619047619 0.5341246290801187 0.0419047619047619 0.16023738872403562
2 0.7114285714285714 0.22403560830860533 0.11619047619047619 0.17507418397626112
2 0.8638095238095238 0.1172106824925816 0.10476190476190476 0.19881305637982197
2 0.8704761904761905 0.2195845697329377 0.12571428571428572 0.1661721068249258
2 0.939047619047619 0.2195845697329377 0.06476190476190476 0.16023738872403562
4 0.05904761904761905 0.08160237388724036 0.11428571428571428 0.1513353115727003
4 0.21428571428571427 0.08902077151335312 0.18476190476190477 0.17804154302670624
4 0.4695238095238095 0.06676557863501484 0.3180952380952381 0.13353115727002968
4 0.56 0.2551928783382789 0.13714285714285715 0.20178041543026706
4 0.24476190476190476 0.27299703264094954 0.07809523809523809 0.17210682492581603
4 0.040952380952380955 0.27596439169139464 0.07428571428571429 0.1543026706231454
4 0.13714285714285715 0.271513353115727 0.049523809523809526 0.10979228486646884
4 0.7342857142857143 0.05934718100890208 0.17714285714285713 0.11275964391691394
4 0.9304761904761905 0.05192878338278932 0.10857142857142857 0.09792284866468842
4 0.959047619047619 0.19584569732937684 0.05904761904761905 0.12462908011869436
4 0.7780952380952381 0.2166172106824926 0.11238095238095239 0.16023738872403562
4 0.6647619047619048 0.19584569732937684 0.045714285714285714 0.11275964391691394
4 0.6952380952380952 0.3664688427299703 0.09142857142857143 0.06824925816023739
4 0.8114285714285714 0.3798219584569733 0.11047619047619048 0.09495548961424333
4 0.9533333333333334 0.38724035608308605 0.07809523809523809 0.10385756676557864
