0 0.28854166666666664 0.663972286374134 0.23958333333333334 0.6535796766743649
0 0.46875 0.45265588914549654 0.17083333333333334 0.4665127020785219
0 0.6166666666666667 0.5323325635103926 0.23333333333333334 0.6397228637413395
0 0.8114583333333333 0.5254041570438799 0.18958333333333333 0.5150115473441108
0 0.9114583333333334 0.45265588914549654 0.16041666666666668 0.4387990762124711
0 0.184375 0.523094688221709 0.19375 0.5242494226327945
0 0.3104166666666667 0.28983833718244806 0.07916666666666666 0.21478060046189376
0 0.38333333333333336 0.27829099307159355 0.06666666666666667 0.18244803695150116
0 0.50625 0.29330254041570436 0.075 0.20785219399538107
0 0.9552083333333333 0.2852193995381062 0.08958333333333333 0.2471131639722864
0 0.96875 0.2840646651270208 0.0625 0.2586605080831409
0 0.2 0.29330254041570436 0.06666666666666667 0.18475750577367206
0 0.06145833333333333 0.2702078521939954 0.04791666666666667 0.12933025404157045
0 0.084375 0.2702078521939954 0.052083333333333336 0.14318706697459585
0 0.041666666666666664 0.22863741339491916 0.041666666666666664 0.11085450346420324
0 0.011458333333333333 0.22632794457274827 0.022916666666666665 0.12009237875288684
0 0.165625 0.21709006928406466 0.035416666666666666 0.09699769053117784
0 0.11666666666666667 0.22863741339491916 0.041666666666666664 0.12009237875288684
0 0.253125 0.24942263279445728 0.04791666666666667 0.13394919168591224
0 0.35 0.26558891454965355 0.04583333333333333 0.12933025404157045
0 0.5395833333333333 0.2517321016166282 0.05416666666666667 0.14780600461893764
0 0.553125 0.27829099307159355 0.04791666666666667 0.13163972286374134
0 0.8395833333333333 0.24133949191685913 0.05 0.14087759815242495
0 0.8729166666666667 0.2759815242494226 0.07083333333333333 0.19168591224018475
0 0.6989583333333333 0.4387990762124711 0.15625 0.42494226327944573
2 0.753125 0.20092378752886836 0.027083333333333334 0.06466512702078522
2 0.7947916666666667 0.21247113163972287 0.03125 0.06004618937644342
2 0.7583333333333333 0.2748267898383372 0.0875 0.15242494226327943
4 0.42916666666666664 0.21016166281755197 0.05416666666666667 0.06004618937644342
