0 0.2617056856187291 0.6417910447761194 0.1488294314381271 0.6507462686567164
0 0.3896321070234114 0.6014925373134329 0.11371237458193979 0.49850746268656715
0 0.5418060200668896 0.591044776119403 0.10367892976588629 0.4537313432835821
0 0.592809364548495 0.5462686567164179 0.08528428093645485 0.382089552238806
0 0.6964882943143813 0.48955223880597015 0.048494983277591976 0.208955223880597
0 0.717391304347826 0.48955223880597015 0.04013377926421405 0.17313432835820897
0 0.6789297658862876 0.48955223880597015 0.04013377926421405 0.18507462686567164
0 0.637123745819398 0.48955223880597015 0.043478260869565216 0.191044776119403
0 0.7834448160535117 0.49850746268656715 0.0451505016722408 0.20298507462686566
0 0.8093645484949833 0.49701492537313435 0.046822742474916385 0.20597014925373133
0 0.8260869565217391 0.5074626865671642 0.046822742474916385 0.21492537313432836
0 0.8586956521739131 0.48955223880597015 0.048494983277591976 0.21492537313432836
0 0.9138795986622074 0.48208955223880595 0.051839464882943144 0.23582089552238805
0 0.9188963210702341 0.5358208955223881 0.04180602006688963 0.1880597014925373
0 0.9765886287625418 0.5447761194029851 0.046822742474916385 0.21194029850746268
0 0.9414715719063546 0.5164179104477612 0.046822742474916385 0.208955223880597
0 0.07190635451505016 0.48656716417910445 0.05016722408026756 0.2208955223880597
0 0.18645484949832775 0.5 0.048494983277591976 0.21194029850746268
0 0.020903010033444816 0.5134328358208955 0.04180602006688963 0.191044776119403
0 0.3311036789297659 0.517910447761194 0.043478260869565216 0.1880597014925373
0 0.42391304347826086 0.5522388059701493 0.061872909698996656 0.2746268656716418
0 0.41304347826086957 0.5298507462686567 0.06020066889632107 0.2716417910447761
0 0.7650501672240803 0.5194029850746269 0.02508361204013378 0.10746268656716418
2 0.9790969899665551 0.4343283582089552 0.028428093645484948 0.07462686567164178
4 0.4974916387959866 0.44925373134328356 0.03177257525083612 0.1044776119402985
