0 0.6393333333333333 0.7862232779097387 0.09466666666666666 0.41330166270783847
0 0.868 0.668646080760095 0.050666666666666665 0.22565320665083136
0 0.9166666666666666 0.6555819477434679 0.04666666666666667 0.2042755344418052
0 0.9613333333333334 0.6555819477434679 0.048 0.21377672209026127
0 0.7633333333333333 0.6508313539192399 0.044 0.19477434679334918
0 0.81 0.6270783847980997 0.036 0.15676959619952494
0 0.8386666666666667 0.6211401425178147 0.024 0.11163895486935867
0 0.73 0.666270783847981 0.04666666666666667 0.20190023752969122
0 0.7026666666666667 0.6294536817102138 0.032 0.14726840855106887
0 0.6753333333333333 0.6567695961995249 0.04666666666666667 0.20665083135391923
0 0.25533333333333336 0.7434679334916865 0.11333333333333333 0.498812351543943
0 0.348 0.7078384798099763 0.07466666666666667 0.32304038004750596
0 0.38333333333333336 0.6959619952494062 0.06 0.2660332541567696
0 0.4266666666666667 0.6757719714964371 0.05333333333333334 0.23515439429928742
0 0.4666666666666667 0.668646080760095 0.058666666666666666 0.2589073634204275
0 0.058666666666666666 0.7137767220902613 0.088 0.38717339667458434
0 0.49066666666666664 0.6520190023752969 0.048 0.2161520190023753
0 0.5546666666666666 0.6460807600950119 0.050666666666666665 0.21852731591448932
0 0.578 0.6817102137767221 0.04666666666666667 0.20902612826603326
0 0.5166666666666667 0.6247030878859857 0.025333333333333333 0.1187648456057007
0 0.538 0.6092636579572447 0.030666666666666665 0.13539192399049882
0 0.14466666666666667 0.7505938242280285 0.08933333333333333 0.39429928741092635
0 0.21466666666666667 0.7482185273159145 0.09866666666666667 0.43705463182897863
0 0.08 0.6437054631828979 0.050666666666666665 0.21852731591448932
0 0.12066666666666667 0.6591448931116389 0.05466666666666667 0.24465558194774348
0 0.174 0.6852731591448931 0.06266666666666666 0.27790973871733965
0 0.2986666666666667 0.6935866983372921 0.06133333333333333 0.2755344418052256
0 0.5573333333333333 0.6472684085510689 0.048 0.20665083135391923
2 0.32 0.5866983372921615 0.037333333333333336 0.07600950118764846
2 0.65 0.5736342042755345 0.03333333333333333 0.1021377672209026
4 0.12733333333333333 0.5154394299287411 0.18266666666666667 0.07600950118764846
4 0.3333333333333333 0.5570071258907363 0.12533333333333332 0.08788598574821853
4 0.43533333333333335 0.5451306413301663 0.076 0.040380047505938245
4 0.5186666666666667 0.5510688836104513 0.058666666666666666 0.04275534441805225
4 0.598 0.5391923990498813 0.07866666666666666 0.0665083135391924
4 0.702 0.5427553444180523 0.07066666666666667 0.05938242280285035
4 0.7906666666666666 0.5522565320665083 0.096 0.07838479809976247
4 0.9486666666666667 0.5522565320665083 0.09466666666666666 0.040380047505938245
