0 0.4515625 0.5666666666666667 0.15 0.49166666666666664
0 0.284375 0.5114583333333333 0.11875 0.38958333333333334
0 0.15078125 0.521875 0.0984375 0.32708333333333334
0 0.0765625 0.4583333333333333 0.0625 0.20833333333333334
0 0.5796875 0.46875 0.065625 0.22083333333333333
0 0.79375 0.5020833333333333 0.084375 0.2791666666666667
0 0.63203125 0.4479166666666667 0.0453125 0.15
0 0.7359375 0.4666666666666667 0.05625 0.1875
0 0.915625 0.47291666666666665 0.075 0.25
0 0.978125 0.4583333333333333 0.04375 0.15
0 0.8609375 0.45416666666666666 0.04375 0.14166666666666666
0 0.82734375 0.4395833333333333 0.0453125 0.15416666666666667
0 0.66796875 0.4354166666666667 0.0296875 0.1
0 0.54609375 0.4270833333333333 0.0234375 0.08333333333333333
0 0.50859375 0.421875 0.0234375 0.08125
0 0.40078125 0.425 0.0265625 0.0875
0 0.3328125 0.428125 0.028125 0.09791666666666667
0 0.21171875 0.43125 0.0265625 0.09166666666666666
0 0.22578125 0.4197916666666667 0.0203125 0.06875
0 0.17578125 0.4197916666666667 0.0234375 0.07708333333333334
0 0.03359375 0.41770833333333335 0.0265625 0.09375
0 0.01484375 0.42083333333333334 0.0265625 0.09166666666666666
0 0.053125 0.4270833333333333 0.01875 0.0625
0 0.109375 0.4239583333333333 0.021875 0.07291666666666667
4 0.7046875 0.4166666666666667 0.065625 0.075
4 0.3609375 0.4041666666666667 0.034375 0.05416666666666667
4 0.9515625 0.40729166666666666 0.0375 0.06041666666666667
