0 0.9007142857142857 0.5965665236051502 0.08142857142857143 0.30472103004291845
0 0.7657142857142857 0.6158798283261803 0.09142857142857143 0.33905579399141633
0 0.6192857142857143 0.5965665236051502 0.07285714285714286 0.27467811158798283
0 0.5542857142857143 0.6276824034334764 0.10285714285714286 0.38412017167381973
0 0.47714285714285715 0.6051502145922747 0.08 0.30042918454935624
0 0.4207142857142857 0.5933476394849786 0.06714285714285714 0.24678111587982832
0 0.36642857142857144 0.5987124463519313 0.03571428571428571 0.13304721030042918
0 0.2642857142857143 0.5879828326180258 0.04 0.15450643776824036
0 0.18714285714285714 0.5933476394849786 0.04 0.15236051502145923
0 0.7307142857142858 0.5783261802575107 0.03857142857142857 0.13948497854077252
0 0.7928571428571428 0.5697424892703863 0.037142857142857144 0.14377682403433475
0 0.8071428571428572 0.5665236051502146 0.04285714285714286 0.15879828326180256
0 0.7192857142857143 0.5740343347639485 0.03857142857142857 0.13948497854077252
0 0.5814285714285714 0.5718884120171673 0.03428571428571429 0.13090128755364808
0 0.2907142857142857 0.5815450643776824 0.03571428571428571 0.13733905579399142
0 0.15142857142857144 0.5858369098712446 0.04285714285714286 0.15879828326180256
0 0.10571428571428572 0.5901287553648069 0.04285714285714286 0.15879828326180256
0 0.06642857142857143 0.5901287553648069 0.041428571428571426 0.15879828326180256
0 0.6721428571428572 0.5622317596566524 0.03571428571428571 0.13733905579399142
2 0.21357142857142858 0.6223175965665236 0.05 0.12446351931330472
2 0.32142857142857145 0.6201716738197425 0.04285714285714286 0.11158798283261803
2 0.095 0.6126609442060086 0.03571428571428571 0.12660944206008584
2 0.21428571428571427 0.546137339055794 0.03428571428571429 0.06652360515021459
2 0.23357142857142857 0.5450643776824035 0.027142857142857142 0.06437768240343347
2 0.33785714285714286 0.5429184549356223 0.03 0.055793991416309016
2 0.38 0.5515021459227468 0.03142857142857143 0.060085836909871244
