0 0.07727272727272727 0.5709459459459459 0.06727272727272728 0.31756756756756754
0 0.1318181818181818 0.5067567567567568 0.045454545454545456 0.20270270270270271
0 0.20909090909090908 0.5287162162162162 0.04727272727272727 0.22635135135135134
0 0.3 0.6148648648648649 0.08727272727272728 0.40540540540540543
0 0.3981818181818182 0.5574324324324325 0.06181818181818182 0.27702702702702703
0 0.4809090909090909 0.535472972972973 0.04909090909090909 0.23310810810810811
0 0.5990909090909091 0.6756756756756757 0.09636363636363636 0.4391891891891892
0 0.6836363636363636 0.535472972972973 0.05454545454545454 0.26013513513513514
0 0.7754545454545455 0.49493243243243246 0.04909090909090909 0.22635135135135134
0 0.8372727272727273 0.4864864864864865 0.04181818181818182 0.1891891891891892
0 0.8927272727272727 0.6216216216216216 0.08727272727272728 0.39864864864864863
0 0.9454545454545454 0.5726351351351351 0.07272727272727272 0.3277027027027027
0 0.02727272727272727 0.5152027027027027 0.04 0.19256756756756757
0 0.27454545454545454 0.4966216216216216 0.03636363636363636 0.16216216216216217
0 0.35454545454545455 0.48986486486486486 0.04 0.18243243243243243
0 0.41818181818181815 0.47466216216216217 0.04 0.17905405405405406
0 0.4527272727272727 0.49493243243243246 0.03636363636363636 0.16554054054054054
0 0.8645454545454545 0.47297297297297297 0.045454545454545456 0.20945945945945946
0 0.7136363636363636 0.5219594594594594 0.04909090909090909 0.2195945945945946
0 0.5490909090909091 0.5152027027027027 0.04727272727272727 0.21283783783783783
0 0.3690909090909091 0.48817567567567566 0.03636363636363636 0.17229729729729729
4 0.09818181818181818 0.40709459459459457 0.19636363636363635 0.09797297297297297
4 0.2872727272727273 0.3969594594594595 0.15636363636363637 0.09121621621621621
4 0.4781818181818182 0.38006756756756754 0.22545454545454546 0.10472972972972973
4 0.7918181818181819 0.3597972972972973 0.39454545454545453 0.10472972972972973
