0 0.03804347826086957 0.5876168224299065 0.07608695652173914 0.34345794392523366
0 0.1498447204968944 0.6658878504672897 0.12888198757763975 0.4766355140186916
0 0.16770186335403728 0.5432242990654206 0.07453416149068323 0.2780373831775701
0 0.2220496894409938 0.5911214953271028 0.043478260869565216 0.16822429906542055
0 0.20729813664596272 0.5 0.03571428571428571 0.1308411214953271
0 0.2996894409937888 0.7044392523364486 0.16149068322981366 0.5911214953271028
0 0.5201863354037267 0.6869158878504673 0.16149068322981366 0.5934579439252337
0 0.43478260869565216 0.6039719626168224 0.10559006211180125 0.39485981308411217
0 0.3532608695652174 0.5093457943925234 0.05745341614906832 0.2102803738317757
0 0.3889751552795031 0.4742990654205608 0.04192546583850932 0.1588785046728972
0 0.5419254658385093 0.5280373831775701 0.11180124223602485 0.411214953271028
0 0.6513975155279503 0.6507009345794392 0.13198757763975155 0.48364485981308414
0 0.7080745341614907 0.5327102803738317 0.07453416149068323 0.2803738317757009
0 0.7787267080745341 0.6156542056074766 0.12577639751552794 0.4649532710280374
0 0.8361801242236024 0.5771028037383178 0.10093167701863354 0.37383177570093457
0 0.906832298136646 0.5432242990654206 0.09627329192546584 0.352803738317757
0 0.968167701863354 0.5315420560747663 0.06366459627329192 0.28738317757009346
0 0.9340062111801242 0.48014018691588783 0.05124223602484472 0.18925233644859812
0 0.7981366459627329 0.4614485981308411 0.046583850931677016 0.17523364485981308
0 0.7329192546583851 0.45093457943925236 0.031055900621118012 0.11682242990654206
0 0.5729813664596274 0.47546728971962615 0.052795031055900624 0.1939252336448598
0 0.5885093167701864 0.477803738317757 0.034161490683229816 0.13317757009345793
0 0.07531055900621118 0.4941588785046729 0.05124223602484472 0.1939252336448598
0 0.1063664596273292 0.5467289719626168 0.07919254658385093 0.29906542056074764
