0 0.089375 0.6078799249530957 0.09625 0.3527204502814259
0 0.14875 0.7870544090056285 0.11 0.4071294559099437
0 0.275 0.8161350844277674 0.0975 0.36397748592870544
0 0.2325 0.8067542213883677 0.1025 0.37523452157598497
0 0.366875 0.8236397748592871 0.09375 0.34146341463414637
0 0.449375 0.8330206378986866 0.08875 0.3302063789868668
0 0.520625 0.8302063789868668 0.08875 0.324577861163227
0 0.598125 0.8330206378986866 0.08625 0.31894934333958724
0 0.6725 0.8320825515947468 0.085 0.3133208255159475
0 0.876875 0.7823639774859287 0.09875 0.3677298311444653
0 0.805625 0.7945590994371482 0.10125 0.3696060037523452
0 0.74125 0.7804878048780488 0.105 0.3827392120075047
0 0.62 0.7804878048780488 0.1025 0.37523452157598497
0 0.555625 0.7804878048780488 0.10125 0.37523452157598497
0 0.495 0.7842401500938087 0.1025 0.3789868667917448
0 0.438125 0.7879924953095685 0.10125 0.37523452157598497
0 0.3725 0.7908067542213884 0.1025 0.3808630393996248
0 0.2975 0.7889305816135085 0.1075 0.3921200750469043
0 0.931875 0.6763602251407129 0.09875 0.3621013133208255
0 0.688125 0.7814258911819888 0.09625 0.3545966228893058
0 0.211875 0.6960600375234521 0.10625 0.39399624765478425
0 0.331875 0.6848030018761726 0.09125 0.33771106941838647
0 0.398125 0.6697936210131332 0.08125 0.300187617260788
0 0.88375 0.6050656660412758 0.09 0.32833020637898686
0 0.85375 0.6801125703564728 0.09 0.32833020637898686
0 0.7925 0.6923076923076923 0.0925 0.34146341463414637
0 0.761875 0.5816135084427767 0.07375 0.27392120075046905
2 0.153125 0.4803001876172608 0.06625 0.1050656660412758
2 0.151875 0.5553470919324578 0.07375 0.1275797373358349
2 0.28375 0.5666041275797373 0.0725 0.1275797373358349
2 0.259375 0.4878048780487805 0.06375 0.1050656660412758
2 0.318125 0.5 0.05625 0.11444652908067542
2 0.373125 0.5065666041275797 0.04875 0.1050656660412758
2 0.434375 0.5037523452157598 0.05125 0.08442776735459662
2 0.4825 0.5206378986866792 0.0475 0.11444652908067542
2 0.455625 0.5825515947467167 0.05375 0.11444652908067542
2 0.51 0.5947467166979362 0.05 0.0975609756097561
2 0.575 0.5797373358348968 0.05 0.1125703564727955
2 0.626875 0.5844277673545967 0.04375 0.10318949343339587
2 0.678125 0.5853658536585366 0.05375 0.1050656660412758
2 0.7325 0.5825515947467167 0.06 0.11444652908067542
2 0.7075 0.4981238273921201 0.06 0.09943714821763602
2 0.81875 0.5121951219512195 0.06 0.1050656660412758
2 0.6025 0.50093808630394 0.0625 0.0825515947467167
2 0.654375 0.49906191369606 0.05375 0.07129455909943715
2 0.541875 0.5037523452157598 0.05625 0.08442776735459662
