0 0.056 0.7417417417417418 0.104 0.39039039039039036
0 0.175 0.7417417417417418 0.102 0.3843843843843844
0 0.126 0.7327327327327328 0.068 0.25225225225225223
0 0.252 0.7357357357357357 0.116 0.43243243243243246
0 0.36 0.7327327327327328 0.128 0.46846846846846846
0 0.436 0.7312312312312312 0.128 0.47147147147147145
0 0.601 0.7102102102102102 0.118 0.44144144144144143
0 0.496 0.7087087087087087 0.084 0.3183183183183183
0 0.724 0.7042042042042042 0.088 0.32732732732732733
0 0.68 0.7042042042042042 0.092 0.33933933933933935
0 0.799 0.6876876876876877 0.114 0.42042042042042044
0 0.877 0.6846846846846847 0.082 0.3003003003003003
0 0.974 0.6696696696696697 0.04 0.14414414414414414
0 0.94 0.6771771771771772 0.032 0.12312312312312312
0 0.919 0.6816816816816816 0.03 0.12012012012012012
0 0.58 0.7162162162162162 0.08 0.2972972972972973
0 0.52 0.7117117117117117 0.068 0.25825825825825827
0 0.026 0.7492492492492493 0.052 0.30930930930930933
0 0.647 0.7012012012012012 0.078 0.2852852852852853
