0 0.1825 0.6554726368159204 0.13166666666666665 0.48009950248756217
0 0.51 0.6529850746268657 0.16 0.5895522388059702
0 0.30666666666666664 0.5907960199004975 0.1 0.3706467661691542
0 0.37083333333333335 0.5646766169154229 0.095 0.35323383084577115
0 0.135 0.5845771144278606 0.1 0.36318407960199006
0 0.595 0.5621890547263682 0.07666666666666666 0.2835820895522388
0 0.75 0.5845771144278606 0.11 0.40298507462686567
0 0.6858333333333333 0.5509950248756219 0.085 0.31592039800995025
0 0.6425 0.5298507462686567 0.06833333333333333 0.24875621890547264
0 0.8125 0.5223880597014925 0.07833333333333334 0.2835820895522388
0 0.8475 0.5609452736318408 0.09166666666666666 0.3358208955223881
0 0.895 0.5883084577114428 0.10333333333333333 0.3805970149253731
0 0.9333333333333333 0.6318407960199005 0.11333333333333333 0.4129353233830846
0 0.9658333333333333 0.5920398009950248 0.06833333333333333 0.3383084577114428
