0 0.048828125 0.5498533724340176 0.078125 0.2844574780058651
0 0.095703125 0.5131964809384164 0.0546875 0.19941348973607037
0 0.1533203125 0.532258064516129 0.080078125 0.2961876832844575
0 0.177734375 0.5674486803519062 0.078125 0.2903225806451613
0 0.23046875 0.5219941348973607 0.0703125 0.25806451612903225
0 0.2607421875 0.5161290322580645 0.052734375 0.1935483870967742
0 0.3037109375 0.5630498533724341 0.080078125 0.2932551319648094
0 0.3671875 0.5249266862170088 0.05859375 0.22287390029325513
0 0.4228515625 0.48826979472140764 0.056640625 0.21407624633431085
0 0.484375 0.4941348973607038 0.0625 0.2316715542521994
0 0.544921875 0.5381231671554252 0.0703125 0.25513196480938416
0 0.6376953125 0.532258064516129 0.064453125 0.2375366568914956
0 0.603515625 0.5175953079178885 0.0625 0.2375366568914956
0 0.658203125 0.5234604105571847 0.06640625 0.2434017595307918
0 0.7353515625 0.5219941348973607 0.060546875 0.22287390029325513
0 0.8291015625 0.5366568914956011 0.068359375 0.25806451612903225
0 0.7685546875 0.4780058651026393 0.056640625 0.20527859237536658
0 0.75 0.4897360703812317 0.0625 0.2287390029325513
0 0.9560546875 0.5 0.068359375 0.24926686217008798
0 0.89453125 0.45454545454545453 0.046875 0.18181818181818182
0 0.8740234375 0.45894428152492667 0.048828125 0.17888563049853373
0 0.8515625 0.46920821114369504 0.0546875 0.21114369501466276
0 0.1337890625 0.501466275659824 0.056640625 0.21700879765395895
0 0.404296875 0.3313782991202346 0.03125 0.11730205278592376
0 0.3896484375 0.3284457478005865 0.029296875 0.11143695014662756
0 0.375 0.32991202346041054 0.02734375 0.10850439882697947
0 0.359375 0.34017595307917886 0.02734375 0.09970674486803519
0 0.3447265625 0.3357771260997067 0.029296875 0.11436950146627566
0 0.0185546875 0.45894428152492667 0.037109375 0.20821114369501467
2 0.265625 0.40762463343108507 0.0234375 0.05865102639296188
2 0.2998046875 0.40175953079178883 0.037109375 0.06451612903225806
2 0.3203125 0.39882697947214074 0.01953125 0.0469208211143695
2 0.08203125 0.4149560117302053 0.03515625 0.06158357771260997
4 0.4560546875 0.35043988269794724 0.048828125 0.0967741935483871
4 0.642578125 0.3724340175953079 0.2109375 0.12316715542521994
4 0.98046875 0.375366568914956 0.03515625 0.07624633431085044
