0 0.02908909574468085 0.24650837988826815 0.03291223404255319 0.16899441340782123
0 0.06050531914893617 0.22800279329608938 0.03590425531914894 0.18505586592178772
0 0.09956781914893617 0.22695530726256982 0.03490691489361702 0.18016759776536312
0 0.2204122340425532 0.49022346368715086 0.05651595744680851 0.2918994413407821
0 0.2957114361702128 0.3893156424581006 0.05086436170212766 0.2604748603351955
0 0.2376994680851064 0.3956005586592179 0.05319148936170213 0.27304469273743015
0 0.42154255319148937 0.5324720670391061 0.052526595744680854 0.27164804469273746
0 0.4295212765957447 0.3715083798882682 0.030585106382978722 0.15921787709497207
0 0.25631648936170215 0.6424581005586593 0.0398936170212766 0.20391061452513967
0 0.27277260638297873 0.43261173184357543 0.03956117021276596 0.2032122905027933
0 0.49384973404255317 0.16794692737430167 0.02559840425531915 0.13058659217877094
0 0.5289228723404256 0.5258379888268156 0.0538563829787234 0.2779329608938548
0 0.550531914893617 0.7154329608938548 0.06648936170212766 0.3400837988826816
0 0.6107047872340425 0.45600558659217877 0.03922872340425532 0.20251396648044692
0 0.6673869680851063 0.3997905027932961 0.0382313829787234 0.19762569832402235
0 0.7466755319148937 0.5551675977653632 0.06316489361702128 0.3240223463687151
0 0.765126329787234 0.2779329608938548 0.03956117021276596 0.2053072625698324
0 0.8472406914893617 0.17074022346368714 0.032247340425531915 0.16550279329608938
0 0.980718085106383 0.2604748603351955 0.03856382978723404 0.3128491620111732
2 0.3460771276595745 0.13931564245810055 0.02127659574468085 0.09008379888268156
2 0.4709109042553192 0.18994413407821228 0.028257978723404256 0.08100558659217877
