0 0.3711864406779661 0.167 0.1864406779661017 0.27
0 0.5389830508474577 0.165 0.19661016949152543 0.29
0 0.8084745762711865 0.183 0.1864406779661017 0.274
0 0.1 0.391 0.0847457627118644 0.122
0 0.09322033898305085 0.413 0.09152542372881356 0.138
0 0.2796610169491525 0.458 0.12542372881355932 0.184
0 0.3423728813559322 0.47 0.1152542372881356 0.164
0 0.4067796610169492 0.472 0.1288135593220339 0.184
0 0.5305084745762711 0.535 0.11186440677966102 0.166
0 0.6101694915254238 0.537 0.1152542372881356 0.166
0 0.5271186440677966 0.481 0.09830508474576272 0.146
0 0.7610169491525424 0.555 0.10508474576271186 0.158
0 0.8728813559322034 0.582 0.11864406779661017 0.176
0 0.9593220338983051 0.583 0.08135593220338982 0.146
0 0.13220338983050847 0.8 0.16271186440677965 0.24
0 0.376271186440678 0.827 0.18305084745762712 0.262
0 0.5542372881355933 0.826 0.19322033898305085 0.28
0 0.7576271186440678 0.829 0.15254237288135594 0.222
0 0.8610169491525423 0.748 0.1288135593220339 0.184
