0 0.2575 0.5276923076923077 0.25166666666666665 0.5661538461538461
0 0.029166666666666667 0.37615384615384617 0.045 0.10615384615384615
0 0.3416666666666667 0.54 0.26 0.5876923076923077
0 0.43 0.5292307692307693 0.26666666666666666 0.6
0 0.5308333333333334 0.5230769230769231 0.265 0.5969230769230769
0 0.5966666666666667 0.5130769230769231 0.25666666666666665 0.583076923076923
0 0.6916666666666667 0.5238461538461539 0.25333333333333335 0.5738461538461539
0 0.7741666666666667 0.5238461538461539 0.25833333333333336 0.5861538461538461
0 0.9275 0.33153846153846156 0.065 0.14615384615384616
0 0.9791666666666666 0.34384615384615386 0.041666666666666664 0.10615384615384615
2 0.2625 0.6976923076923077 0.11166666666666666 0.36153846153846153
2 0.34833333333333333 0.7138461538461538 0.09666666666666666 0.3446153846153846
2 0.45666666666666667 0.6876923076923077 0.09333333333333334 0.38769230769230767
2 0.535 0.6792307692307692 0.09333333333333334 0.42
2 0.6375 0.6815384615384615 0.058333333333333334 0.38769230769230767
2 0.8041666666666667 0.6992307692307692 0.145 0.4015384615384615
