0 0.032 0.7068345323741008 0.064 0.420863309352518
0 0.109 0.6780575539568345 0.09 0.4064748201438849
0 0.231 0.6420863309352518 0.09 0.4064748201438849
0 0.213 0.5989208633093526 0.054 0.24100719424460432
0 0.055 0.512589928057554 0.018 0.08273381294964029
0 0.081 0.5269784172661871 0.018 0.08273381294964029
0 0.329 0.5611510791366906 0.046 0.2014388489208633
0 0.399 0.5827338129496403 0.054 0.2446043165467626
0 0.552 0.5899280575539568 0.052 0.23741007194244604
0 0.506 0.5305755395683454 0.02 0.09712230215827339
0 0.603 0.5539568345323741 0.026 0.1223021582733813
0 0.741 0.6870503597122302 0.082 0.3669064748201439
0 0.894 0.5701438848920863 0.028 0.12589928057553956
0 0.872 0.5737410071942446 0.024 0.11151079136690648
0 0.971 0.60431654676259 0.046 0.2014388489208633
