0 0.205 0.6432160804020101 0.06 0.22613065326633167
0 0.25 0.6469849246231156 0.05 0.1884422110552764
0 0.2733333333333333 0.6419597989949749 0.04666666666666667 0.17336683417085427
0 0.3283333333333333 0.6633165829145728 0.08 0.2964824120603015
0 0.3025 0.6419597989949749 0.058333333333333334 0.2236180904522613
0 0.375 0.6557788944723618 0.04 0.1507537688442211
0 0.4225 0.6507537688442211 0.045 0.1708542713567839
0 0.45 0.664572864321608 0.05 0.1934673366834171
0 0.47833333333333333 0.6708542713567839 0.06333333333333334 0.23618090452261306
0 0.5025 0.6532663316582915 0.04833333333333333 0.17587939698492464
0 0.5175 0.5766331658291457 0.021666666666666667 0.0829145728643216
0 0.4558333333333333 0.5753768844221105 0.021666666666666667 0.08040201005025126
0 0.5541666666666667 0.6532663316582915 0.055 0.20603015075376885
0 0.61 0.657035175879397 0.06666666666666667 0.24874371859296482
0 0.5808333333333333 0.6256281407035176 0.03833333333333333 0.1457286432160804
0 0.6483333333333333 0.6444723618090452 0.05333333333333334 0.20351758793969849
0 0.71 0.6344221105527639 0.05333333333333334 0.20351758793969849
0 0.7258333333333333 0.6608040201005025 0.06166666666666667 0.22613065326633167
0 0.67 0.5841708542713567 0.02666666666666667 0.09798994974874371
0 0.6891666666666667 0.585427135678392 0.021666666666666667 0.08542713567839195
0 0.7475 0.6482412060301508 0.041666666666666664 0.1507537688442211
0 0.78 0.635678391959799 0.04 0.1457286432160804
0 0.7983333333333333 0.6507537688442211 0.06333333333333334 0.23115577889447236
0 0.835 0.6444723618090452 0.04 0.15326633165829145
0 0.89 0.6482412060301508 0.043333333333333335 0.16080402010050251
0 0.915 0.6608040201005025 0.05333333333333334 0.19597989949748743
0 0.9458333333333333 0.6407035175879398 0.045 0.1658291457286432
0 0.9625 0.6494974874371859 0.04833333333333333 0.18341708542713567
0 0.9825 0.6557788944723618 0.035 0.18592964824120603
0 0.049166666666666664 0.5728643216080402 0.03166666666666667 0.11557788944723618
0 0.016666666666666666 0.5841708542713567 0.023333333333333334 0.08793969849246232
0 0.07583333333333334 0.49874371859296485 0.025 0.09798994974874371
0 0.0975 0.49120603015075376 0.025 0.09296482412060302
0 0.0625 0.47738693467336685 0.025 0.09547738693467336
0 0.015833333333333335 0.5 0.021666666666666667 0.08542713567839195
0 0.0775 0.4510050251256281 0.021666666666666667 0.0829145728643216
0 0.045 0.4949748743718593 0.02 0.08040201005025126
0 0.0375 0.4623115577889447 0.025 0.10050251256281408
0 0.029166666666666667 0.46733668341708545 0.021666666666666667 0.08542713567839195
0 0.008333333333333333 0.4748743718592965 0.016666666666666666 0.09045226130653267
0 0.13583333333333333 0.4748743718592965 0.025 0.09045226130653267
2 0.19083333333333333 0.4635678391959799 0.025 0.03768844221105527
2 0.2125 0.4635678391959799 0.018333333333333333 0.02763819095477387
2 0.22833333333333333 0.4547738693467337 0.023333333333333334 0.02512562814070352
2 0.23083333333333333 0.4836683417085427 0.025 0.03768844221105527
2 0.25166666666666665 0.4535175879396985 0.023333333333333334 0.02763819095477387
2 0.25583333333333336 0.48743718592964824 0.015 0.035175879396984924
2 0.27666666666666667 0.4547738693467337 0.023333333333333334 0.02512562814070352
2 0.2816666666666667 0.4886934673366834 0.02 0.032663316582914576
2 0.2991666666666667 0.4623115577889447 0.021666666666666667 0.03015075376884422
2 0.31416666666666665 0.4635678391959799 0.021666666666666667 0.02763819095477387
2 0.3375 0.46608040201005024 0.025 0.032663316582914576
2 0.305 0.4899497487437186 0.016666666666666666 0.035175879396984924
2 0.3275 0.49748743718592964 0.018333333333333333 0.04020100502512563
2 0.4175 0.47738693467336685 0.021666666666666667 0.04522613065326633
2 0.43166666666666664 0.478643216080402 0.02 0.04773869346733668
2 0.3983333333333333 0.4723618090452261 0.023333333333333334 0.035175879396984924
2 0.37166666666666665 0.47361809045226133 0.023333333333333334 0.04271356783919598
2 0.4558333333333333 0.5012562814070352 0.021666666666666667 0.03768844221105527
2 0.6041666666666666 0.4861809045226131 0.018333333333333333 0.02763819095477387
2 0.625 0.48743718592964824 0.02 0.03015075376884422
2 0.6483333333333333 0.4899497487437186 0.016666666666666666 0.03015075376884422
2 0.67 0.49748743718592964 0.02 0.035175879396984924
2 0.6933333333333334 0.49246231155778897 0.016666666666666666 0.035175879396984924
2 0.7083333333333334 0.4937185929648241 0.02 0.032663316582914576
4 0.07833333333333334 0.35678391959798994 0.15666666666666668 0.1658291457286432
4 0.87 0.5012562814070352 0.17333333333333334 0.05778894472361809
4 0.965 0.4484924623115578 0.06333333333333334 0.14321608040201006
4 0.5616666666666666 0.49748743718592964 0.06 0.07035175879396985
