0 0.0625 0.531328320802005 0.03833333333333333 0.14536340852130325
0 0.032916666666666664 0.4573934837092732 0.0375 0.13784461152882205
0 0.02125 0.45112781954887216 0.035833333333333335 0.13533834586466165
0 0.0575 0.40977443609022557 0.011666666666666667 0.047619047619047616
0 0.07083333333333333 0.41102756892230574 0.011666666666666667 0.047619047619047616
0 0.08125 0.43295739348370926 0.0225 0.08646616541353383
0 0.08833333333333333 0.4273182957393484 0.02 0.07268170426065163
0 0.07291666666666667 0.4617794486215539 0.010833333333333334 0.041353383458646614
0 0.11583333333333333 0.43358395989974935 0.028333333333333332 0.10776942355889724
0 0.10541666666666667 0.42794486215538846 0.0225 0.08145363408521303
0 0.11375 0.41854636591478694 0.010833333333333334 0.040100250626566414
0 0.13041666666666665 0.42355889724310775 0.015833333333333335 0.06265664160401002
0 0.14333333333333334 0.49874686716791977 0.043333333333333335 0.16290726817042606
0 0.15541666666666668 0.45300751879699247 0.029166666666666667 0.10902255639097744
0 0.17916666666666667 0.4448621553884712 0.021666666666666667 0.08020050125313283
0 0.17875 0.5394736842105263 0.0425 0.15664160401002505
0 0.18791666666666668 0.4699248120300752 0.020833333333333332 0.07518796992481203
0 0.20333333333333334 0.4367167919799499 0.013333333333333334 0.04887218045112782
0 0.19666666666666666 0.42794486215538846 0.01 0.041353383458646614
0 0.18833333333333332 0.42543859649122806 0.01 0.03634085213032581
0 0.21125 0.4317042606516291 0.010833333333333334 0.041353383458646614
0 0.21875 0.43045112781954886 0.010833333333333334 0.043859649122807015
0 0.22708333333333333 0.4348370927318296 0.010833333333333334 0.042606516290726815
0 0.23208333333333334 0.43295739348370926 0.009166666666666667 0.03383458646616541
0 0.23833333333333334 0.43358395989974935 0.01 0.040100250626566414
0 0.24625 0.4974937343358396 0.020833333333333332 0.08020050125313283
0 0.2529166666666667 0.5375939849624061 0.03916666666666667 0.14786967418546365
0 0.26958333333333334 0.5081453634085213 0.0375 0.13659147869674185
0 0.2866666666666667 0.4598997493734336 0.008333333333333333 0.03258145363408521
0 0.29083333333333333 0.47869674185463656 0.013333333333333334 0.05263157894736842
0 0.3120833333333333 0.49624060150375937 0.019166666666666665 0.07268170426065163
0 0.3045833333333333 0.49122807017543857 0.0125 0.05012531328320802
0 0.3233333333333333 0.5219298245614035 0.02666666666666667 0.10150375939849623
0 0.33666666666666667 0.5244360902255639 0.03333333333333333 0.12406015037593984
0 0.35208333333333336 0.5513784461152882 0.035833333333333335 0.13533834586466165
0 0.37583333333333335 0.5632832080200502 0.043333333333333335 0.16165413533834586
0 0.39666666666666667 0.5288220551378446 0.02666666666666667 0.09774436090225563
0 0.42333333333333334 0.6159147869674185 0.06 0.21929824561403508
0 0.4791666666666667 0.6917293233082706 0.07 0.2606516290726817
0 0.47375 0.5770676691729323 0.0425 0.15914786967418545
0 0.5620833333333334 0.6234335839598998 0.049166666666666664 0.17919799498746866
0 0.5316666666666666 0.5645363408521303 0.03333333333333333 0.12656641604010024
0 0.58125 0.5895989974937343 0.04083333333333333 0.15413533834586465
0 0.5983333333333334 0.5413533834586466 0.023333333333333334 0.08521303258145363
0 0.6179166666666667 0.5733082706766918 0.030833333333333334 0.11403508771929824
0 0.6566666666666666 0.7017543859649122 0.07333333333333333 0.2706766917293233
0 0.8116666666666666 0.693609022556391 0.06666666666666667 0.24436090225563908
0 0.8591666666666666 0.643483709273183 0.03833333333333333 0.14411027568922305
0 0.8433333333333334 0.6215538847117794 0.03166666666666667 0.11779448621553884
0 0.7825 0.6378446115288221 0.045 0.16541353383458646
0 0.7466666666666667 0.6052631578947368 0.035 0.12781954887218044
0 0.6904166666666667 0.5739348370927319 0.024166666666666666 0.09022556390977443
0 0.6354166666666666 0.5588972431077694 0.0275 0.10275689223057644
0 0.6470833333333333 0.5488721804511278 0.020833333333333332 0.08020050125313283
0 0.5125 0.5100250626566416 0.016666666666666666 0.06015037593984962
0 0.5079166666666667 0.4793233082706767 0.015833333333333335 0.06140350877192982
0 0.41041666666666665 0.4974937343358396 0.019166666666666665 0.07017543859649122
0 0.4525 0.5520050125313283 0.03333333333333333 0.12656641604010024
0 0.7179166666666666 0.518796992481203 0.024166666666666666 0.09273182957393483
0 0.72875 0.5382205513784462 0.014166666666666666 0.05388471177944862
0 0.8075 0.5419799498746867 0.025 0.09649122807017543
0 0.8254166666666667 0.5426065162907269 0.0275 0.10526315789473684
0 0.8666666666666667 0.5413533834586466 0.02666666666666667 0.09774436090225563
0 0.8995833333333333 0.5476190476190477 0.029166666666666667 0.10776942355889724
0 0.66125 0.5119047619047619 0.020833333333333332 0.07644110275689223
0 0.675 0.5106516290726817 0.02 0.07393483709273183
0 0.61625 0.5018796992481203 0.0175 0.06641604010025062
0 0.25958333333333333 0.43295739348370926 0.009166666666666667 0.03383458646616541
0 0.26375 0.43295739348370926 0.0075 0.03132832080200501
2 0.4295833333333333 0.4893483709273183 0.020833333333333332 0.03383458646616541
2 0.4658333333333333 0.49373433583959897 0.015 0.03007518796992481
2 0.4775 0.4843358395989975 0.013333333333333334 0.023809523809523808
2 0.49083333333333334 0.49373433583959897 0.011666666666666667 0.047619047619047616
2 0.34958333333333336 0.4667919799498747 0.0125 0.02631578947368421
2 0.7395833333333334 0.49122807017543857 0.020833333333333332 0.040100250626566414
2 0.8241666666666667 0.47869674185463656 0.021666666666666667 0.03007518796992481
2 0.8958333333333334 0.4830827067669173 0.015 0.02882205513784461
2 0.88875 0.518170426065163 0.0125 0.05137844611528822
2 0.8845833333333334 0.5770676691729323 0.0225 0.06140350877192982
2 0.84375 0.5344611528822055 0.0175 0.05388471177944862
2 0.8466666666666667 0.5056390977443609 0.015 0.03132832080200501
2 0.8629166666666667 0.5601503759398496 0.0175 0.03258145363408521
2 0.8 0.4924812030075188 0.015 0.03258145363408521
2 0.78625 0.4718045112781955 0.015833333333333335 0.021303258145363407
2 0.7670833333333333 0.4956140350877193 0.015833333333333335 0.03634085213032581
2 0.7775 0.5369674185463659 0.02 0.05137844611528822
2 0.76375 0.5363408521303258 0.0125 0.03007518796992481
2 0.74625 0.5281954887218046 0.020833333333333332 0.02631578947368421
2 0.8008333333333333 0.5664160401002506 0.023333333333333334 0.042606516290726815
2 0.7120833333333333 0.4799498746867168 0.014166666666666666 0.02756892230576441
2 0.6933333333333334 0.49624060150375937 0.023333333333333334 0.06265664160401002
2 0.6745833333333333 0.46365914786967416 0.010833333333333334 0.022556390977443608
2 0.64875 0.4617794486215539 0.0125 0.02631578947368421
2 0.63875 0.4855889724310777 0.010833333333333334 0.03884711779448621
2 0.6304166666666666 0.4649122807017544 0.0125 0.02506265664160401
2 0.6066666666666667 0.4605263157894737 0.011666666666666667 0.02882205513784461
2 0.5379166666666667 0.4755639097744361 0.0125 0.03383458646616541
2 0.55125 0.47869674185463656 0.009166666666666667 0.03759398496240601
2 0.5629166666666666 0.4724310776942356 0.0075 0.020050125313283207
2 0.5858333333333333 0.4849624060150376 0.015 0.05263157894736842
4 0.3875 0.44047619047619047 0.22666666666666666 0.05889724310776942
4 0.5583333333333333 0.45614035087719296 0.11833333333333333 0.05012531328320802
4 0.37958333333333333 0.46616541353383456 0.020833333333333332 0.022556390977443608
