0 0.05125 0.543939393939394 0.0925 0.2818181818181818
0 0.06625 0.4818181818181818 0.0575 0.17575757575757575
0 0.1025 0.4893939393939394 0.065 0.19090909090909092
0 0.14125 0.5075757575757576 0.0625 0.18484848484848485
0 0.19625 0.5863636363636363 0.1125 0.33636363636363636
0 0.23375 0.5227272727272727 0.0725 0.22121212121212122
0 0.3425 0.6409090909090909 0.13 0.39090909090909093
0 0.3 0.4727272727272727 0.06 0.17575757575757575
0 0.47625 0.5575757575757576 0.0925 0.2727272727272727
0 0.42 0.4696969696969697 0.02 0.06060606060606061
0 0.575 0.6833333333333333 0.155 0.4696969696969697
0 0.60375 0.5772727272727273 0.1125 0.3303030303030303
0 0.835 0.6257575757575757 0.115 0.3424242424242424
0 0.8 0.5636363636363636 0.09 0.2727272727272727
0 0.68875 0.4984848484848485 0.0625 0.18484848484848485
0 0.71 0.46060606060606063 0.04 0.12121212121212122
0 0.75625 0.4681818181818182 0.0425 0.13636363636363635
0 0.90125 0.4727272727272727 0.0375 0.12121212121212122
0 0.93375 0.4681818181818182 0.0425 0.1303030303030303
0 0.3325 0.42727272727272725 0.02 0.06060606060606061
4 0.44625 0.4212121212121212 0.1625 0.06060606060606061
4 0.65375 0.43333333333333335 0.0575 0.07272727272727272
4 0.9725 0.42424242424242425 0.05 0.04242424242424243
