0 0.10208333333333333 0.7 0.09583333333333334 0.3111111111111111
0 0.140625 0.7097222222222223 0.09791666666666667 0.3194444444444444
0 0.17395833333333333 0.6902777777777778 0.09791666666666667 0.3194444444444444
0 0.20729166666666668 0.7083333333333334 0.09791666666666667 0.3277777777777778
0 0.2520833333333333 0.7027777777777777 0.09583333333333334 0.31666666666666665
0 0.2947916666666667 0.7111111111111111 0.09791666666666667 0.3277777777777778
0 0.328125 0.7027777777777777 0.09375 0.3055555555555556
0 0.359375 0.7083333333333334 0.09791666666666667 0.3277777777777778
0 0.3927083333333333 0.6847222222222222 0.09375 0.30833333333333335
0 0.425 0.7055555555555556 0.09583333333333334 0.32222222222222224
0 0.459375 0.6847222222222222 0.09791666666666667 0.325
0 0.49583333333333335 0.7097222222222223 0.10833333333333334 0.3527777777777778
0 0.5270833333333333 0.6888888888888889 0.09583333333333334 0.32222222222222224
0 0.5510416666666667 0.7166666666666667 0.09375 0.3111111111111111
0 0.5989583333333334 0.7180555555555556 0.09375 0.30833333333333335
0 0.6541666666666667 0.725 0.0875 0.2833333333333333
0 0.625 0.7027777777777777 0.09583333333333334 0.31666666666666665
0 0.6979166666666666 0.725 0.09166666666666666 0.3055555555555556
0 0.7364583333333333 0.7083333333333334 0.09791666666666667 0.3277777777777778
0 0.7625 0.7166666666666667 0.09583333333333334 0.32222222222222224
0 0.8322916666666667 0.7291666666666666 0.09375 0.30277777777777776
0 0.7927083333333333 0.7069444444444445 0.09791666666666667 0.3194444444444444
0 0.8739583333333333 0.7069444444444445 0.09791666666666667 0.3194444444444444
2 0.56875 0.5527777777777778 0.03333333333333333 0.07777777777777778
2 0.6708333333333333 0.5694444444444444 0.04583333333333333 0.07777777777777778
