0 0.06333333333333334 0.3893229166666667 0.07333333333333333 0.2890625
0 0.1775 0.5013020833333334 0.165 0.6276041666666666
0 0.21166666666666667 0.4205729166666667 0.08666666666666667 0.3359375
0 0.3408333333333333 0.4244791666666667 0.095 0.3645833333333333
0 0.30916666666666665 0.3723958333333333 0.07166666666666667 0.2708333333333333
0 0.5125 0.4622395833333333 0.11166666666666666 0.4296875
0 0.6391666666666667 0.40625 0.09166666666666666 0.3541666666666667
0 0.6933333333333334 0.4817708333333333 0.13333333333333333 0.5104166666666666
0 0.7783333333333333 0.59765625 0.19666666666666666 0.7526041666666666
0 0.8775 0.47265625 0.135 0.5182291666666666
0 0.9183333333333333 0.3658854166666667 0.08666666666666667 0.3359375
0 0.9625 0.4583333333333333 0.075 0.4166666666666667
0 0.44666666666666666 0.5755208333333334 0.17666666666666667 0.671875
2 0.2675 0.3671875 0.04833333333333333 0.19270833333333334
