0 0.5022522522522522 0.5051020408163265 0.1891891891891892 0.7040816326530612
0 0.24662162162162163 0.3435374149659864 0.1463963963963964 0.5510204081632653
0 0.04279279279279279 0.3486394557823129 0.08558558558558559 0.4387755102040816
0 0.09684684684684684 0.3282312925170068 0.10810810810810811 0.3979591836734694
0 0.17905405405405406 0.3333333333333333 0.07432432432432433 0.272108843537415
0 0.3783783783783784 0.3333333333333333 0.1036036036036036 0.3877551020408163
0 0.5664414414414415 0.29081632653061223 0.12837837837837837 0.47278911564625853
0 0.6193693693693694 0.28061224489795916 0.09009009009009009 0.3435374149659864
0 0.6948198198198198 0.2755102040816326 0.06981981981981981 0.2653061224489796
0 0.7556306306306306 0.27380952380952384 0.08783783783783784 0.3231292517006803
0 0.8378378378378378 0.2585034013605442 0.12612612612612611 0.46938775510204084
0 0.8896396396396397 0.27040816326530615 0.08108108108108109 0.30272108843537415
0 0.9527027027027027 0.22448979591836735 0.07207207207207207 0.2653061224489796
0 0.30180180180180183 0.3401360544217687 0.08558558558558559 0.3197278911564626
0 0.7252252252252253 0.27040816326530615 0.05855855855855856 0.21428571428571427
0 0.15990990990990991 0.34523809523809523 0.06756756756756757 0.24829931972789115
2 0.32319819819819817 0.21428571428571427 0.04279279279279279 0.061224489795918366
2 0.4436936936936937 0.25 0.04504504504504504 0.06462585034013606
2 0.40878378378378377 0.18537414965986396 0.0472972972972973 0.05782312925170068
2 0.9358108108108109 0.16156462585034015 0.0518018018018018 0.05782312925170068
