0 0.4575 0.7654761904761904 0.058333333333333334 0.20714285714285716
0 0.5091666666666667 0.6845238095238095 0.03166666666666667 0.11666666666666667
0 0.55 0.7035714285714286 0.043333333333333335 0.15476190476190477
0 0.5291666666666667 0.6702380952380952 0.028333333333333332 0.10714285714285714
0 0.014166666666666666 0.6952380952380952 0.025 0.09523809523809523
0 0.045 0.6845238095238095 0.02666666666666667 0.09761904761904762
0 0.09333333333333334 0.7023809523809523 0.03666666666666667 0.12857142857142856
0 0.1125 0.7 0.03166666666666667 0.11904761904761904
0 0.15416666666666667 0.6892857142857143 0.028333333333333332 0.10714285714285714
0 0.16833333333333333 0.680952380952381 0.02666666666666667 0.1
0 0.18666666666666668 0.6857142857142857 0.03 0.10952380952380952
0 0.21833333333333332 0.6773809523809524 0.03 0.11190476190476191
0 0.22916666666666666 0.6773809523809524 0.028333333333333332 0.09761904761904762
0 0.24 0.6988095238095238 0.02666666666666667 0.09761904761904762
0 0.25416666666666665 0.6833333333333333 0.028333333333333332 0.1
0 0.315 0.6952380952380952 0.02 0.07142857142857142
0 0.33416666666666667 0.680952380952381 0.03166666666666667 0.10952380952380952
0 0.57 0.6607142857142857 0.02666666666666667 0.09761904761904762
0 0.5958333333333333 0.6630952380952381 0.028333333333333332 0.10238095238095238
0 0.6225 0.6619047619047619 0.028333333333333332 0.10476190476190476
0 0.6458333333333334 0.675 0.021666666666666667 0.07857142857142857
0 0.635 0.6714285714285714 0.023333333333333334 0.08095238095238096
0 0.7391666666666666 0.6452380952380953 0.025 0.08571428571428572
0 0.77 0.6714285714285714 0.03333333333333333 0.12380952380952381
0 0.8066666666666666 0.6880952380952381 0.03333333333333333 0.12380952380952381
0 0.87 0.6642857142857143 0.03 0.10952380952380952
0 0.8916666666666667 0.6333333333333333 0.02 0.07142857142857142
0 0.94 0.6523809523809524 0.03333333333333333 0.11428571428571428
0 0.9666666666666667 0.6547619047619048 0.03333333333333333 0.11428571428571428
0 0.9825 0.6547619047619048 0.035 0.13333333333333333
0 0.8225 0.6535714285714286 0.015 0.05476190476190476
