0 0.102 0.566066066066066 0.056 0.2132132132132132
0 0.24 0.6171171171171171 0.064 0.24324324324324326
0 0.274 0.5975975975975976 0.056 0.2042042042042042
0 0.339 0.6081081081081081 0.062 0.23723723723723725
0 0.352 0.5780780780780781 0.056 0.2132132132132132
0 0.413 0.6576576576576577 0.074 0.2822822822822823
0 0.459 0.6141141141141141 0.046 0.17117117117117117
0 0.529 0.6366366366366366 0.058 0.21021021021021022
0 0.565 0.6051051051051051 0.058 0.2132132132132132
0 0.62 0.7117117117117117 0.096 0.35435435435435436
0 0.649 0.6456456456456456 0.062 0.23423423423423423
0 0.924 0.6321321321321322 0.036 0.14114114114114115
0 0.862 0.6126126126126126 0.036 0.13813813813813813
0 0.828 0.6036036036036037 0.036 0.13813813813813813
0 0.932 0.6246246246246246 0.04 0.15615615615615616
0 0.778 0.5630630630630631 0.016 0.06306306306306306
0 0.792 0.5705705705705706 0.02 0.07807807807807808
