0 0.24565217391304348 0.6276595744680851 0.1289855072463768 0.42359767891682787
0 0.3108695652173913 0.620889748549323 0.13478260869565217 0.437137330754352
0 0.3826086956521739 0.625725338491296 0.13043478260869565 0.43133462282398455
0 0.46304347826086956 0.6063829787234043 0.1463768115942029 0.47775628626692457
0 0.5507246376811594 0.6160541586073501 0.14782608695652175 0.48549323017408125
0 0.6239130434782608 0.6276595744680851 0.14057971014492754 0.4584139264990329
0 0.663768115942029 0.6353965183752418 0.14202898550724638 0.4661508704061896
0 0.7239130434782609 0.6170212765957447 0.13768115942028986 0.4526112185686654
0 0.8021739130434783 0.6005802707930368 0.15507246376811595 0.5087040618955513
0 0.08405797101449275 0.5125725338491296 0.06956521739130435 0.22823984526112184
0 0.031159420289855074 0.4922630560928433 0.06231884057971015 0.20696324951644102
0 0.18043478260869567 0.48936170212765956 0.06811594202898551 0.2205029013539652
0 0.15 0.5009671179883946 0.06231884057971015 0.20889748549323017
0 0.12246376811594203 0.4990328820116054 0.059420289855072465 0.19729206963249515
0 0.8434782608695652 0.5299806576402321 0.09855072463768116 0.32495164410058025
2 0.20869565217391303 0.4497098646034816 0.03188405797101449 0.07543520309477757
2 0.22971014492753622 0.41102514506769827 0.021739130434782608 0.04061895551257253
2 0.25507246376811593 0.4197292069632495 0.02608695652173913 0.06963249516441006
2 0.5166666666666667 0.3965183752417795 0.059420289855072465 0.09284332688588008
2 0.4246376811594203 0.41392649903288203 0.05217391304347826 0.0851063829787234
2 0.34782608695652173 0.43036750483558994 0.0463768115942029 0.10251450676982592
