0 0.023636363636363636 0.55858310626703 0.04727272727272727 0.28337874659400547
0 0.06272727272727273 0.5653950953678474 0.07454545454545454 0.28065395095367845
0 0.11545454545454545 0.5217983651226158 0.11454545454545455 0.42779291553133514
0 0.19272727272727272 0.5245231607629428 0.11636363636363636 0.42779291553133514
0 0.24181818181818182 0.5231607629427792 0.12 0.44141689373297005
0 0.30363636363636365 0.5286103542234333 0.12 0.4359673024523161
0 0.35454545454545455 0.5136239782016349 0.12363636363636364 0.4604904632152589
0 0.42363636363636364 0.603542234332425 0.13090909090909092 0.4877384196185286
0 0.5254545454545455 0.6008174386920981 0.13090909090909092 0.4768392370572207
0 0.6318181818181818 0.5926430517711172 0.14363636363636365 0.5313351498637602
0 0.9427272727272727 0.5490463215258855 0.11454545454545455 0.4604904632152589
0 0.8854545454545455 0.5463215258855586 0.12 0.444141689373297
0 0.8236363636363636 0.5517711171662125 0.12363636363636364 0.44959128065395093
0 0.7636363636363637 0.5422343324250681 0.12 0.44686648501362397
0 0.7009090909090909 0.5340599455040872 0.12545454545454546 0.45776566757493187
0 0.6618181818181819 0.4822888283378747 0.12727272727272726 0.46866485013623976
0 0.5890909090909091 0.5040871934604905 0.10909090909090909 0.4087193460490463
0 0.5036363636363637 0.4822888283378747 0.11636363636363636 0.4305177111716621
0 0.4590909090909091 0.4877384196185286 0.11818181818181818 0.44141689373297005
0 0.40636363636363637 0.47956403269754766 0.11818181818181818 0.4359673024523161
0 0.9745454545454545 0.5980926430517711 0.05090909090909091 0.25885558583106266
2 0.5581818181818182 0.3079019073569482 0.03636363636363636 0.07084468664850137
