0 0.15797101449275364 0.5934182590233545 0.028985507246376812 0.10828025477707007
0 0.19782608695652174 0.5881104033970276 0.03333333333333333 0.11889596602972399
0 0.22608695652173913 0.5902335456475584 0.03188405797101449 0.11464968152866242
0 0.3072463768115942 0.5732484076433121 0.02608695652173913 0.09341825902335456
0 0.7159420289855073 0.6263269639065817 0.05507246376811594 0.19957537154989385
0 0.6173913043478261 0.5849256900212314 0.05217391304347826 0.18471337579617833
0 0.658695652173913 0.6220806794055201 0.030434782608695653 0.11040339702760085
0 0.8173913043478261 0.6401273885350318 0.057971014492753624 0.21443736730360935
0 0.8942028985507247 0.6008492569002123 0.03768115942028986 0.14012738853503184
2 0.3456521739130435 0.5456475583864119 0.030434782608695653 0.04670912951167728
3 0.6021739130434782 0.3630573248407643 0.0536231884057971 0.24628450106157113
4 0.2818840579710145 0.5467091295116773 0.021739130434782608 0.04883227176220807
