0 0.863768115942029 0.6108695652173913 0.06376811594202898 0.2391304347826087
0 0.7971014492753623 0.6217391304347826 0.06666666666666667 0.24782608695652175
0 0.722463768115942 0.592391304347826 0.059420289855072465 0.22391304347826088
0 0.7021739130434783 0.6260869565217392 0.07971014492753623 0.2956521739130435
0 0.6478260869565218 0.5804347826086956 0.04927536231884058 0.1826086956521739
0 0.6275362318840579 0.592391304347826 0.06376811594202898 0.2326086956521739
0 0.5876811594202899 0.6391304347826087 0.07971014492753623 0.2956521739130435
0 0.5355072463768116 0.5902173913043478 0.06521739130434782 0.23695652173913043
0 0.5615942028985508 0.5728260869565217 0.050724637681159424 0.1891304347826087
0 0.43333333333333335 0.65 0.08695652173913043 0.3173913043478261
0 0.4782608695652174 0.5739130434782609 0.057971014492753624 0.21304347826086956
0 0.4956521739130435 0.5608695652173913 0.04927536231884058 0.1826086956521739
0 0.5101449275362319 0.5532608695652174 0.043478260869565216 0.16304347826086957
0 0.26014492753623186 0.657608695652174 0.09710144927536232 0.358695652173913
0 0.30869565217391304 0.5989130434782609 0.06956521739130435 0.25869565217391305
0 0.37681159420289856 0.5793478260869566 0.06086956521739131 0.22826086956521738
0 0.40507246376811595 0.5619565217391305 0.050724637681159424 0.18478260869565216
0 0.35434782608695653 0.5521739130434783 0.04492753623188406 0.16521739130434782
0 0.1753623188405797 0.6228260869565218 0.08405797101449275 0.3065217391304348
0 0.21594202898550724 0.558695652173913 0.05507246376811594 0.20869565217391303
0 0.13043478260869565 0.5880434782608696 0.06956521739130435 0.25869565217391305
0 0.09565217391304348 0.5652173913043478 0.06376811594202898 0.2391304347826087
0 0.06884057971014493 0.5554347826086956 0.050724637681159424 0.1891304347826087
0 0.03985507246376811 0.533695652173913 0.05652173913043478 0.20652173913043478
0 0.02463768115942029 0.5228260869565218 0.043478260869565216 0.16304347826086957
0 0.013043478260869565 0.5163043478260869 0.02608695652173913 0.15869565217391304
0 0.7478260869565218 0.48586956521739133 0.014492753623188406 0.05434782608695652
0 0.7347826086956522 0.4891304347826087 0.017391304347826087 0.06956521739130435
0 0.322463768115942 0.5097826086956522 0.0391304347826087 0.14130434782608695
2 0.29347826086956524 0.4891304347826087 0.021739130434782608 0.05652173913043478
2 0.4166666666666667 0.47282608695652173 0.013043478260869565 0.03260869565217391
4 0.11811594202898551 0.3847826086956522 0.09420289855072464 0.06086956521739131
4 0.24782608695652175 0.41739130434782606 0.1681159420289855 0.08260869565217391
4 0.3615942028985507 0.44456521739130433 0.030434782608695653 0.041304347826086954
4 0.5253623188405797 0.4532608695652174 0.08550724637681159 0.058695652173913045
4 0.6028985507246377 0.45108695652173914 0.08695652173913043 0.04565217391304348
4 0.6681159420289855 0.44565217391304346 0.0782608695652174 0.06086956521739131
4 0.7420289855072464 0.4391304347826087 0.07536231884057971 0.05652173913043478
4 0.8130434782608695 0.44565217391304346 0.06666666666666667 0.07391304347826087
4 0.9246376811594202 0.44782608695652176 0.14782608695652175 0.06956521739130435
