0 0.016363636363636365 0.6498470948012233 0.03272727272727273 0.21712538226299694
0 0.03727272727272727 0.654434250764526 0.05272727272727273 0.21406727828746178
0 0.07181818181818182 0.6467889908256881 0.04909090909090909 0.20489296636085627
0 0.10727272727272727 0.6498470948012233 0.05090909090909091 0.21712538226299694
0 0.14636363636363636 0.6406727828746177 0.056363636363636366 0.2415902140672783
0 0.18272727272727274 0.6529051987767585 0.045454545454545456 0.1926605504587156
0 0.21181818181818182 0.6467889908256881 0.04909090909090909 0.20489296636085627
0 0.24545454545454545 0.6529051987767585 0.05090909090909091 0.21100917431192662
0 0.2790909090909091 0.6437308868501529 0.05272727272727273 0.22324159021406728
0 0.31272727272727274 0.6574923547400612 0.04727272727272727 0.2018348623853211
0 0.2963636363636364 0.6452599388379205 0.05090909090909091 0.20795107033639143
0 0.34545454545454546 0.6345565749235474 0.05454545454545454 0.22935779816513763
0 0.37454545454545457 0.6513761467889908 0.04727272727272727 0.19571865443425077
0 0.43272727272727274 0.636085626911315 0.05090909090909091 0.22018348623853212
0 0.4627272727272727 0.6391437308868502 0.05272727272727273 0.21406727828746178
0 0.6227272727272727 0.6467889908256881 0.056363636363636366 0.23547400611620795
0 0.6772727272727272 0.6330275229357798 0.056363636363636366 0.23853211009174313
0 0.69 0.6437308868501529 0.056363636363636366 0.22935779816513763
0 0.7372727272727273 0.6330275229357798 0.05272727272727273 0.22018348623853212
0 0.7536363636363637 0.6498470948012233 0.056363636363636366 0.22935779816513763
0 0.7945454545454546 0.6498470948012233 0.06181818181818182 0.25382262996941896
0 0.8127272727272727 0.6483180428134556 0.06181818181818182 0.25076452599388377
0 0.8490909090909091 0.636085626911315 0.05454545454545454 0.22629969418960244
0 0.8763636363636363 0.6391437308868502 0.06181818181818182 0.25076452599388377
0 0.9090909090909091 0.6238532110091743 0.05090909090909091 0.21406727828746178
0 0.9527272727272728 0.636085626911315 0.05818181818181818 0.23853211009174313
0 0.9754545454545455 0.6513761467889908 0.04909090909090909 0.25076452599388377
2 0.2309090909090909 0.5657492354740061 0.014545454545454545 0.05504587155963303
2 0.35909090909090907 0.5611620795107034 0.016363636363636365 0.039755351681957186
2 0.05818181818181818 0.5779816513761468 0.025454545454545455 0.04892966360856269
2 0.6654545454545454 0.5519877675840978 0.01090909090909091 0.03363914373088685
2 0.8281818181818181 0.5519877675840978 0.016363636363636365 0.045871559633027525
2 0.8909090909090909 0.5412844036697247 0.02181818181818182 0.04892966360856269
