0 0.4463768115942029 0.31431334622823986 0.017391304347826087 0.059961315280464215
0 0.55 0.3065764023210832 0.02463768115942029 0.07930367504835589
0 0.6166666666666667 0.30851063829787234 0.021739130434782608 0.07543520309477757
0 0.631159420289855 0.3027079303675048 0.021739130434782608 0.07156673114119923
0 0.6615942028985508 0.30754352030947774 0.01884057971014493 0.061895551257253385
0 0.6782608695652174 0.30851063829787234 0.017391304347826087 0.05609284332688588
0 0.6992753623188406 0.3027079303675048 0.01884057971014493 0.059961315280464215
0 0.7123188405797102 0.30464216634429403 0.01884057971014493 0.059961315280464215
0 0.7347826086956522 0.2978723404255319 0.014492753623188406 0.05415860735009671
0 0.7536231884057971 0.30174081237911027 0.017391304347826087 0.061895551257253385
0 0.7724637681159421 0.2988394584139265 0.020289855072463767 0.06769825918762089
0 0.7855072463768116 0.2911025145067698 0.017391304347826087 0.059961315280464215
0 0.8007246376811594 0.2940038684719536 0.01884057971014493 0.061895551257253385
0 0.8072463768115942 0.2940038684719536 0.017391304347826087 0.061895551257253385
0 0.8202898550724638 0.2940038684719536 0.020289855072463767 0.06576402321083172
0 0.8289855072463768 0.29206963249516443 0.020289855072463767 0.06963249516441006
0 0.85 0.2940038684719536 0.01884057971014493 0.061895551257253385
0 0.8601449275362318 0.2872340425531915 0.01884057971014493 0.059961315280464215
0 0.8760869565217392 0.2901353965183752 0.01884057971014493 0.06576402321083172
0 0.9014492753623189 0.28336557059961315 0.02318840579710145 0.07543520309477757
0 0.9253623188405797 0.2872340425531915 0.021739130434782608 0.07543520309477757
0 0.9449275362318841 0.281431334622824 0.02318840579710145 0.07543520309477757
0 0.9536231884057971 0.27949709864603484 0.020289855072463767 0.06769825918762089
0 0.9710144927536232 0.2765957446808511 0.020289855072463767 0.06576402321083172
0 0.9891304347826086 0.27949709864603484 0.01884057971014493 0.06769825918762089
0 0.39202898550724635 0.32495164410058025 0.015942028985507246 0.058027079303675046
0 0.3710144927536232 0.32591876208897486 0.017391304347826087 0.06382978723404255
0 0.34492753623188405 0.327852998065764 0.020289855072463767 0.06769825918762089
0 0.31956521739130433 0.3288201160541586 0.021739130434782608 0.0735009671179884
0 0.5717391304347826 0.3578336557059961 0.021739130434782608 0.0735009671179884
0 0.5239130434782608 0.3617021276595745 0.021739130434782608 0.0735009671179884
0 0.4920289855072464 0.36750483558994196 0.021739130434782608 0.07736943907156674
0 0.463768115942029 0.35493230174081236 0.020289855072463767 0.07156673114119923
0 0.4463768115942029 0.35589941972920697 0.020289855072463767 0.06576402321083172
0 0.43333333333333335 0.35589941972920697 0.017391304347826087 0.058027079303675046
0 0.4152173913043478 0.3607350096711799 0.01884057971014493 0.06382978723404255
0 0.3847826086956522 0.3617021276595745 0.021739130434782608 0.0735009671179884
0 0.3601449275362319 0.36363636363636365 0.021739130434782608 0.0735009671179884
0 0.3471014492753623 0.35880077369439073 0.02463768115942029 0.08317214700193423
0 0.3253623188405797 0.3646034816247582 0.02463768115942029 0.07930367504835589
0 0.2971014492753623 0.3607350096711799 0.02318840579710145 0.07930367504835589
0 0.2833333333333333 0.3568665377176016 0.02463768115942029 0.07930367504835589
0 0.26014492753623186 0.3617021276595745 0.021739130434782608 0.0735009671179884
0 0.23333333333333334 0.3529980657640232 0.02318840579710145 0.07930367504835589
0 0.2753623188405797 0.3820116054158607 0.02318840579710145 0.07543520309477757
0 0.03768115942028986 0.4119922630560928 0.02608695652173913 0.08897485493230174
0 0.02391304347826087 0.40425531914893614 0.02463768115942029 0.0851063829787234
0 0.08768115942028985 0.4032882011605416 0.02463768115942029 0.08704061895551257
0 0.06594202898550725 0.39748549323017407 0.02463768115942029 0.08317214700193423
0 0.13043478260869565 0.3994197292069632 0.02608695652173913 0.08704061895551257
0 0.1391304347826087 0.3984526112185687 0.02608695652173913 0.0851063829787234
0 0.14202898550724638 0.44197292069632493 0.03188405797101449 0.1102514506769826
0 0.16159420289855073 0.44390715667311414 0.030434782608695653 0.10251450676982592
0 0.186231884057971 0.44680851063829785 0.030434782608695653 0.10444874274661509
0 0.21231884057971015 0.4506769825918762 0.030434782608695653 0.10444874274661509
0 0.23333333333333334 0.45551257253384914 0.03188405797101449 0.10251450676982592
0 0.9826086956521739 0.5551257253384912 0.034782608695652174 0.15860735009671179
0 0.9253623188405797 0.5560928433268859 0.04492753623188406 0.1528046421663443
0 0.8833333333333333 0.5686653771760155 0.04782608695652174 0.15473887814313347
0 0.8239130434782609 0.5696324951644101 0.04492753623188406 0.1450676982591876
0 0.8463768115942029 0.5493230174081238 0.04057971014492753 0.13539651837524178
0 0.9101449275362319 0.5309477756286267 0.03768115942028986 0.1218568665377176
0 0.967391304347826 0.5212765957446809 0.0391304347826087 0.13346228239845262
0 0.9601449275362319 0.6866537717601547 0.0536231884057971 0.18181818181818182
0 0.8992753623188405 0.7214700193423598 0.0536231884057971 0.18181818181818182
0 0.863768115942029 0.6711798839458414 0.0463768115942029 0.15087040618955513
0 0.8355072463768116 0.7321083172147002 0.0536231884057971 0.1760154738878143
0 0.7833333333333333 0.6895551257253385 0.04492753623188406 0.1528046421663443
0 0.7724637681159421 0.741779497098646 0.06086956521739131 0.20309477756286268
0 0.7615942028985507 0.7253384912959381 0.0536231884057971 0.18181818181818182
0 0.7355072463768116 0.6963249516441006 0.04782608695652174 0.15860735009671179
0 0.691304347826087 0.753384912959381 0.06086956521739131 0.20309477756286268
0 0.7123188405797102 0.7330754352030948 0.0536231884057971 0.17794970986460348
0 0.7260869565217392 0.6972920696324951 0.043478260869565216 0.1450676982591876
0 0.663768115942029 0.718568665377176 0.057971014492753624 0.18762088974854932
0 0.6427536231884058 0.7437137330754352 0.0536231884057971 0.1760154738878143
0 0.6260869565217392 0.7794970986460348 0.05507246376811594 0.18568665377176016
0 0.5797101449275363 0.7562862669245648 0.057971014492753624 0.1895551257253385
0 0.5985507246376811 0.7243713733075435 0.05217391304347826 0.1760154738878143
0 0.6079710144927536 0.7021276595744681 0.04492753623188406 0.15087040618955513
0 0.5811594202898551 0.6034816247582205 0.04927536231884058 0.15860735009671179
0 0.518840579710145 0.6179883945841392 0.05217391304347826 0.16827852998065765
0 0.6673913043478261 0.5145067698259188 0.042028985507246375 0.13539651837524178
0 0.7289855072463768 0.5125725338491296 0.03768115942028986 0.12379110251450677
0 0.7760869565217391 0.5164410058027079 0.04492753623188406 0.15087040618955513
0 0.7956521739130434 0.4990328820116054 0.03768115942028986 0.1276595744680851
0 0.7557971014492754 0.5009671179883946 0.036231884057971016 0.11605415860735009
0 0.7137681159420289 0.4951644100580271 0.036231884057971016 0.12379110251450677
0 0.6905797101449276 0.5087040618955513 0.03333333333333333 0.11218568665377177
0 0.6384057971014493 0.5096711798839458 0.0391304347826087 0.12959381044487428
0 0.6043478260869565 0.5058027079303675 0.04057971014492753 0.13346228239845262
0 0.6253623188405797 0.5019342359767892 0.0391304347826087 0.13346228239845262
0 0.5521739130434783 0.7717601547388782 0.05507246376811594 0.18181818181818182
0 0.47681159420289854 0.8665377176015474 0.06666666666666667 0.22437137330754353
0 0.508695652173913 0.7756286266924565 0.057971014492753624 0.19342359767891681
0 0.532608695652174 0.7398452611218569 0.05652173913043478 0.18762088974854932
0 0.4782608695652174 0.7727272727272727 0.05217391304347826 0.16827852998065765
0 0.42318840579710143 0.7833655705996132 0.05217391304347826 0.17408123791102514
0 0.3934782608695652 0.7911025145067698 0.05652173913043478 0.1895551257253385
0 0.3652173913043478 0.8056092843326886 0.057971014492753624 0.19148936170212766
0 0.3217391304347826 0.7949709864603481 0.06086956521739131 0.19729206963249515
0 0.2971014492753623 0.809477756286267 0.057971014492753624 0.19148936170212766
0 0.25579710144927537 0.8172147001934236 0.06231884057971015 0.20309477756286268
0 0.22536231884057972 0.8307543520309478 0.07101449275362319 0.2379110251450677
0 0.17681159420289855 0.8220502901353965 0.06376811594202898 0.2127659574468085
0 0.2072463768115942 0.7988394584139265 0.06376811594202898 0.20889748549323017
0 0.14565217391304347 0.8462282398452611 0.07391304347826087 0.24177949709864605
0 0.16231884057971013 0.769825918762089 0.0463768115942029 0.15087040618955513
0 0.12753623188405797 0.8056092843326886 0.057971014492753624 0.19148936170212766
0 0.09420289855072464 0.8423597678916828 0.06376811594202898 0.21470019342359767
0 0.07536231884057971 0.8027079303675049 0.06376811594202898 0.20889748549323017
0 0.03768115942028986 0.8665377176015474 0.07246376811594203 0.23597678916827852
0 0.03260869565217391 0.839458413926499 0.06521739130434782 0.24758220502901354
0 0.034057971014492754 0.688588007736944 0.04782608695652174 0.15473887814313347
0 0.11304347826086956 0.6876208897485493 0.05217391304347826 0.1760154738878143
0 0.19855072463768117 0.6663442940038685 0.043478260869565216 0.14893617021276595
0 0.2398550724637681 0.6315280464216635 0.04492753623188406 0.14893617021276595
0 0.2717391304347826 0.6508704061895552 0.04782608695652174 0.15667311411992263
0 0.3318840579710145 0.6411992263056093 0.043478260869565216 0.14119922630560927
0 0.3927536231884058 0.6382978723404256 0.04927536231884058 0.16634429400386846
0 0.45942028985507244 0.6189555125725339 0.043478260869565216 0.14313346228239845
0 0.4985507246376812 0.5996131528046421 0.04057971014492753 0.13539651837524178
0 0.4702898550724638 0.6025145067698259 0.036231884057971016 0.1218568665377176
0 0.4855072463768116 0.5212765957446809 0.03188405797101449 0.1102514506769826
0 0.43478260869565216 0.5203094777562862 0.034782608695652174 0.11218568665377177
0 0.41956521739130437 0.5967117988394585 0.0391304347826087 0.13346228239845262
0 0.9115942028985508 0.4796905222437137 0.03188405797101449 0.10831721470019343
0 0.8789855072463768 0.4835589941972921 0.036231884057971016 0.12379110251450677
0 0.8333333333333334 0.5009671179883946 0.03188405797101449 0.10444874274661509
0 0.5384057971014493 0.49806576402321084 0.0391304347826087 0.13346228239845262
0 0.5543478260869565 0.4874274661508704 0.0391304347826087 0.13152804642166344
0 0.5115942028985507 0.49806576402321084 0.03768115942028986 0.1218568665377176
0 0.36884057971014494 0.6034816247582205 0.03333333333333333 0.11218568665377177
0 0.3442028985507246 0.6025145067698259 0.03333333333333333 0.11411992263056092
0 0.2956521739130435 0.6170212765957447 0.043478260869565216 0.14313346228239845
0 0.2108695652173913 0.6295938104448743 0.0391304347826087 0.12572533849129594
0 0.15797101449275364 0.6373307543520309 0.043478260869565216 0.14119922630560927
0 0.10217391304347827 0.648936170212766 0.0391304347826087 0.13346228239845262
0 0.06521739130434782 0.6547388781431335 0.043478260869565216 0.14119922630560927
0 0.08405797101449275 0.6083172147001934 0.043478260869565216 0.1450676982591876
0 0.15 0.5918762088974855 0.042028985507246375 0.13539651837524178
0 0.18115942028985507 0.5899419729206963 0.043478260869565216 0.14313346228239845
0 0.20072463768115942 0.5541586073500967 0.02753623188405797 0.09477756286266925
0 0.05652173913043478 0.59284332688588 0.034782608695652174 0.11798839458413926
0 0.014492753623188406 0.6576402321083172 0.028985507246376812 0.15473887814313347
2 0.26304347826086955 0.30947775628626695 0.015942028985507246 0.03481624758220503
2 0.2891304347826087 0.3114119922630561 0.01884057971014493 0.027079303675048357
2 0.25072463768115943 0.31721470019342357 0.014492753623188406 0.030947775628626693
2 0.22753623188405797 0.3191489361702128 0.028985507246376812 0.030947775628626693
2 0.015942028985507246 0.5822050290135397 0.02608695652173913 0.06576402321083172
2 0.13333333333333333 0.5067698259187621 0.028985507246376812 0.05415860735009671
2 0.12318840579710146 0.5483558994197292 0.02318840579710145 0.06769825918762089
2 0.08768115942028985 0.5241779497098646 0.015942028985507246 0.03868471953578337
2 0.08333333333333333 0.49709864603481624 0.021739130434782608 0.030947775628626693
2 0.06956521739130435 0.5299806576402321 0.02318840579710145 0.04642166344294004
2 0.036231884057971016 0.5357833655705996 0.017391304347826087 0.03868471953578337
2 0.016666666666666666 0.528046421663443 0.015942028985507246 0.03868471953578337
2 0.02753623188405797 0.4835589941972921 0.020289855072463767 0.03481624758220503
2 0.01884057971014493 0.488394584139265 0.020289855072463767 0.03288201160541586
4 0.050724637681159424 0.16827852998065765 0.09565217391304348 0.1276595744680851
4 0.05507246376811594 0.08994197292069632 0.06666666666666667 0.048355899419729204
4 0.2326086956521739 0.172147001934236 0.3144927536231884 0.1470019342359768
4 0.3355072463768116 0.07833655705996131 0.07391304347826087 0.08704061895551257
4 0.5057971014492754 0.1450676982591876 0.30144927536231886 0.17408123791102514
4 0.6840579710144927 0.13829787234042554 0.0782608695652174 0.18762088974854932
4 0.7884057971014493 0.06479690522243714 0.17681159420289855 0.05609284332688588
4 0.7891304347826087 0.19342359767891681 0.13768115942028986 0.08123791102514506
4 0.8978260869565218 0.13346228239845262 0.04782608695652174 0.17794970986460348
4 0.9615942028985507 0.11895551257253385 0.07391304347826087 0.16054158607350097
4 0.3442028985507246 0.425531914893617 0.1927536231884058 0.058027079303675046
4 0.486231884057971 0.39748549323017407 0.29130434782608694 0.09090909090909091
4 0.6818840579710145 0.4090909090909091 0.12318840579710146 0.07930367504835589
4 0.841304347826087 0.39361702127659576 0.3 0.09090909090909091
