0 0.24583333333333332 0.41089108910891087 0.028333333333333332 0.10891089108910891
0 0.2891666666666667 0.4158415841584158 0.03166666666666667 0.1188118811881188
0 0.38666666666666666 0.42574257425742573 0.03333333333333333 0.12376237623762376
0 0.08416666666666667 0.4183168316831683 0.028333333333333332 0.10396039603960396
0 0.06666666666666667 0.4183168316831683 0.02666666666666667 0.09900990099009901
0 0.10416666666666667 0.4207920792079208 0.03166666666666667 0.11386138613861387
0 0.8008333333333333 0.42326732673267325 0.028333333333333332 0.10891089108910891
0 0.8616666666666667 0.4319306930693069 0.03 0.11138613861386139
0 0.93 0.40965346534653463 0.03333333333333333 0.12623762376237624
0 0.9691666666666666 0.43316831683168316 0.03166666666666667 0.1188118811881188
0 0.26166666666666666 0.4121287128712871 0.03 0.11633663366336634
0 0.22833333333333333 0.4146039603960396 0.02666666666666667 0.10148514851485149
0 0.32416666666666666 0.41336633663366334 0.025 0.09900990099009901
0 0.37 0.422029702970297 0.02666666666666667 0.10148514851485149
0 0.35333333333333333 0.40965346534653463 0.023333333333333334 0.09158415841584158
0 0.12833333333333333 0.04207920792079208 0.023333333333333334 0.08415841584158416
2 0.39 0.5742574257425742 0.18333333333333332 0.4306930693069307
2 0.49 0.5705445544554455 0.09 0.4381188118811881
2 0.5591666666666667 0.4665841584158416 0.06833333333333333 0.18564356435643564
2 0.6358333333333334 0.5866336633663366 0.075 0.4306930693069307
2 0.7183333333333334 0.5767326732673267 0.11 0.43564356435643564
2 0.5333333333333333 0.6745049504950495 0.12 0.2896039603960396
2 0.7641666666666667 0.422029702970297 0.035 0.06188118811881188
2 0.0375 0.41707920792079206 0.03166666666666667 0.06188118811881188
2 0.3433333333333333 0.43316831683168316 0.03666666666666667 0.06435643564356436
2 0.058333333333333334 0.04084158415841584 0.02666666666666667 0.04702970297029703
2 0.22333333333333333 0.023514851485148515 0.02666666666666667 0.03217821782178218
2 0.24583333333333332 0.023514851485148515 0.021666666666666667 0.03217821782178218
2 0.2725 0.023514851485148515 0.025 0.03712871287128713
2 0.2866666666666667 0.028465346534653466 0.016666666666666666 0.027227722772277228
2 0.31833333333333336 0.017326732673267328 0.023333333333333334 0.034653465346534656
2 0.3425 0.01608910891089109 0.021666666666666667 0.03217821782178218
2 0.4116666666666667 0.017326732673267328 0.03 0.034653465346534656
2 0.45166666666666666 0.018564356435643563 0.03 0.022277227722772276
2 0.5183333333333333 0.01608910891089109 0.023333333333333334 0.027227722772277228
2 0.5566666666666666 0.01608910891089109 0.023333333333333334 0.027227722772277228
2 0.69 0.01485148514851485 0.02666666666666667 0.0297029702970297
2 0.7725 0.008663366336633664 0.028333333333333332 0.017326732673267328
2 0.795 0.008663366336633664 0.02 0.017326732673267328
2 0.8275 0.009900990099009901 0.021666666666666667 0.019801980198019802
