0 0.04394426580921758 0.3629421221864952 0.02679528403001072 0.0972668810289389
0 0.06457663451232583 0.3677652733118971 0.02840300107181136 0.10530546623794212
0 0.08386923901393355 0.3641479099678457 0.02947481243301179 0.10771704180064309
0 0.07529474812433012 0.36615755627009644 0.027331189710610933 0.10209003215434084
0 0.15005359056806003 0.3392282958199357 0.013933547695605574 0.05144694533762058
0 0.1714898177920686 0.3709807073954984 0.03322615219721329 0.12459807073954984
0 0.19721329046087888 0.43488745980707394 0.0632368703108253 0.23311897106109325
0 0.3322615219721329 0.45940514469453375 0.0857449088960343 0.3159163987138264
0 0.3992497320471597 0.3870578778135048 0.04072883172561629 0.15032154340836013
0 0.5610932475884244 0.40353697749196143 0.04715969989281887 0.1720257234726688
0 0.2915326902465166 0.3621382636655949 0.021436227224008574 0.07958199356913183
0 0.3161843515541265 0.3790192926045016 0.03644158628081458 0.13585209003215434
0 0.18033226152197213 0.3396302250803859 0.01339764201500536 0.04903536977491962
0 0.24008574490889603 0.3315916398713826 0.006430868167202572 0.02491961414790997
0 0.24490889603429797 0.3327974276527331 0.006430868167202572 0.02572347266881029
0 0.2540192926045016 0.3360128617363344 0.00857449088960343 0.03215434083601286
0 0.26312968917470525 0.33641479099678456 0.007502679528403001 0.0297427652733119
0 0.26607717041800644 0.3307877813504823 0.006966773847802787 0.02491961414790997
0 0.297427652733119 0.34364951768488744 0.010718113612004287 0.0409967845659164
0 0.30519828510182206 0.33561093247588425 0.005894962486602358 0.023311897106109324
0 0.4402465166130761 0.34485530546623794 0.01339764201500536 0.04823151125401929
0 0.4659699892818864 0.342443729903537 0.008038585209003215 0.03054662379421222
0 0.532422293676313 0.34565916398713825 0.008038585209003215 0.03215434083601286
0 0.5396570203644159 0.34646302250803857 0.010718113612004287 0.04019292604501608
0 0.5466237942122186 0.34646302250803857 0.00857449088960343 0.03376205787781351
0 0.5560021436227224 0.34766881028938906 0.009110396570203644 0.03456591639871383
0 0.6830117899249732 0.4204180064308682 0.05412647374062165 0.1977491961414791
0 0.6353161843515541 0.3516881028938907 0.011254019292604502 0.0409967845659164
0 0.647642015005359 0.3508842443729904 0.010182207931404072 0.03938906752411576
0 0.6527331189710611 0.3528938906752412 0.00964630225080386 0.03536977491961415
0 0.6588960342979635 0.3504823151125402 0.010182207931404072 0.03858520900321544
0 0.670150053590568 0.3512861736334405 0.008038585209003215 0.03054662379421222
0 0.7183815648445874 0.35932475884244375 0.015541264737406217 0.0594855305466238
0 0.7411575562700965 0.397508038585209 0.03751339764201501 0.13745980707395497
0 0.7446409431939979 0.3991157556270096 0.03912111468381565 0.1454983922829582
0 0.7601822079314041 0.42604501607717044 0.05412647374062165 0.20096463022508038
0 0.922561629153269 0.452572347266881 0.06484458735262594 0.2379421221864952
0 0.9715969989281886 0.4533762057877814 0.05680600214362272 0.25884244372990356
0 0.9289924973204716 0.3557073954983923 0.05305466237942122 0.19694533762057878
0 0.7277599142550911 0.3508842443729904 0.006430868167202572 0.02652733118971061
4 0.37433011789924975 0.33561093247588425 0.01339764201500536 0.023311897106109324
4 0.4241693461950697 0.3372186495176849 0.03269024651661308 0.02652733118971061
4 0.4528403001071811 0.3380225080385852 0.01714898177920686 0.028135048231511254
4 0.5018756698821008 0.3412379421221865 0.06377277599142551 0.03135048231511254
4 0.582529474812433 0.34364951768488744 0.028938906752411574 0.0297427652733119
4 0.6146838156484459 0.34485530546623794 0.03536977491961415 0.027331189710610933
4 0.7797427652733119 0.34766881028938906 0.020364415862808145 0.02652733118971061
4 0.8317256162915327 0.4228295819935691 0.07717041800643087 0.1527331189710611
4 0.870042872454448 0.39107717041800644 0.027331189710610933 0.16318327974276528
4 0.889871382636656 0.35731511254019294 0.03161843515541265 0.12942122186495178
4 0.9394426580921758 0.21141479099678456 0.03536977491961415 0.0707395498392283
4 0.9766881028938906 0.23512861736334406 0.024115755627009645 0.07154340836012862
4 0.9598070739549839 0.22467845659163987 0.020364415862808145 0.06511254019292605
4 0.370042872454448 0.43086816720257237 0.027331189710610933 0.07556270096463022
