0 0.16 0.5384615384615384 0.135 0.49530956848030017
0 0.3725 0.551594746716698 0.1175 0.43151969981238275
0 0.60625 0.5863039399624765 0.1375 0.5084427767354597
0 0.778125 0.551594746716698 0.10875 0.4052532833020638
0 0.98 0.4521575984990619 0.04 0.2101313320825516
0 0.97 0.45121951219512196 0.055 0.20825515947467166
0 0.94 0.45121951219512196 0.05 0.18574108818011256
0 0.921875 0.44840525328330205 0.04875 0.1801125703564728
0 0.909375 0.4474671669793621 0.04875 0.18198874296435272
0 0.89375 0.4427767354596623 0.0475 0.17636022514071295
0 0.87875 0.44090056285178236 0.0475 0.1801125703564728
0 0.859375 0.4455909943714822 0.03875 0.14446529080675422
0 0.830625 0.4427767354596623 0.04375 0.1651031894934334
0 0.811875 0.43902439024390244 0.03875 0.14634146341463414
0 0.716875 0.5300187617260788 0.10625 0.3921200750469043
0 0.678125 0.5234521575984991 0.09875 0.36397748592870544
0 0.63625 0.5084427767354597 0.0975 0.3602251407129456
0 0.575625 0.5440900562851783 0.11875 0.43902439024390244
0 0.550625 0.5384615384615384 0.10625 0.3902439024390244
0 0.508125 0.5168855534709194 0.10375 0.38461538461538464
0 0.489375 0.5056285178236398 0.09375 0.34709193245778613
0 0.46625 0.49624765478424016 0.09 0.3320825515947467
0 0.4475 0.4812382739212008 0.0825 0.3058161350844278
0 0.42 0.47373358348968103 0.08 0.2945590994371482
0 0.338125 0.5459662288930581 0.09125 0.3339587242026266
0 0.32625 0.5206378986866792 0.095 0.34709193245778613
0 0.29375 0.5093808630393997 0.0825 0.3058161350844278
0 0.2425 0.4427767354596623 0.0475 0.1726078799249531
0 0.2825 0.47373358348968103 0.0825 0.30206378986866794
0 0.044375 0.4343339587242026 0.02875 0.11069418386491557
0 0.03 0.41932457786116323 0.0225 0.08818011257035648
0 0.0125 0.4530956848030019 0.025 0.14071294559099437
0 0.23 0.45121951219512196 0.045 0.16322701688555347
2 0.35125 0.3968105065666041 0.02 0.06191369606003752
