0 0.27375 0.6137339055793991 0.11583333333333333 0.4864091559370529
0 0.3570833333333333 0.5851216022889842 0.08416666666666667 0.35765379113018597
0 0.4066666666666667 0.5658082975679543 0.06666666666666667 0.27896995708154504
0 0.6204166666666666 0.6330472103004292 0.11916666666666667 0.5021459227467812
0 0.4370833333333333 0.5092989985693849 0.035833333333333335 0.15450643776824036
0 0.46125 0.5121602288984263 0.0325 0.13733905579399142
0 0.47458333333333336 0.5078683834048641 0.030833333333333334 0.13447782546494993
0 0.49125 0.5128755364806867 0.0375 0.15593705293276108
0 0.5279166666666667 0.5185979971387696 0.035833333333333335 0.15021459227467812
0 0.5491666666666667 0.5157367668097281 0.03333333333333333 0.14163090128755365
0 0.565 0.5200286123032904 0.03333333333333333 0.13876967095851217
2 0.08541666666666667 0.5600858369098712 0.034166666666666665 0.13590844062947066
2 0.1225 0.522889842632332 0.03333333333333333 0.07010014306151645
2 0.30916666666666665 0.547925608011445 0.015 0.04005722460658083
2 0.14416666666666667 0.6609442060085837 0.065 0.27753934191702434
2 0.33166666666666667 0.6065808297567954 0.04 0.15736766809728184
2 0.8891666666666667 0.7074391988555079 0.08 0.3333333333333333
2 0.7841666666666667 0.630901287553648 0.056666666666666664 0.22889842632331903
2 0.74875 0.6015736766809728 0.04583333333333333 0.18454935622317598
2 0.5866666666666667 0.4427753934191702 0.02 0.032904148783977114
2 0.39625 0.4656652360515021 0.0225 0.05007153075822604
2 0.44958333333333333 0.4449213161659514 0.0175 0.034334763948497854
