0 0.09393063583815028 0.6060606060606061 0.06647398843930635 0.2510822510822511
0 0.12138728323699421 0.6168831168831169 0.06358381502890173 0.24675324675324675
0 0.16618497109826588 0.5844155844155844 0.07225433526011561 0.2683982683982684
0 0.1907514450867052 0.6017316017316018 0.06936416184971098 0.2683982683982684
0 0.24566473988439305 0.6125541125541125 0.07514450867052024 0.2727272727272727
0 0.27890173410404623 0.5995670995670995 0.07225433526011561 0.2727272727272727
0 0.3265895953757225 0.6038961038961039 0.06936416184971098 0.2554112554112554
0 0.3901734104046243 0.6038961038961039 0.06936416184971098 0.2554112554112554
0 0.4393063583815029 0.6125541125541125 0.07514450867052024 0.2727272727272727
0 0.4841040462427746 0.6060606060606061 0.07225433526011561 0.2683982683982684
0 0.5303468208092486 0.6038961038961039 0.07225433526011561 0.26406926406926406
0 0.5722543352601156 0.6038961038961039 0.06358381502890173 0.24675324675324675
0 0.6170520231213873 0.6428571428571429 0.049132947976878616 0.18614718614718614
0 0.6228323699421965 0.577922077922078 0.07803468208092486 0.2987012987012987
0 0.6864161849710982 0.6017316017316018 0.07225433526011561 0.2597402597402597
0 0.7528901734104047 0.5995670995670995 0.06069364161849711 0.23809523809523808
0 0.7904624277456648 0.6103896103896104 0.07225433526011561 0.2597402597402597
0 0.8323699421965318 0.5930735930735931 0.08092485549132948 0.2943722943722944
0 0.8988439306358381 0.5930735930735931 0.07514450867052024 0.27705627705627706
0 0.3554913294797688 0.6103896103896104 0.06358381502890173 0.24242424242424243
0 0.7283236994219653 0.5995670995670995 0.06936416184971098 0.2554112554112554
2 0.22109826589595374 0.4935064935064935 0.031791907514450865 0.05194805194805195
2 0.31213872832369943 0.5 0.03468208092485549 0.0735930735930736
2 0.45809248554913296 0.49567099567099565 0.031791907514450865 0.08225108225108226
2 0.5101156069364162 0.4935064935064935 0.031791907514450865 0.08658008658008658
2 0.5867052023121387 0.4805194805194805 0.04046242774566474 0.06060606060606061
2 0.5997109826589595 0.5021645021645021 0.02601156069364162 0.04329004329004329
2 0.661849710982659 0.4935064935064935 0.04046242774566474 0.06060606060606061
