0 0.09453125 0.6564705882352941 0.1859375 0.6823529411764706
0 0.196875 0.6576470588235294 0.184375 0.6752941176470588
0 0.1515625 0.6082352941176471 0.19375 0.7176470588235294
0 0.27421875 0.6 0.1828125 0.6729411764705883
0 0.30859375 0.6564705882352941 0.1796875 0.668235294117647
0 0.4 0.6635294117647059 0.178125 0.6588235294117647
0 0.47421875 0.6458823529411765 0.1796875 0.6658823529411765
0 0.546875 0.6588235294117647 0.184375 0.6776470588235294
0 0.621875 0.6588235294117647 0.18125 0.6635294117647059
0 0.7171875 0.6623529411764706 0.178125 0.6611764705882353
0 0.803125 0.6647058823529411 0.175 0.6470588235294118
0 0.89140625 0.6588235294117647 0.1828125 0.6776470588235294
0 0.94453125 0.6494117647058824 0.1109375 0.6823529411764706
0 0.928125 0.5647058823529412 0.14375 0.7105882352941176
0 0.69921875 0.5305882352941177 0.1640625 0.6094117647058823
0 0.36796875 0.5047058823529412 0.1421875 0.5294117647058824
2 0.47734375 0.30823529411764705 0.0484375 0.16
2 0.56640625 0.31176470588235294 0.0578125 0.1388235294117647
2 0.83203125 0.32823529411764707 0.0609375 0.13411764705882354
