0 0.3990909090909091 0.6466836734693877 0.18363636363636363 0.6301020408163265
0 0.8172727272727273 0.6186224489795918 0.18 0.625
0 0.9236363636363636 0.5956632653061225 0.13090909090909092 0.45663265306122447
0 0.6336363636363637 0.6262755102040817 0.14 0.48214285714285715
0 0.5245454545454545 0.6020408163265306 0.12181818181818181 0.42346938775510207
0 0.7827272727272727 0.6058673469387755 0.11090909090909092 0.38010204081632654
0 0.2972727272727273 0.6339285714285714 0.15454545454545454 0.5280612244897959
0 0.21454545454545454 0.6301020408163265 0.13454545454545455 0.4642857142857143
0 0.1409090909090909 0.6262755102040817 0.10727272727272727 0.375
0 0.04363636363636364 0.41709183673469385 0.05454545454545454 0.18622448979591838
0 0.7363636363636363 0.30357142857142855 0.04727272727272727 0.16326530612244897
0 0.6963636363636364 0.30357142857142855 0.04363636363636364 0.15816326530612246
2 0.17727272727272728 0.03826530612244898 0.04181818181818182 0.07142857142857142
2 0.23545454545454544 0.044642857142857144 0.045454545454545456 0.07908163265306123
2 0.056363636363636366 0.04591836734693878 0.06545454545454546 0.09183673469387756
2 0.59 0.336734693877551 0.04181818181818182 0.09183673469387756
2 0.33545454545454545 0.3010204081632653 0.034545454545454546 0.05612244897959184
2 0.4445454545454545 0.34183673469387754 0.04181818181818182 0.07142857142857142
2 0.03727272727272727 0.46683673469387754 0.034545454545454546 0.04081632653061224
2 0.12181818181818181 0.49362244897959184 0.05090909090909091 0.07908163265306123
