0 0.17 0.6063432835820896 0.115 0.4291044776119403
0 0.2275 0.6194029850746269 0.11 0.41044776119402987
0 0.30375 0.5876865671641791 0.1175 0.4291044776119403
0 0.3775 0.6026119402985075 0.11 0.39925373134328357
0 0.43375 0.5914179104477612 0.1025 0.376865671641791
0 0.4975 0.6082089552238806 0.11 0.41044776119402987
0 0.56125 0.621268656716418 0.1025 0.3843283582089552
0 0.6325 0.6063432835820896 0.1 0.3619402985074627
0 0.67625 0.621268656716418 0.0925 0.33955223880597013
0 0.765 0.6063432835820896 0.11 0.40671641791044777
0 0.8425 0.6063432835820896 0.13 0.47388059701492535
2 0.15625 0.7313432835820896 0.0925 0.3283582089552239
2 0.2575 0.7201492537313433 0.07 0.291044776119403
2 0.33125 0.7089552238805971 0.0775 0.26119402985074625
2 0.40625 0.7257462686567164 0.0825 0.2873134328358209
2 0.495 0.7201492537313433 0.075 0.27611940298507465
2 0.5675 0.7257462686567164 0.07 0.27238805970149255
2 0.645 0.7369402985074627 0.065 0.2798507462686567
2 0.69625 0.753731343283582 0.0725 0.26865671641791045
2 0.7925 0.7649253731343284 0.12 0.26119402985074625
2 0.4675 0.42723880597014924 0.035 0.07835820895522388
