0 0.2725 0.4525 0.17833333333333334 0.66
0 0.06 0.48375 0.12 0.5625
0 0.1475 0.4625 0.08833333333333333 0.33
0 0.08166666666666667 0.4075 0.07 0.265
0 0.18166666666666667 0.37375 0.03666666666666667 0.1325
0 0.20916666666666667 0.38 0.04833333333333333 0.18
0 0.8425 0.65625 0.105 0.3925
0 0.9141666666666667 0.50125 0.11166666666666666 0.4125
1 0.6616666666666666 0.46 0.08 0.3
1 0.8025 0.485 0.075 0.28
3 0.37916666666666665 0.34125 0.065 0.2625
3 0.4725 0.34875 0.045 0.2125
3 0.565 0.36125 0.06666666666666667 0.2025
