0 0.8825 0.5522041763341067 0.13166666666666665 0.44547563805104406
0 0.7958333333333333 0.5719257540603249 0.08833333333333333 0.29930394431554525
0 0.82 0.505800464037123 0.04666666666666667 0.16705336426914152
0 0.715 0.49071925754060325 0.04 0.1368909512761021
0 0.6683333333333333 0.5382830626450116 0.07666666666666666 0.26450116009280744
0 0.5683333333333334 0.5266821345707656 0.07 0.24129930394431554
0 0.6 0.5127610208816705 0.04 0.1345707656612529
0 0.6241666666666666 0.4965197215777262 0.03833333333333333 0.12993039443155452
0 0.5 0.5278422273781903 0.06333333333333334 0.21577726218097448
0 0.41083333333333333 0.5232018561484919 0.058333333333333334 0.19721577726218098
0 0.4483333333333333 0.48839907192575405 0.03666666666666667 0.12296983758700696
0 0.3775 0.5266821345707656 0.04833333333333333 0.1716937354988399
0 0.3516666666666667 0.5162412993039444 0.05333333333333334 0.18329466357308585
0 0.30666666666666664 0.5150812064965197 0.04666666666666667 0.16705336426914152
0 0.2425 0.5243619489559165 0.04833333333333333 0.16241299303944315
0 0.1875 0.5023201856148491 0.04833333333333333 0.16473317865429235
0 0.15416666666666667 0.5139211136890951 0.045 0.15081206496519722
0 0.1125 0.505800464037123 0.041666666666666664 0.14385150812064965
0 0.065 0.4976798143851508 0.043333333333333335 0.14617169373549885
0 0.2658333333333333 0.48491879350348027 0.028333333333333332 0.09744779582366589
0 0.21 0.48607888631090485 0.02666666666666667 0.0951276102088167
