0 0.07333333333333333 0.6071428571428571 0.1111111111111111 0.4699248120300752
0 0.15444444444444444 0.6146616541353384 0.11777777777777777 0.5
0 0.25222222222222224 0.6278195488721805 0.12222222222222222 0.518796992481203
0 0.1922222222222222 0.575187969924812 0.10444444444444445 0.43609022556390975
0 0.3022222222222222 0.5883458646616542 0.09333333333333334 0.39473684210526316
0 0.37222222222222223 0.6203007518796992 0.11333333333333333 0.48120300751879697
0 0.4444444444444444 0.6240601503759399 0.1111111111111111 0.46616541353383456
0 0.5144444444444445 0.6015037593984962 0.12222222222222222 0.5037593984962406
0 0.5811111111111111 0.6353383458646616 0.08222222222222222 0.3533834586466165
0 0.67 0.5977443609022557 0.10444444444444445 0.44360902255639095
0 0.7566666666666667 0.5582706766917294 0.10888888888888888 0.4548872180451128
0 0.83 0.6090225563909775 0.13111111111111112 0.5413533834586466
0 0.9488888888888889 0.6015037593984962 0.10222222222222223 0.42105263157894735
0 0.04555555555555556 0.5808270676691729 0.09111111111111111 0.4398496240601504
0 0.027777777777777776 0.5620300751879699 0.05555555555555555 0.424812030075188
0 0.40444444444444444 0.5864661654135338 0.09333333333333334 0.39097744360902253
2 0.4688888888888889 0.40225563909774437 0.044444444444444446 0.13533834586466165
2 0.4222222222222222 0.37030075187969924 0.03111111111111111 0.08646616541353383
4 0.6044444444444445 0.4191729323308271 0.08 0.17669172932330826
4 0.7166666666666667 0.40037593984962405 0.05555555555555555 0.09398496240601503
