0 0.1248665955176094 0.5236156351791531 0.061899679829242264 0.23615635179153094
0 0.19530416221985059 0.5138436482084691 0.05976520811099253 0.22312703583061888
0 0.8110992529348986 0.7223127035830619 0.14087513340448238 0.5293159609120521
0 0.6344717182497331 0.6644951140065146 0.1376734258271078 0.5179153094462541
0 0.5512273212379936 0.6425081433224755 0.11632870864461047 0.4381107491856677
0 0.7219850586979722 0.6066775244299675 0.09711846318036287 0.36319218241042345
0 0.9402347918890075 0.5822475570032574 0.10885805763073639 0.40553745928338764
0 0.3975453575240128 0.5570032573289903 0.0864461045891142 0.3257328990228013
0 0.43703308431163285 0.5342019543973942 0.0736392742796158 0.28013029315960913
0 0.37726787620064034 0.5439739413680782 0.0736392742796158 0.28013029315960913
0 0.0384204909284952 0.43403908794788276 0.0384204909284952 0.14169381107491857
0 0.4610458911419424 0.5228013029315961 0.064034151547492 0.24429967426710097
0 0.32123799359658484 0.5423452768729642 0.0768409818569904 0.2899022801302932
0 0.27854855923159016 0.5456026058631922 0.0768409818569904 0.2899022801302932
0 0.25240128068303097 0.5211726384364821 0.048025613660619 0.1791530944625407
1 0.9220917822838848 0.38925081433224756 0.0192102454642476 0.0749185667752443
2 0.5880469583778015 0.43892508143322473 0.04695837780149413 0.13192182410423453
2 0.49306296691568835 0.4381107491856677 0.03628601921024546 0.09446254071661238
2 0.45250800426894344 0.38599348534201955 0.014941302027748132 0.035830618892508145
2 0.4391675560298826 0.3688925081433225 0.016008537886873 0.043973941368078175
2 0.3687299893276414 0.36563517915309446 0.016008537886873 0.050488599348534204
2 0.39487726787620064 0.36644951140065146 0.014941302027748132 0.04560260586319218
2 0.29562433297758806 0.39087947882736157 0.017075773745997867 0.048859934853420196
2 0.31856990394877266 0.3949511400651466 0.020277481323372464 0.043973941368078175
2 0.3425827107790822 0.4169381107491857 0.03628601921024546 0.08469055374592833
2 0.2390608324439701 0.44299674267100975 0.025613660618996798 0.08469055374592833
2 0.7961579509071505 0.44055374592833874 0.04909284951974386 0.08306188925081433
2 0.47705442902881534 0.3346905537459283 0.010672358591248666 0.02768729641693811
