0 0.041555851063829786 0.61975 0.0625 0.2305
0 0.09574468085106383 0.60675 0.061835106382978726 0.2265
0 0.11818484042553191 0.6125 0.05618351063829787 0.207
0 0.14527925531914893 0.593 0.06050531914893617 0.223
0 0.16605718085106383 0.5895 0.05618351063829787 0.206
0 0.2076130319148936 0.58825 0.05485372340425532 0.2025
0 0.19847074468085107 0.554 0.041223404255319146 0.152
0 0.22556515957446807 0.593 0.050199468085106384 0.186
0 0.2448470744680851 0.58625 0.05152925531914894 0.1895
0 0.2601396276595745 0.58025 0.050199468085106384 0.1845
0 0.269780585106383 0.57725 0.050199468085106384 0.1845
0 0.29205452127659576 0.58625 0.045545212765957445 0.1685
0 0.3065159574468085 0.58125 0.045877659574468085 0.1695
0 0.31732047872340424 0.57825 0.043550531914893616 0.1605
0 0.33543882978723405 0.5765 0.0425531914893617 0.158
0 0.35538563829787234 0.5785 0.03856382978723404 0.143
0 0.36436170212765956 0.5745 0.03723404255319149 0.138
0 0.37699468085106386 0.567 0.036569148936170214 0.136
0 0.3873005319148936 0.5675 0.03523936170212766 0.131
0 0.39361702127659576 0.5545 0.0425531914893617 0.157
0 0.40774601063829785 0.55575 0.04222074468085106 0.1545
0 0.4193816489361702 0.563 0.04022606382978723 0.148
0 0.425531914893617 0.5565 0.0398936170212766 0.148
0 0.4471409574468085 0.55075 0.04188829787234043 0.1555
0 0.4574468085106383 0.55825 0.03922872340425532 0.1455
0 0.5029920212765957 0.61325 0.0764627659574468 0.2805
0 0.5633311170212766 0.68375 0.13264627659574468 0.4885
0 0.3228058510638298 0.424 0.02992021276595745 0.111
0 0.32180851063829785 0.37425 0.028590425531914893 0.1055
0 0.35189494680851063 0.447 0.02559840425531915 0.095
0 0.3650265957446808 0.44775 0.022606382978723406 0.0845
0 0.3761635638297872 0.41 0.020944148936170214 0.077
0 0.3941156914893617 0.36375 0.02360372340425532 0.0875
0 0.3874667553191489 0.388 0.020944148936170214 0.078
0 0.4808843085106383 0.37425 0.024933510638297872 0.0915
0 0.43367686170212766 0.42225 0.026263297872340427 0.0975
0 0.44680851063829785 0.436 0.02127659574468085 0.079
0 0.34757313829787234 0.39175 0.0269281914893617 0.0995
0 0.35738031914893614 0.399 0.025930851063829786 0.097
0 0.5947473404255319 0.5465 0.0398936170212766 0.147
0 0.6146941489361702 0.548 0.03922872340425532 0.144
0 0.6343085106382979 0.541 0.04188829787234043 0.154
0 0.6620678191489362 0.54375 0.04022606382978723 0.1475
0 0.5651595744680851 0.407 0.018617021276595744 0.07
0 0.7061170212765957 0.5385 0.04188829787234043 0.154
0 0.7340425531914894 0.53375 0.04521276595744681 0.1655
0 0.7476728723404256 0.537 0.041223404255319146 0.153
0 0.7644614361702128 0.532 0.04488031914893617 0.165
0 0.7913896276595744 0.53725 0.043550531914893616 0.1605
0 0.8018617021276596 0.533 0.04055851063829787 0.15
0 0.8291223404255319 0.5375 0.0398936170212766 0.148
0 0.8485704787234043 0.53725 0.04022606382978723 0.1475
0 0.870345744680851 0.53025 0.04188829787234043 0.1535
0 0.8909574468085106 0.53675 0.04055851063829787 0.1485
0 0.9120678191489362 0.52825 0.043550531914893616 0.1615
0 0.9341755319148937 0.53325 0.03922872340425532 0.1435
0 0.9504654255319149 0.53225 0.04055851063829787 0.1505
0 0.9660904255319149 0.52825 0.04055851063829787 0.1505
0 0.9820478723404256 0.52875 0.03590425531914894 0.1535
0 0.6938164893617021 0.5405 0.0398936170212766 0.148
2 0.2908909574468085 0.412 0.027925531914893616 0.08
2 0.30319148936170215 0.41375 0.01928191489361702 0.0805
2 0.3349401595744681 0.37625 0.008976063829787235 0.0545
2 0.3625332446808511 0.34075 0.01695478723404255 0.0505
2 0.38347739361702127 0.465 0.014960106382978724 0.04
2 0.39644281914893614 0.46925 0.014295212765957447 0.0345
2 0.46376329787234044 0.47325 0.0199468085106383 0.0415
2 0.4376662234042553 0.46175 0.014295212765957447 0.0185
2 0.4172207446808511 0.46175 0.011968085106382979 0.0245
2 0.41273271276595747 0.437 0.016289893617021278 0.031
2 0.40907579787234044 0.411 0.012965425531914893 0.027
2 0.37466755319148937 0.36125 0.009308510638297872 0.0195
2 0.44381648936170215 0.38775 0.010638297872340425 0.0305
2 0.4554521276595745 0.39425 0.016622340425531915 0.0345
2 0.4712433510638298 0.445 0.01695478723404255 0.055
2 0.49152260638297873 0.40625 0.012300531914893617 0.0315
2 0.5058178191489362 0.40625 0.00964095744680851 0.0215
2 0.5108045212765957 0.42325 0.01163563829787234 0.0305
2 0.5088098404255319 0.45125 0.010305851063829786 0.0345
2 0.5169547872340425 0.445 0.010638297872340425 0.029
2 0.5204454787234043 0.4165 0.008311170212765957 0.019
2 0.5274268617021277 0.41725 0.006316489361702127 0.0195
2 0.531748670212766 0.4275 0.006981382978723404 0.018
2 0.535904255319149 0.41675 0.007313829787234043 0.0195
2 0.5516954787234043 0.432 0.016289893617021278 0.035
2 0.5598404255319149 0.42775 0.008643617021276596 0.0325
2 0.5196143617021277 0.3875 0.017287234042553192 0.047
2 0.5294215425531915 0.384 0.007646276595744681 0.035
2 0.5352393617021277 0.386 0.008643617021276596 0.039
2 0.5435505319148937 0.39 0.012632978723404254 0.039
2 0.5613364361702128 0.3625 0.014960106382978724 0.031
2 0.5736369680851063 0.385 0.008311170212765957 0.021
2 0.5866023936170213 0.41775 0.014960106382978724 0.0335
2 0.608876329787234 0.4675 0.018284574468085107 0.033
2 0.5756316489361702 0.47625 0.01695478723404255 0.0165
2 0.5784574468085106 0.494 0.013297872340425532 0.028
2 0.5718085106382979 0.45675 0.009308510638297872 0.0205
2 0.5811170212765957 0.44325 0.008643617021276596 0.0265
2 0.5696476063829787 0.43975 0.008311170212765957 0.0165
2 0.640126329787234 0.473 0.01163563829787234 0.026
2 0.6504321808510638 0.4815 0.00964095744680851 0.023
2 0.6795212765957447 0.47975 0.011303191489361703 0.0215
2 0.8382646276595744 0.46325 0.010970744680851064 0.0335
2 0.8528922872340425 0.458 0.010970744680851064 0.025
2 0.8620345744680851 0.4585 0.009308510638297872 0.025
2 0.8761635638297872 0.4545 0.01163563829787234 0.024
2 0.886469414893617 0.44975 0.012965425531914893 0.0295
2 0.8956117021276596 0.45975 0.013297872340425532 0.0315
2 0.9127327127659575 0.442 0.010305851063829786 0.024
2 0.9212101063829787 0.45475 0.012632978723404254 0.0465
2 0.9498005319148937 0.44875 0.015292553191489361 0.0265
2 0.9810505319148937 0.45 0.017287234042553192 0.027
2 0.8168218085106383 0.46875 0.011968085106382979 0.0285
4 0.6715425531914894 0.39275 0.05452127659574468 0.0825
4 0.6191821808510638 0.417 0.059507978723404256 0.107
4 0.7295545212765957 0.4225 0.0382313829787234 0.069
