0 0.158125 0.6886792452830188 0.16125 0.6
0 0.25875 0.6849056603773584 0.1575 0.5811320754716981
0 0.369375 0.6952830188679245 0.14875 0.5528301886792453
0 0.46875 0.7122641509433962 0.1425 0.530188679245283
0 0.57375 0.7056603773584905 0.1525 0.5660377358490566
0 0.6825 0.7273584905660377 0.1475 0.5452830188679245
0 0.80625 0.7141509433962264 0.15 0.5528301886792453
0 0.73 0.5462264150943397 0.13 0.4849056603773585
0 0.628125 0.5537735849056604 0.12875 0.4811320754716981
0 0.521875 0.5613207547169812 0.12375 0.4547169811320755
0 0.425 0.5481132075471699 0.1325 0.49245283018867925
0 0.326875 0.5650943396226416 0.12375 0.46226415094339623
0 0.225 0.5481132075471699 0.1325 0.48867924528301887
0 0.745625 0.41320754716981134 0.10125 0.37735849056603776
0 0.661875 0.3839622641509434 0.09625 0.360377358490566
0 0.578125 0.4037735849056604 0.08375 0.3132075471698113
0 0.480625 0.3754716981132076 0.08625 0.3169811320754717
0 0.383125 0.3754716981132076 0.08125 0.30566037735849055
0 0.31625 0.389622641509434 0.08 0.3
0 0.22625 0.3754716981132076 0.0775 0.28679245283018867
0 0.27625 0.29245283018867924 0.08 0.2943396226415094
0 0.3625 0.28867924528301886 0.07 0.26037735849056604
0 0.44125 0.2971698113207547 0.085 0.3150943396226415
0 0.5225 0.27547169811320754 0.07 0.25660377358490566
0 0.5975 0.28867924528301886 0.075 0.27547169811320754
0 0.743125 0.25660377358490566 0.06625 0.24528301886792453
0 0.67375 0.2650943396226415 0.06 0.22452830188679246
0 0.02375 0.2188679245283019 0.0475 0.3471698113207547
2 0.71 0.15754716981132075 0.0625 0.13018867924528302
2 0.635 0.17264150943396225 0.045 0.12641509433962264
2 0.55625 0.16226415094339622 0.05 0.1169811320754717
2 0.5925 0.1169811320754717 0.0525 0.1169811320754717
2 0.51625 0.1009433962264151 0.0575 0.13018867924528302
2 0.485625 0.16792452830188678 0.06375 0.1169811320754717
2 0.45375 0.10283018867924529 0.0525 0.11132075471698114
2 0.409375 0.16981132075471697 0.06625 0.12830188679245283
2 0.329375 0.15377358490566037 0.05375 0.14150943396226415
2 0.38375 0.11320754716981132 0.055 0.10943396226415095
2 0.30375 0.10660377358490566 0.0525 0.11509433962264151
2 0.25125 0.16037735849056603 0.055 0.12830188679245283
