0 0.6159420289855072 0.6056644880174292 0.2 0.7407407407407407
0 0.5152173913043478 0.5370370370370371 0.1318840579710145 0.49019607843137253
0 0.4601449275362319 0.5087145969498911 0.1 0.3681917211328976
0 0.41304347826086957 0.477124183006536 0.07536231884057971 0.2788671023965142
0 0.03260869565217391 0.5392156862745098 0.06521739130434782 0.3202614379084967
0 0.05289855072463768 0.528322440087146 0.08550724637681159 0.3202614379084967
0 0.0746376811594203 0.48148148148148145 0.08260869565217391 0.30501089324618735
0 0.11811594202898551 0.5054466230936819 0.06811594202898551 0.25272331154684097
0 0.2572463768115942 0.4422657952069717 0.030434782608695653 0.11764705882352941
0 0.2702898550724638 0.4433551198257081 0.03333333333333333 0.12854030501089325
0 0.2847826086956522 0.4455337690631808 0.030434782608695653 0.1111111111111111
0 0.3036231884057971 0.4466230936819172 0.030434782608695653 0.11328976034858387
0 0.9318840579710145 0.46949891067538124 0.05217391304347826 0.19389978213507625
0 0.8920289855072464 0.4803921568627451 0.042028985507246375 0.15468409586056645
0 0.9115942028985508 0.48257080610021785 0.04057971014492753 0.15468409586056645
0 0.8652173913043478 0.4684095860566449 0.0463768115942029 0.17429193899782136
0 0.8326086956521739 0.4684095860566449 0.042028985507246375 0.16122004357298475
0 0.6804347826086956 0.48257080610021785 0.04492753623188406 0.1721132897603486
0 0.7057971014492753 0.48366013071895425 0.043478260869565216 0.16122004357298475
0 0.7231884057971014 0.47167755991285404 0.0463768115942029 0.17647058823529413
0 0.7420289855072464 0.4782135076252723 0.04057971014492753 0.1503267973856209
0 0.7579710144927536 0.4760348583877996 0.04057971014492753 0.1503267973856209
0 0.8050724637681159 0.4596949891067538 0.04782608695652174 0.17429193899782136
0 0.33115942028985507 0.4455337690631808 0.03333333333333333 0.12418300653594772
0 0.3442028985507246 0.4433551198257081 0.030434782608695653 0.11982570806100218
0 0.35797101449275365 0.4422657952069717 0.028985507246376812 0.11328976034858387
0 0.38333333333333336 0.45206971677559915 0.04492753623188406 0.16775599128540306
2 0.6594202898550725 0.3790849673202614 0.020289855072463767 0.0392156862745098
2 0.6956521739130435 0.38562091503267976 0.020289855072463767 0.030501089324618737
2 0.7891304347826087 0.38344226579520696 0.01884057971014493 0.026143790849673203
2 0.881159420289855 0.39215686274509803 0.011594202898550725 0.026143790849673203
2 0.9557971014492753 0.4117647058823529 0.021739130434782608 0.04793028322440087
4 0.2579710144927536 0.09586056644880174 0.32463768115942027 0.11764705882352941
4 0.6478260869565218 0.11220043572984749 0.32463768115942027 0.09368191721132897
4 0.936231884057971 0.12962962962962962 0.12753623188405797 0.058823529411764705
4 0.186231884057971 0.434640522875817 0.1 0.1503267973856209
