0 0.485 0.5666666666666667 0.074 0.248
0 0.761 0.596 0.11 0.36533333333333334
0 0.661 0.5733333333333334 0.074 0.24
0 0.562 0.5493333333333333 0.056 0.192
0 0.334 0.7053333333333334 0.092 0.30133333333333334
0 0.185 0.7693333333333333 0.11 0.36533333333333334
0 0.094 0.608 0.056 0.18666666666666668
0 0.024 0.612 0.048 0.18933333333333333
0 0.212 0.548 0.064 0.21066666666666667
0 0.302 0.5386666666666666 0.06 0.20266666666666666
0 0.4 0.5426666666666666 0.06 0.20533333333333334
0 0.446 0.5453333333333333 0.052 0.17866666666666667
0 0.523 0.5413333333333333 0.05 0.17066666666666666
0 0.954 0.5586666666666666 0.044 0.14133333333333334
0 0.899 0.5546666666666666 0.038 0.13333333333333333
0 0.855 0.5506666666666666 0.034 0.11466666666666667
0 0.807 0.5453333333333333 0.034 0.10933333333333334
0 0.743 0.548 0.038 0.12533333333333332
0 0.714 0.544 0.032 0.112
0 0.689 0.544 0.03 0.096
0 0.357 0.5413333333333333 0.058 0.18666666666666668
0 0.415 0.5413333333333333 0.054 0.176
0 0.182 0.54 0.052 0.168
0 0.16 0.54 0.052 0.17866666666666667
0 0.142 0.5373333333333333 0.052 0.168
0 0.268 0.5453333333333333 0.056 0.184
0 0.256 0.5426666666666666 0.052 0.17333333333333334
0 0.332 0.5333333333333333 0.048 0.16
4 0.056 0.5 0.104 0.07733333333333334
