0 0.149 0.5227272727272727 0.17 0.6272727272727273
0 0.533 0.5136363636363637 0.21 0.7848484848484848
0 0.447 0.4863636363636364 0.134 0.49393939393939396
0 0.382 0.47424242424242424 0.1 0.36666666666666664
0 0.056 0.5166666666666667 0.1 0.37272727272727274
0 0.198 0.5 0.112 0.42424242424242425
0 0.76 0.4909090909090909 0.156 0.5757575757575758
0 0.903 0.49242424242424243 0.122 0.45151515151515154
0 0.953 0.4575757575757576 0.094 0.4
0 0.707 0.4712121212121212 0.09 0.3303030303030303
0 0.64 0.4681818181818182 0.076 0.2878787878787879
0 0.241 0.4696969696969697 0.074 0.28484848484848485
2 0.014 0.49696969696969695 0.028 0.1393939393939394
4 0.305 0.46515151515151515 0.086 0.19696969696969696
4 0.018 0.4090909090909091 0.036 0.07272727272727272
4 0.671 0.4 0.034 0.07878787878787878
4 0.848 0.403030303030303 0.032 0.05454545454545454
