0 0.07739130434782608 0.6077922077922078 0.15478260869565216 0.6961038961038961
0 0.18869565217391304 0.6402597402597403 0.17565217391304347 0.6415584415584416
0 0.2426086956521739 0.5415584415584416 0.1408695652173913 0.5168831168831168
0 0.2817391304347826 0.5636363636363636 0.15304347826086956 0.5558441558441558
0 0.3591304347826087 0.6285714285714286 0.1617391304347826 0.5922077922077922
0 0.5069565217391304 0.5935064935064935 0.13391304347826086 0.4857142857142857
0 0.6304347826086957 0.6701298701298701 0.16521739130434782 0.6025974025974026
0 0.6356521739130435 0.5545454545454546 0.14782608695652175 0.548051948051948
0 0.6808695652173913 0.5844155844155844 0.1443478260869565 0.5298701298701298
0 0.7339130434782609 0.461038961038961 0.09391304347826086 0.34025974025974026
0 0.8382608695652174 0.5584415584415584 0.1391304347826087 0.509090909090909
0 0.9156521739130434 0.6194805194805195 0.16869565217391305 0.625974025974026
2 0.12521739130434784 0.38051948051948054 0.12173913043478261 0.16363636363636364
2 0.35391304347826086 0.35324675324675325 0.1408695652173913 0.15584415584415584
2 0.46608695652173915 0.34155844155844156 0.10086956521739131 0.16883116883116883
2 0.5539130434782609 0.32987012987012987 0.09565217391304348 0.1038961038961039
2 0.6756521739130434 0.32987012987012987 0.050434782608695654 0.10909090909090909
2 0.7773913043478261 0.3246753246753247 0.1356521739130435 0.07792207792207792
2 0.9008695652173913 0.33116883116883117 0.07652173913043478 0.08571428571428572
2 0.9739130434782609 0.34935064935064936 0.04869565217391304 0.16363636363636364
