0 0.0244140625 0.5694444444444444 0.048828125 0.3333333333333333
0 0.12646484375 0.6006944444444444 0.1142578125 0.4965277777777778
0 0.15673828125 0.5477430555555556 0.0693359375 0.3003472222222222
0 0.267578125 0.53125 0.064453125 0.28125
0 0.373046875 0.5217013888888888 0.06640625 0.2934027777777778
0 0.4111328125 0.5920138888888888 0.166015625 0.7222222222222222
0 0.52099609375 0.5043402777777778 0.0537109375 0.2378472222222222
0 0.56298828125 0.4982638888888889 0.0537109375 0.2361111111111111
0 0.62939453125 0.4947916666666667 0.0478515625 0.21180555555555555
0 0.68115234375 0.4895833333333333 0.0439453125 0.19444444444444445
0 0.740234375 0.4973958333333333 0.044921875 0.1996527777777778
0 0.8134765625 0.5399305555555556 0.119140625 0.5173611111111112
0 0.93310546875 0.4722222222222222 0.0498046875 0.2222222222222222
0 0.90478515625 0.4557291666666667 0.0185546875 0.08159722222222222
0 0.91259765625 0.4583333333333333 0.0166015625 0.0763888888888889
0 0.923828125 0.4548611111111111 0.01953125 0.09027777777777778
0 0.96923828125 0.4565972222222222 0.0205078125 0.09375
0 0.9794921875 0.4409722222222222 0.0234375 0.10069444444444445
0 0.98779296875 0.4496527777777778 0.0205078125 0.09375
