0 0.009558823529411765 0.5709534368070953 0.01911764705882353 0.11751662971175167
0 0.0661764705882353 0.656319290465632 0.061764705882352944 0.23059866962305986
0 0.06323529411764706 0.5665188470066519 0.026470588235294117 0.09534368070953436
0 0.12941176470588237 0.5188470066518847 0.011764705882352941 0.04878048780487805
0 0.18088235294117647 0.6529933481152993 0.07058823529411765 0.25942350332594233
0 0.22279411764705884 0.7017738359201774 0.051470588235294115 0.1973392461197339
0 0.20955882352941177 0.5521064301552107 0.022058823529411766 0.08869179600886919
0 0.23970588235294119 0.5376940133037694 0.01764705882352941 0.07317073170731707
0 0.26323529411764707 0.5210643015521065 0.011764705882352941 0.04434589800443459
0 0.28602941176470587 0.5121951219512195 0.013235294117647059 0.04878048780487805
0 0.30514705882352944 0.5133037694013304 0.01911764705882353 0.06873614190687362
0 0.3301470588235294 0.5232815964523282 0.010294117647058823 0.04434589800443459
0 0.3426470588235294 0.6352549889135255 0.06470588235294118 0.24611973392461198
0 0.3845588235294118 0.6596452328159645 0.0661764705882353 0.25055432372505543
0 0.37573529411764706 0.5509977827050998 0.022058823529411766 0.08647450110864745
0 0.3625 0.5210643015521065 0.01911764705882353 0.07095343680709534
0 0.39044117647058824 0.5099778270509978 0.016176470588235296 0.057649667405764965
0 0.41102941176470587 0.5399113082039911 0.01911764705882353 0.06873614190687362
0 0.46176470588235297 0.508869179600887 0.014705882352941176 0.05543237250554324
0 0.49779411764705883 0.5077605321507761 0.016176470588235296 0.06208425720620843
0 0.5117647058823529 0.508869179600887 0.011764705882352941 0.050997782705099776
0 0.5235294117647059 0.5110864745011087 0.014705882352941176 0.05543237250554324
0 0.48455882352941176 0.7472283813747228 0.10441176470588236 0.3902439024390244
0 0.5735294117647058 0.6374722838137472 0.07647058823529412 0.2860310421286031
0 0.8477941176470588 0.7062084257206208 0.15441176470588236 0.5698447893569845
2 0.06985294117647059 0.5033259423503326 0.09558823529411764 0.026607538802660754
2 0.5830882352941177 0.4878048780487805 0.075 0.04878048780487805
2 0.22058823529411764 0.4955654101995565 0.07941176470588235 0.03325942350332594
2 0.950735294117647 0.4955654101995565 0.08970588235294118 0.0598669623059867
