0 0.0203125 0.6142061281337048 0.040625 0.2479108635097493
0 0.04921875 0.5779944289693594 0.0421875 0.19220055710306408
0 0.11171875 0.564066852367688 0.0171875 0.07520891364902507
0 0.1671875 0.5584958217270195 0.05 0.2200557103064067
0 0.2125 0.5459610027855153 0.01875 0.08913649025069638
0 0.25390625 0.5821727019498607 0.0546875 0.24512534818941503
0 0.36171875 0.5626740947075209 0.0421875 0.18384401114206128
0 0.38125 0.596100278551532 0.08125 0.35097493036211697
0 0.4484375 0.5668523676880223 0.059375 0.2646239554317549
0 0.49921875 0.564066852367688 0.0453125 0.20334261838440112
0 0.52421875 0.6253481894150418 0.1171875 0.5097493036211699
0 0.59765625 0.6142061281337048 0.0703125 0.30362116991643456
0 0.64375 0.5654596100278552 0.0125 0.06128133704735376
0 0.56640625 0.5571030640668524 0.0109375 0.055710306406685235
0 0.6671875 0.5654596100278552 0.04375 0.19498607242339833
0 0.7015625 0.5682451253481894 0.015625 0.06685236768802229
0 0.72890625 0.5988857938718662 0.0484375 0.21727019498607242
0 0.76640625 0.6225626740947076 0.0609375 0.27019498607242337
0 0.7953125 0.5598885793871866 0.015625 0.07799442896935933
0 0.81640625 0.5696378830083565 0.0140625 0.06963788300835655
0 0.83046875 0.5738161559888579 0.0171875 0.07242339832869081
0 0.8515625 0.5738161559888579 0.01875 0.08913649025069638
0 0.88046875 0.5598885793871866 0.0171875 0.08356545961002786
0 0.8953125 0.5682451253481894 0.01875 0.08356545961002786
0 0.9078125 0.5696378830083565 0.021875 0.10306406685236769
0 0.9265625 0.5738161559888579 0.01875 0.08913649025069638
0 0.94765625 0.5584958217270195 0.0203125 0.09192200557103064
0 0.9703125 0.5779944289693594 0.021875 0.10306406685236769
0 0.4203125 0.5584958217270195 0.0125 0.06406685236768803
0 0.3125 0.564066852367688 0.009375 0.04178272980501393
0 0.475 0.5612813370473537 0.0125 0.06406685236768803
