0 0.08166666666666667 0.6445182724252492 0.16333333333333333 0.5980066445182725
0 0.21666666666666667 0.6611295681063123 0.14444444444444443 0.5282392026578073
0 0.28833333333333333 0.5880398671096345 0.10111111111111111 0.3687707641196013
0 0.31777777777777777 0.5191029900332226 0.051111111111111114 0.19102990033222592
0 0.32722222222222225 0.5049833887043189 0.04111111111111111 0.15614617940199335
0 0.3388888888888889 0.49335548172757476 0.035555555555555556 0.12956810631229235
0 0.3522222222222222 0.45930232558139533 0.024444444444444446 0.0946843853820598
0 0.3972222222222222 0.4485049833887043 0.021111111111111112 0.08305647840531562
0 0.40444444444444444 0.4676079734219269 0.028888888888888888 0.1079734219269103
0 0.42055555555555557 0.4792358803986711 0.034444444444444444 0.12458471760797342
0 0.43666666666666665 0.4983388704318937 0.04666666666666667 0.16943521594684385
0 0.4577777777777778 0.5074750830564784 0.05333333333333334 0.19435215946843853
0 0.4872222222222222 0.5182724252491694 0.06111111111111111 0.22259136212624583
0 0.5194444444444445 0.5614617940199336 0.08555555555555555 0.3122923588039867
0 0.6061111111111112 0.6387043189368771 0.13 0.48006644518272423
0 0.6522222222222223 0.6636212624584718 0.15333333333333332 0.5598006644518272
0 0.7116666666666667 0.5182724252491694 0.058888888888888886 0.21926910299003322
0 0.7327777777777778 0.5481727574750831 0.06333333333333334 0.23588039867109634
0 0.7922222222222223 0.5722591362126246 0.07777777777777778 0.2840531561461794
0 0.7638888888888888 0.47591362126245845 0.034444444444444444 0.13122923588039867
0 0.8255555555555556 0.5166112956810631 0.04666666666666667 0.16943521594684385
0 0.8683333333333333 0.49169435215946844 0.03888888888888889 0.1461794019933555
0 0.9261111111111111 0.5348837209302325 0.056666666666666664 0.21262458471760798
0 0.9661111111111111 0.6129568106312292 0.06777777777777778 0.4119601328903654
0 0.9711111111111111 0.44933554817275745 0.013333333333333334 0.05149501661129568
0 0.14666666666666667 0.5074750830564784 0.04888888888888889 0.1777408637873754
0 0.03166666666666667 0.6021594684385382 0.06333333333333334 0.40365448504983387
0 0.18 0.38870431893687707 0.008888888888888889 0.03322259136212625
0 0.37277777777777776 0.43438538205980065 0.012222222222222223 0.04817275747508306
0 0.57 0.48588039867109634 0.044444444444444446 0.1644518272425249
2 0.028333333333333332 0.43106312292358806 0.052222222222222225 0.1611295681063123
2 0.15 0.4377076411960133 0.07333333333333333 0.08471760797342193
2 0.19722222222222222 0.37375415282392027 0.07444444444444444 0.046511627906976744
2 0.26 0.4335548172757475 0.04666666666666667 0.053156146179401995
2 0.5188888888888888 0.41943521594684385 0.11555555555555555 0.061461794019933555
2 0.7455555555555555 0.4227574750830565 0.042222222222222223 0.04817275747508306
2 0.8016666666666666 0.4227574750830565 0.027777777777777776 0.044850498338870434
