0 0.022 0.6490963855421686 0.044 0.29819277108433734
0 0.041 0.6310240963855421 0.082 0.31626506024096385
0 0.065 0.6310240963855421 0.07 0.2560240963855422
0 0.096 0.6340361445783133 0.064 0.23795180722891565
0 0.14 0.625 0.096 0.35240963855421686
0 0.202 0.6219879518072289 0.08 0.29819277108433734
0 0.265 0.6385542168674698 0.082 0.3072289156626506
0 0.375 0.6280120481927711 0.074 0.28012048192771083
0 0.438 0.6159638554216867 0.088 0.33433734939759036
0 0.505 0.6144578313253012 0.094 0.35542168674698793
0 0.557 0.6069277108433735 0.09 0.34036144578313254
0 0.649 0.6219879518072289 0.082 0.3102409638554217
0 0.703 0.6355421686746988 0.074 0.2710843373493976
0 0.762 0.6114457831325302 0.08 0.29518072289156627
0 0.849 0.6144578313253012 0.09 0.3373493975903614
0 0.808 0.6204819277108434 0.036 0.13253012048192772
0 0.901 0.6234939759036144 0.038 0.13855421686746988
0 0.926 0.6159638554216867 0.048 0.18373493975903615
0 0.959 0.6144578313253012 0.05 0.18072289156626506
0 0.981 0.5948795180722891 0.038 0.18373493975903615
0 0.335 0.6174698795180723 0.042 0.16265060240963855
0 0.533 0.6280120481927711 0.03 0.11746987951807229
0 0.091 0.37650602409638556 0.038 0.14457831325301204
