0 0.035 0.5272727272727272 0.03666666666666667 0.16363636363636364
0 0.05416666666666667 0.5757575757575758 0.045 0.2
0 0.06583333333333333 0.7560606060606061 0.08166666666666667 0.36666666666666664
0 0.07583333333333334 0.4590909090909091 0.03166666666666667 0.14242424242424243
0 0.10333333333333333 0.43333333333333335 0.023333333333333334 0.11515151515151516
0 0.1325 0.48333333333333334 0.03833333333333333 0.17272727272727273
0 0.14666666666666667 0.4393939393939394 0.02666666666666667 0.12121212121212122
0 0.1675 0.5136363636363637 0.03833333333333333 0.17272727272727273
0 0.20333333333333334 0.5393939393939394 0.043333333333333335 0.19393939393939394
0 0.18083333333333335 0.4090909090909091 0.025 0.10909090909090909
0 0.22416666666666665 0.4212121212121212 0.025 0.11515151515151516
0 0.25333333333333335 0.3878787878787879 0.016666666666666666 0.07878787878787878
0 0.2975 0.49696969696969695 0.03833333333333333 0.1696969696969697
0 0.31916666666666665 0.5878787878787879 0.055 0.24848484848484848
0 0.32083333333333336 0.41515151515151516 0.021666666666666667 0.10303030303030303
0 0.3625 0.4803030303030303 0.03833333333333333 0.17272727272727273
0 0.33416666666666667 0.3893939393939394 0.018333333333333333 0.08181818181818182
0 0.3925 0.5378787878787878 0.045 0.20909090909090908
0 0.42083333333333334 0.4590909090909091 0.035 0.1606060606060606
0 0.4575 0.49393939393939396 0.041666666666666664 0.18181818181818182
0 0.44916666666666666 0.4318181818181818 0.025 0.11818181818181818
0 0.4775 0.4257575757575758 0.025 0.11818181818181818
0 0.49833333333333335 0.3924242424242424 0.02 0.1
0 0.49166666666666664 0.3621212121212121 0.02 0.08787878787878788
0 0.4058333333333333 0.35 0.015 0.06363636363636363
0 0.39416666666666667 0.3621212121212121 0.018333333333333333 0.08787878787878788
0 0.37916666666666665 0.3893939393939394 0.018333333333333333 0.08787878787878788
0 0.5108333333333334 0.40606060606060607 0.028333333333333332 0.12727272727272726
0 0.5275 0.4727272727272727 0.03833333333333333 0.17575757575757575
0 0.545 0.3893939393939394 0.02 0.08787878787878788
0 0.5566666666666666 0.453030303030303 0.03 0.13636363636363635
0 0.5825 0.43333333333333335 0.028333333333333332 0.12727272727272726
0 0.6108333333333333 0.37575757575757573 0.018333333333333333 0.08484848484848485
0 0.6183333333333333 0.4196969696969697 0.02666666666666667 0.12424242424242424
0 0.6383333333333333 0.4 0.023333333333333334 0.11515151515151516
0 0.6608333333333334 0.38484848484848483 0.018333333333333333 0.09090909090909091
0 0.6833333333333333 0.3606060606060606 0.016666666666666666 0.07272727272727272
0 0.7783333333333333 0.3893939393939394 0.02666666666666667 0.12424242424242424
0 0.7916666666666666 0.45454545454545453 0.03666666666666667 0.16363636363636364
0 0.8883333333333333 0.5681818181818182 0.05 0.22121212121212122
0 0.5683333333333334 0.6484848484848484 0.06333333333333334 0.2787878787878788
0 0.44083333333333335 0.34393939393939393 0.015 0.0696969696969697
2 0.29333333333333333 0.3787878787878788 0.04 0.10909090909090909
2 0.5775 0.3393939393939394 0.07833333333333334 0.06060606060606061
3 0.14666666666666667 0.33181818181818185 0.29 0.08181818181818182
3 0.5658333333333333 0.31212121212121213 0.5616666666666666 0.09090909090909091
3 0.95 0.3015151515151515 0.07 0.0696969696969697
3 0.8691666666666666 0.296969696969697 0.051666666666666666 0.07272727272727272
