0 0.15828877005347594 0.2700573065902579 0.029946524064171122 0.0988538681948424
0 0.09679144385026738 0.7829512893982808 0.05454545454545454 0.1819484240687679
0 0.25133689839572193 0.7621776504297995 0.04919786096256684 0.166189111747851
0 0.3016042780748663 0.7263610315186246 0.04919786096256684 0.16332378223495703
0 0.2909090909090909 0.6926934097421203 0.044919786096256686 0.14756446991404013
0 0.31871657754010696 0.7027220630372493 0.038502673796791446 0.12750716332378223
0 0.3352941176470588 0.6969914040114613 0.039572192513368985 0.1303724928366762
0 0.3481283422459893 0.7163323782234957 0.039572192513368985 0.1318051575931232
0 0.3679144385026738 0.7041547277936963 0.0427807486631016 0.14183381088825214
0 0.3877005347593583 0.7256446991404012 0.05026737967914439 0.167621776504298
0 0.4037433155080214 0.7098853868194842 0.04171122994652406 0.13896848137535817
0 0.41818181818181815 0.7063037249283668 0.0427807486631016 0.14040114613180515
0 0.42620320855614974 0.6969914040114613 0.039572192513368985 0.1303724928366762
0 0.45294117647058824 0.6876790830945558 0.0374331550802139 0.12607449856733524
0 0.46844919786096256 0.6776504297994269 0.038502673796791446 0.12893982808022922
0 0.47967914438502673 0.6755014326647565 0.0374331550802139 0.12177650429799428
0 0.49518716577540106 0.670487106017192 0.034224598930481284 0.11174785100286533
0 0.5053475935828877 0.6626074498567335 0.033155080213903745 0.11318051575931232
0 0.5192513368983958 0.6504297994269341 0.03529411764705882 0.12034383954154727
0 0.5438502673796791 0.6489971346704871 0.033155080213903745 0.10888252148997135
0 0.5540106951871657 0.6454154727793696 0.03208556149732621 0.11031518624641834
0 0.5791443850267379 0.6325214899713467 0.033155080213903745 0.11031518624641834
0 0.6005347593582888 0.6361031518624641 0.033155080213903745 0.11174785100286533
0 0.618716577540107 0.6289398280802292 0.031016042780748664 0.10601719197707736
0 0.6368983957219251 0.6361031518624641 0.033155080213903745 0.11174785100286533
0 0.6572192513368984 0.6124641833810889 0.033155080213903745 0.11318051575931232
0 0.6711229946524064 0.6246418338108882 0.033155080213903745 0.10888252148997135
0 0.6951871657754011 0.6232091690544412 0.027807486631016044 0.09169054441260745
0 0.6828877005347593 0.6174785100286533 0.031016042780748664 0.10315186246418338
0 0.7090909090909091 0.6146131805157593 0.034224598930481284 0.11461318051575932
0 0.7224598930481283 0.6181948424068768 0.031016042780748664 0.1017191977077364
0 0.7401069518716578 0.6224928366762178 0.027807486631016044 0.09598853868194843
0 0.7299465240641712 0.6024355300859598 0.031016042780748664 0.1017191977077364
0 0.7614973262032085 0.6138968481375359 0.029946524064171122 0.0988538681948424
0 0.7502673796791444 0.6024355300859598 0.028877005347593583 0.0988538681948424
0 0.779144385026738 0.6095988538681948 0.028877005347593583 0.0988538681948424
0 0.7887700534759359 0.5967048710601719 0.033155080213903745 0.11318051575931232
0 0.825668449197861 0.6045845272206304 0.027807486631016044 0.09455587392550144
0 0.8299465240641711 0.5995702005730659 0.034224598930481284 0.11604584527220631
0 0.23048128342245988 0.27578796561604585 0.02459893048128342 0.08166189111747851
0 0.1877005347593583 0.27722063037249284 0.020320855614973262 0.0673352435530086
0 0.19732620320855615 0.27435530085959886 0.020320855614973262 0.0673352435530086
0 0.6572192513368984 0.30515759312320917 0.02459893048128342 0.08022922636103152
0 0.6919786096256685 0.3008595988538682 0.019251336898395723 0.06303724928366762
2 0.3754010695187166 0.6282234957020058 0.0748663101604278 0.050143266475644696
2 0.4893048128342246 0.5902578796561605 0.08021390374331551 0.034383954154727794
2 0.07754010695187166 0.25859598853868193 0.13368983957219252 0.11604584527220631
2 0.07807486631016043 0.3638968481375358 0.1497326203208556 0.1346704871060172
2 0.23368983957219253 0.3646131805157593 0.14866310160427806 0.12750716332378223
2 0.2197860962566845 0.20128939828080228 0.039572192513368985 0.055873925501432664
2 0.2989304812834225 0.20558739255014327 0.031016042780748664 0.044412607449856735
2 0.35454545454545455 0.1998567335243553 0.04385026737967915 0.06446991404011461
2 0.39893048128342246 0.248567335243553 0.25882352941176473 0.044412607449856735
2 0.4550802139037433 0.22492836676217765 0.045989304812834225 0.04011461318051576
2 0.33743315508021393 0.30945558739255014 0.1358288770053476 0.06303724928366762
2 0.43475935828877005 0.2843839541547278 0.08235294117647059 0.050143266475644696
2 0.5470588235294118 0.28724928366762176 0.13368983957219252 0.07306590257879657
2 0.4727272727272727 0.37249283667621774 0.3251336898395722 0.05730659025787966
2 0.5609625668449197 0.330945558739255 0.20641711229946524 0.06017191977077364
2 0.6705882352941176 0.3330945558739255 0.06417112299465241 0.07879656160458452
2 0.732620320855615 0.3646131805157593 0.029946524064171122 0.055873925501432664
2 0.732620320855615 0.419054441260745 0.08342245989304813 0.04154727793696275
2 0.7561497326203208 0.32521489971346706 0.1518716577540107 0.21203438395415472
2 0.8598930481283422 0.28796561604584525 0.2802139037433155 0.11461318051575932
2 0.913903743315508 0.252865329512894 0.11016042780748662 0.07879656160458452
2 0.9122994652406418 0.38037249283667623 0.17326203208556148 0.08452722063037249
