0 0.014150943396226415 0.746551724137931 0.02830188679245283 0.16896551724137931
0 0.038679245283018866 0.8017241379310345 0.03962264150943396 0.18275862068965518
0 0.06132075471698113 0.6758620689655173 0.02830188679245283 0.1310344827586207
0 0.08867924528301886 0.8982758620689655 0.03773584905660377 0.16896551724137931
0 0.11415094339622642 0.7948275862068965 0.03962264150943396 0.18275862068965518
0 0.16132075471698112 0.8689655172413793 0.04339622641509434 0.2
0 0.19339622641509435 0.903448275862069 0.03962264150943396 0.1793103448275862
0 0.2320754716981132 0.8775862068965518 0.04150943396226415 0.19655172413793104
0 0.2688679245283019 0.8637931034482759 0.03962264150943396 0.18275862068965518
0 0.30943396226415093 0.8706896551724138 0.045283018867924525 0.2103448275862069
0 0.3283018867924528 0.8413793103448276 0.03773584905660377 0.1724137931034483
0 0.43113207547169813 0.8793103448275862 0.04339622641509434 0.19310344827586207
0 0.3584905660377358 0.8655172413793103 0.04150943396226415 0.18620689655172415
0 0.6575471698113208 0.8 0.03962264150943396 0.18620689655172415
0 0.5547169811320755 0.8655172413793103 0.04150943396226415 0.18620689655172415
0 0.44622641509433963 0.7948275862068965 0.0509433962264151 0.23103448275862068
0 0.4839622641509434 0.7879310344827586 0.03962264150943396 0.17586206896551723
0 0.5971698113207548 0.8948275862068965 0.03207547169811321 0.15517241379310345
0 0.660377358490566 0.7948275862068965 0.03773584905660377 0.16896551724137931
0 0.6452830188679245 0.6724137931034483 0.03018867924528302 0.13793103448275862
0 0.7528301886792453 0.6862068965517242 0.03018867924528302 0.14482758620689656
0 0.6952830188679245 0.6051724137931035 0.035849056603773584 0.16896551724137931
0 0.7292452830188679 0.5982758620689655 0.02830188679245283 0.12758620689655173
0 0.8150943396226416 0.6068965517241379 0.018867924528301886 0.09655172413793103
0 0.8367924528301887 0.65 0.024528301886792454 0.1206896551724138
0 0.8915094339622641 0.6672413793103448 0.02830188679245283 0.13448275862068965
0 0.9386792452830188 0.7965517241379311 0.04339622641509434 0.19310344827586207
0 0.969811320754717 0.7672413793103449 0.033962264150943396 0.15517241379310345
0 0.9566037735849057 0.5741379310344827 0.022641509433962263 0.11379310344827587
2 0.22830188679245284 0.3896551724137931 0.2792452830188679 0.1103448275862069
2 0.7886792452830189 0.27241379310344827 0.38113207547169814 0.23448275862068965
2 0.5 0.38448275862068965 0.16226415094339622 0.16206896551724137
2 0.03490566037735849 0.6603448275862069 0.04716981132075472 0.1482758620689655
2 0.2839622641509434 0.6879310344827586 0.3867924528301887 0.18275862068965518
2 0.5386792452830189 0.5568965517241379 0.439622641509434 0.15517241379310345
2 0.719811320754717 0.4896551724137931 0.3 0.21379310344827587
2 0.969811320754717 0.43275862068965515 0.03773584905660377 0.1482758620689655
2 0.8207547169811321 0.7258620689655172 0.045283018867924525 0.11379310344827587
2 0.5084905660377359 0.746551724137931 0.09622641509433963 0.16896551724137931
