0 0.10072463768115943 0.4326086956521739 0.08260869565217391 0.30869565217391304
0 0.13695652173913042 0.44565217391304346 0.07681159420289856 0.2826086956521739
0 0.19492753623188405 0.4423913043478261 0.07101449275362319 0.2673913043478261
0 0.24855072463768116 0.425 0.059420289855072465 0.22391304347826088
0 0.2971014492753623 0.44565217391304346 0.06956521739130435 0.2565217391304348
0 0.26811594202898553 0.4782608695652174 0.05507246376811594 0.20869565217391303
0 0.322463768115942 0.45217391304347826 0.05652173913043478 0.20869565217391303
0 0.4115942028985507 0.44456521739130433 0.043478260869565216 0.16304347826086957
0 0.4789855072463768 0.4597826086956522 0.07391304347826087 0.2717391304347826
0 0.5094202898550725 0.4771739130434783 0.06231884057971015 0.2326086956521739
0 0.5398550724637681 0.46956521739130436 0.06521739130434782 0.24347826086956523
0 0.6108695652173913 0.4771739130434783 0.06521739130434782 0.23695652173913043
0 0.6557971014492754 0.4880434782608696 0.05652173913043478 0.2108695652173913
0 0.7072463768115942 0.5010869565217392 0.057971014492753624 0.21521739130434783
0 0.7710144927536232 0.4891304347826087 0.057971014492753624 0.21304347826086956
0 0.946376811594203 0.5293478260869565 0.05507246376811594 0.20652173913043478
2 0.8246376811594203 0.46956521739130436 0.028985507246376812 0.07391304347826087
2 0.8579710144927536 0.4706521739130435 0.03768115942028986 0.05
2 0.9036231884057971 0.4706521739130435 0.03333333333333333 0.06739130434782609
2 0.986231884057971 0.4891304347826087 0.021739130434782608 0.06086956521739131
2 0.7434782608695653 0.46847826086956523 0.04927536231884058 0.058695652173913045
2 0.5681159420289855 0.44021739130434784 0.028985507246376812 0.06304347826086956
2 0.3652173913043478 0.4043478260869565 0.057971014492753624 0.06956521739130435
2 0.015217391304347827 0.3967391304347826 0.02753623188405797 0.09782608695652174
