0 0.11296296296296296 0.7089136490250696 0.11851851851851852 0.4428969359331476
0 0.18518518518518517 0.596100278551532 0.10740740740740741 0.4011142061281337
0 0.21944444444444444 0.66991643454039 0.12777777777777777 0.4763231197771588
0 0.275 0.5933147632311978 0.10925925925925926 0.4011142061281337
0 0.3055555555555556 0.6838440111420613 0.12222222222222222 0.45403899721448465
0 0.33425925925925926 0.5947075208913649 0.09444444444444444 0.35376044568245124
0 0.39537037037037037 0.6740947075208914 0.11666666666666667 0.43454038997214484
0 0.42777777777777776 0.5863509749303621 0.1037037037037037 0.3871866295264624
0 0.49166666666666664 0.6991643454038997 0.11666666666666667 0.43454038997214484
0 0.5166666666666667 0.5933147632311978 0.1037037037037037 0.38440111420612816
0 0.5638888888888889 0.6963788300835655 0.11296296296296296 0.4233983286908078
0 0.5833333333333334 0.6100278551532033 0.1 0.36768802228412256
0 0.6296296296296297 0.6838440111420613 0.11481481481481481 0.42618384401114207
0 0.6722222222222223 0.6114206128133705 0.1 0.37047353760445684
0 0.7175925925925926 0.6810584958217271 0.11666666666666667 0.4373259052924791
0 0.7472222222222222 0.6058495821727019 0.10185185185185185 0.37604456824512533
0 0.7907407407407407 0.6935933147632312 0.11481481481481481 0.42896935933147634
0 0.8185185185185185 0.596100278551532 0.1037037037037037 0.38440111420612816
0 0.8787037037037037 0.7019498607242339 0.10555555555555556 0.3955431754874652
2 0.22314814814814815 0.3871866295264624 0.053703703703703705 0.07799442896935933
2 0.3 0.37604456824512533 0.040740740740740744 0.0947075208913649
2 0.3824074074074074 0.38579387186629527 0.053703703703703705 0.06963788300835655
2 0.4648148148148148 0.403899721448468 0.04814814814814815 0.10584958217270195
2 0.5324074074074074 0.37047353760445684 0.046296296296296294 0.07242339832869081
2 0.6046296296296296 0.36629526462395545 0.053703703703703705 0.08635097493036212
2 0.674074074074074 0.3649025069637883 0.044444444444444446 0.10584958217270195
2 0.7351851851851852 0.3732590529247911 0.04814814814814815 0.08913649025069638
2 0.8074074074074075 0.4011142061281337 0.044444444444444446 0.116991643454039
