0 0.07636363636363637 0.5550161812297735 0.08 0.3592233009708738
0 0.19090909090909092 0.5679611650485437 0.09454545454545454 0.4174757281553398
0 0.2636363636363636 0.4919093851132686 0.05454545454545454 0.2459546925566343
0 0.22272727272727272 0.5339805825242718 0.06727272727272728 0.3042071197411003
0 0.29545454545454547 0.4919093851132686 0.056363636363636366 0.2524271844660194
0 0.32545454545454544 0.5550161812297735 0.07272727272727272 0.32038834951456313
0 0.3518181818181818 0.48381877022653724 0.04909090909090909 0.22330097087378642
0 0.39545454545454545 0.6003236245954693 0.11090909090909092 0.4886731391585761
0 0.4627272727272727 0.5161812297734628 0.06363636363636363 0.2750809061488673
0 0.4990909090909091 0.5663430420711975 0.08545454545454545 0.3818770226537217
0 0.5627272727272727 0.5307443365695793 0.07818181818181819 0.3365695792880259
0 0.610909090909091 0.6343042071197411 0.12 0.5307443365695793
0 0.6954545454545454 0.5841423948220065 0.0890909090909091 0.39158576051779936
0 0.7118181818181818 0.5533980582524272 0.07818181818181819 0.3365695792880259
0 0.7445454545454545 0.5307443365695793 0.06363636363636363 0.284789644012945
0 0.8563636363636363 0.6682847896440129 0.13090909090909092 0.5663430420711975
0 0.9072727272727272 0.5533980582524272 0.07636363636363637 0.3365695792880259
2 0.13545454545454547 0.43851132686084143 0.038181818181818185 0.14563106796116504
2 0.5 0.3883495145631068 0.02909090909090909 0.07119741100323625
2 0.5572727272727273 0.37216828478964403 0.034545454545454546 0.06472491909385113
2 0.6190909090909091 0.4029126213592233 0.04181818181818182 0.08737864077669903
2 0.6745454545454546 0.37702265372168287 0.03272727272727273 0.06796116504854369
2 0.7554545454545455 0.38673139158576053 0.038181818181818185 0.061488673139158574
