0 0.03777777777777778 0.5135593220338983 0.07111111111111111 0.2745762711864407
0 0.20555555555555555 0.5779661016949152 0.2111111111111111 0.7966101694915254
0 0.3088888888888889 0.4728813559322034 0.08 0.3016949152542373
0 0.3466666666666667 0.49491525423728816 0.08888888888888889 0.3389830508474576
0 0.41888888888888887 0.5949152542372881 0.15777777777777777 0.5864406779661017
0 0.48777777777777775 0.5 0.11333333333333333 0.423728813559322
0 0.5533333333333333 0.48983050847457626 0.10222222222222223 0.3898305084745763
0 0.6355555555555555 0.5372881355932203 0.1511111111111111 0.559322033898305
0 0.7222222222222222 0.4847457627118644 0.08 0.2983050847457627
0 0.79 0.5254237288135594 0.14888888888888888 0.5559322033898305
0 0.8566666666666667 0.5288135593220339 0.1 0.37966101694915255
0 0.8966666666666666 0.4067796610169492 0.03333333333333333 0.1288135593220339
0 0.9233333333333333 0.39661016949152544 0.042222222222222223 0.15593220338983052
0 0.9511111111111111 0.4101694915254237 0.03111111111111111 0.1288135593220339
0 0.9611111111111111 0.4440677966101695 0.042222222222222223 0.16271186440677965
2 0.12333333333333334 0.576271186440678 0.1 0.5830508474576271
2 0.10222222222222223 0.5457627118644067 0.06666666666666667 0.49491525423728816
2 0.07444444444444444 0.511864406779661 0.06444444444444444 0.37966101694915255
2 0.28555555555555556 0.4406779661016949 0.042222222222222223 0.23728813559322035
2 0.3888888888888889 0.3813559322033898 0.03111111111111111 0.0711864406779661
2 0.4488888888888889 0.35084745762711866 0.02666666666666667 0.0576271186440678
2 0.6044444444444445 0.35423728813559324 0.057777777777777775 0.09830508474576272
2 0.9055555555555556 0.3593220338983051 0.024444444444444446 0.05423728813559322
2 0.9833333333333333 0.40847457627118644 0.024444444444444446 0.12542372881355932
2 0.9833333333333333 0.43728813559322033 0.024444444444444446 0.16271186440677965
