0 0.161875 0.5610902255639098 0.09125 0.34022556390977443
0 0.255 0.46710526315789475 0.045 0.17105263157894737
0 0.335 0.4718045112781955 0.04 0.14661654135338345
0 0.4175 0.5140977443609023 0.0675 0.25375939849624063
0 0.53 0.46522556390977443 0.035 0.12969924812030076
0 0.54375 0.4567669172932331 0.0375 0.13909774436090225
0 0.6 0.5056390977443609 0.0625 0.22932330827067668
0 0.663125 0.48026315789473684 0.05375 0.19736842105263158
0 0.703125 0.462406015037594 0.04125 0.15037593984962405
0 0.733125 0.4642857142857143 0.04125 0.15413533834586465
0 0.770625 0.4906015037593985 0.05375 0.19548872180451127
0 0.816875 0.45394736842105265 0.04625 0.17481203007518797
0 0.87875 0.4605263157894737 0.0425 0.15789473684210525
0 0.889375 0.462406015037594 0.04625 0.16917293233082706
0 0.92 0.48966165413533835 0.085 0.3101503759398496
0 0.9425 0.4699248120300752 0.045 0.16917293233082706
0 0.97875 0.45958646616541354 0.0425 0.19736842105263158
0 0.85875 0.45864661654135336 0.0375 0.14285714285714285
2 0.361875 0.49906015037593987 0.05625 0.10714285714285714
2 0.49875 0.4144736842105263 0.0375 0.05451127819548872
2 0.58 0.4906015037593985 0.0375 0.07142857142857142
2 0.66 0.45112781954887216 0.04 0.13533834586466165
2 0.618125 0.4699248120300752 0.04375 0.17669172932330826
