0 0.012727272727272728 0.5631067961165048 0.025454545454545455 0.12297734627831715
0 0.04818181818181818 0.40938511326860844 0.02 0.08737864077669903
0 0.034545454545454546 0.48220064724919093 0.01818181818181818 0.09061488673139159
0 0.057272727272727274 0.5598705501618123 0.034545454545454546 0.1488673139158576
0 0.05818181818181818 0.7184466019417476 0.03272727272727273 0.1488673139158576
0 0.10909090909090909 0.5598705501618123 0.03272727272727273 0.1423948220064725
0 0.07090909090909091 0.5016181229773463 0.01818181818181818 0.09061488673139159
0 0.05818181818181818 0.46763754045307443 0.01818181818181818 0.08090614886731391
0 0.08636363636363636 0.45145631067961167 0.016363636363636365 0.06796116504854369
0 0.10454545454545454 0.4546925566343042 0.016363636363636365 0.0744336569579288
0 0.09818181818181818 0.40614886731391586 0.01818181818181818 0.08090614886731391
0 0.14454545454545453 0.255663430420712 0.00909090909090909 0.038834951456310676
0 0.1318181818181818 0.4045307443365696 0.016363636363636365 0.07766990291262135
0 0.14727272727272728 0.45145631067961167 0.014545454545454545 0.06796116504854369
0 0.13727272727272727 0.5242718446601942 0.016363636363636365 0.07766990291262135
0 0.15818181818181817 0.5533980582524272 0.02909090909090909 0.12944983818770225
0 0.16363636363636364 0.4029126213592233 0.01818181818181818 0.08737864077669903
0 0.19363636363636363 0.4045307443365696 0.02 0.09061488673139159
0 0.21 0.4449838187702265 0.016363636363636365 0.0744336569579288
0 0.17454545454545456 0.511326860841424 0.02181818181818182 0.0970873786407767
0 0.17727272727272728 0.45307443365695793 0.016363636363636365 0.07766990291262135
0 0.22454545454545455 0.5566343042071198 0.03090909090909091 0.13592233009708737
0 0.23727272727272727 0.5226537216828478 0.016363636363636365 0.0744336569579288
0 0.24181818181818182 0.4045307443365696 0.01818181818181818 0.09061488673139159
0 0.23272727272727273 0.45307443365695793 0.014545454545454545 0.07119741100323625
0 0.24909090909090909 0.5226537216828478 0.01818181818181818 0.08737864077669903
0 0.2736363636363636 0.5080906148867314 0.016363636363636365 0.07766990291262135
0 0.28545454545454546 0.45145631067961167 0.014545454545454545 0.0744336569579288
0 0.28 0.41262135922330095 0.02181818181818182 0.09385113268608414
0 0.26272727272727275 0.45145631067961167 0.012727272727272728 0.061488673139158574
0 0.25636363636363635 0.441747572815534 0.014545454545454545 0.061488673139158574
0 0.31727272727272726 0.41262135922330095 0.02 0.08737864077669903
0 0.2990909090909091 0.4627831715210356 0.016363636363636365 0.07766990291262135
0 0.32545454545454544 0.46601941747572817 0.014545454545454545 0.06472491909385113
0 0.3427272727272727 0.41585760517799353 0.02 0.08737864077669903
0 0.34363636363636363 0.5372168284789643 0.025454545454545455 0.12297734627831715
0 0.3845454545454545 0.5097087378640777 0.02727272727272727 0.1262135922330097
0 0.37363636363636366 0.42718446601941745 0.02 0.09061488673139159
0 0.39090909090909093 0.4320388349514563 0.02181818181818182 0.09385113268608414
0 0.39181818181818184 0.3818770226537217 0.016363636363636365 0.07766990291262135
0 0.40636363636363637 0.4401294498381877 0.023636363636363636 0.10355987055016182
0 0.41454545454545455 0.5080906148867314 0.02909090909090909 0.13592233009708737
0 0.4027272727272727 0.6019417475728155 0.02 0.0970873786407767
0 0.43272727272727274 0.5776699029126213 0.03272727272727273 0.14563106796116504
0 0.42363636363636364 0.5598705501618123 0.02181818181818182 0.10355987055016182
0 0.44363636363636366 0.459546925566343 0.01818181818181818 0.09061488673139159
0 0.49818181818181817 0.48220064724919093 0.02181818181818182 0.0970873786407767
0 0.5109090909090909 0.43527508090614886 0.02181818181818182 0.09385113268608414
0 0.5390909090909091 0.42718446601941745 0.02 0.09061488673139159
0 0.5172727272727272 0.5048543689320388 0.02727272727272727 0.12944983818770225
0 0.5390909090909091 0.5097087378640777 0.02727272727272727 0.1262135922330097
0 0.5772727272727273 0.4077669902912621 0.02 0.09061488673139159
0 0.5736363636363636 0.5453074433656958 0.023636363636363636 0.11326860841423948
0 0.6190909090909091 0.5453074433656958 0.03090909090909091 0.13915857605177995
0 0.6209090909090909 0.4045307443365696 0.02 0.09061488673139159
0 0.6763636363636364 0.3948220064724919 0.01818181818181818 0.09061488673139159
0 0.639090909090909 0.48381877022653724 0.02 0.08737864077669903
0 0.6336363636363637 0.47572815533980584 0.02 0.0970873786407767
0 0.6590909090909091 0.5161812297734628 0.023636363636363636 0.10032362459546926
0 0.6709090909090909 0.4967637540453074 0.02181818181818182 0.09385113268608414
0 0.6845454545454546 0.56957928802589 0.034545454545454546 0.1553398058252427
0 0.7036363636363636 0.5258899676375405 0.02181818181818182 0.10032362459546926
0 0.6963636363636364 0.4563106796116505 0.01818181818181818 0.09061488673139159
0 0.7272727272727273 0.39805825242718446 0.02181818181818182 0.0970873786407767
0 0.7190909090909091 0.5339805825242718 0.02 0.09061488673139159
0 0.7481818181818182 0.56957928802589 0.034545454545454546 0.16181229773462782
0 0.7572727272727273 0.459546925566343 0.016363636363636365 0.07766990291262135
0 0.7736363636363637 0.540453074433657 0.023636363636363636 0.10355987055016182
0 0.7881818181818182 0.45145631067961167 0.016363636363636365 0.0744336569579288
0 0.7872727272727272 0.3964401294498382 0.02181818181818182 0.09385113268608414
0 0.8081818181818182 0.3705501618122977 0.02 0.09385113268608414
0 0.8063636363636364 0.45145631067961167 0.012727272727272728 0.061488673139158574
0 0.8136363636363636 0.540453074433657 0.02 0.09061488673139159
0 0.8363636363636363 0.5728155339805825 0.03272727272727273 0.1488673139158576
0 0.8345454545454546 0.45307443365695793 0.014545454545454545 0.06472491909385113
0 0.8454545454545455 0.3948220064724919 0.01818181818181818 0.07766990291262135
0 0.8518181818181818 0.45307443365695793 0.016363636363636365 0.07119741100323625
0 0.8763636363636363 0.4627831715210356 0.01818181818181818 0.08414239482200647
0 0.889090909090909 0.4692556634304207 0.01818181818181818 0.08414239482200647
0 0.8790909090909091 0.5307443365695793 0.02 0.09061488673139159
0 0.8972727272727272 0.517799352750809 0.02 0.09061488673139159
0 0.9054545454545454 0.42071197411003236 0.02181818181818182 0.0970873786407767
0 0.9136363636363637 0.5679611650485437 0.03090909090909091 0.13268608414239483
0 0.9654545454545455 0.5566343042071198 0.02909090909090909 0.13592233009708737
0 0.9718181818181818 0.45145631067961167 0.023636363636363636 0.11326860841423948
0 0.9236363636363636 0.5016181229773463 0.01818181818181818 0.09061488673139159
0 0.9381818181818182 0.4935275080906149 0.01818181818181818 0.08090614886731391
0 0.9381818181818182 0.42394822006472493 0.01818181818181818 0.09061488673139159
0 0.24818181818181817 0.19579288025889968 0.005454545454545455 0.02912621359223301
0 0.3572727272727273 0.18932038834951456 0.005454545454545455 0.02912621359223301
0 0.3718181818181818 0.1925566343042071 0.005454545454545455 0.022653721682847898
2 0.07454545454545454 0.4401294498381877 0.014545454545454545 0.045307443365695796
2 0.13090909090909092 0.43527508090614886 0.014545454545454545 0.03559870550161812
2 0.14363636363636365 0.4854368932038835 0.014545454545454545 0.038834951456310676
2 0.30363636363636365 0.46601941747572817 0.01818181818181818 0.032362459546925564
2 0.43 0.40938511326860844 0.016363636363636365 0.042071197411003236
2 0.49818181818181817 0.4174757281553398 0.03272727272727273 0.045307443365695796
2 0.66 0.441747572815534 0.02181818181818182 0.05501618122977346
2 0.9163636363636364 0.4482200647249191 0.014545454545454545 0.042071197411003236
2 0.9127272727272727 0.48058252427184467 0.014545454545454545 0.05501618122977346
2 0.6218181818181818 0.44983818770226536 0.014545454545454545 0.05177993527508091
