0 0.09166666666666666 0.8922222222222222 0.02666666666666667 0.09111111111111111
0 0.35333333333333333 0.9266666666666666 0.03333333333333333 0.10666666666666667
0 0.38333333333333336 0.9277777777777778 0.02666666666666667 0.09111111111111111
0 0.44166666666666665 0.8988888888888888 0.023333333333333334 0.07777777777777778
0 0.49166666666666664 0.9111111111111111 0.02666666666666667 0.09333333333333334
0 0.5558333333333333 0.9155555555555556 0.03166666666666667 0.10666666666666667
0 0.5733333333333334 0.9166666666666666 0.03 0.09555555555555556
0 0.8041666666666667 0.9111111111111111 0.028333333333333332 0.09777777777777778
0 0.7666666666666667 0.9077777777777778 0.03 0.1
0 0.7566666666666667 0.93 0.02 0.06888888888888889
0 0.3525 0.7566666666666667 0.015 0.051111111111111114
0 0.39 0.7522222222222222 0.013333333333333334 0.051111111111111114
0 0.41583333333333333 0.7611111111111111 0.015 0.051111111111111114
0 0.44166666666666665 0.7533333333333333 0.013333333333333334 0.04888888888888889
0 0.49833333333333335 0.75 0.013333333333333334 0.051111111111111114
0 0.5241666666666667 0.7388888888888889 0.018333333333333333 0.06
0 0.5758333333333333 0.7511111111111111 0.018333333333333333 0.06222222222222222
0 0.64 0.75 0.006666666666666667 0.028888888888888888
0 0.6516666666666666 0.7377777777777778 0.013333333333333334 0.044444444444444446
0 0.6008333333333333 0.8466666666666667 0.018333333333333333 0.06666666666666667
0 0.61 0.8455555555555555 0.016666666666666666 0.06
0 0.6466666666666666 0.8344444444444444 0.02 0.06444444444444444
0 0.7925 0.8066666666666666 0.008333333333333333 0.035555555555555556
0 0.8258333333333333 0.7888888888888889 0.018333333333333333 0.057777777777777775
0 0.8933333333333333 0.8044444444444444 0.013333333333333334 0.04888888888888889
0 0.8108333333333333 0.7388888888888889 0.018333333333333333 0.06
0 0.45916666666666667 0.9133333333333333 0.025 0.08888888888888889
2 0.37416666666666665 0.7633333333333333 0.018333333333333333 0.028888888888888888
2 0.5941666666666666 0.75 0.015 0.028888888888888888
2 0.6091666666666666 0.7388888888888889 0.011666666666666667 0.03333333333333333
2 0.6208333333333333 0.7355555555555555 0.011666666666666667 0.04
2 0.7633333333333333 0.7377777777777778 0.013333333333333334 0.035555555555555556
2 0.7916666666666666 0.7422222222222222 0.023333333333333334 0.02666666666666667
2 0.9783333333333334 0.9677777777777777 0.03333333333333333 0.06
2 0.45916666666666667 0.8677777777777778 0.028333333333333332 0.024444444444444446
