0 0.02753623188405797 0.6479690522243714 0.05507246376811594 0.26305609284332687
0 0.0746376811594203 0.5715667311411993 0.03333333333333333 0.1102514506769826
0 0.10434782608695652 0.6508704061895552 0.0927536231884058 0.3036750483558994
0 0.12753623188405797 0.5841392649903289 0.0463768115942029 0.15473887814313347
0 0.18043478260869567 0.5967117988394585 0.050724637681159424 0.1644100580270793
0 0.2644927536231884 0.6924564796905223 0.1289855072463768 0.42166344294003866
0 0.2942028985507246 0.5918762088974855 0.06086956521739131 0.2011605415860735
0 0.391304347826087 0.5996131528046421 0.07246376811594203 0.23597678916827852
0 0.42028985507246375 0.5415860735009671 0.034782608695652174 0.11218568665377177
0 0.47681159420289854 0.5696324951644101 0.05217391304347826 0.1760154738878143
0 0.49927536231884057 0.5415860735009671 0.036231884057971016 0.12379110251450677
0 0.5492753623188406 0.7156673114119922 0.1681159420289855 0.5493230174081238
0 0.6115942028985507 0.6015473887814313 0.08695652173913043 0.2901353965183752
0 0.6898550724637681 0.5222437137330754 0.03768115942028986 0.12379110251450677
0 0.7050724637681159 0.5377176015473888 0.0536231884057971 0.17794970986460348
0 0.768840579710145 0.5609284332688588 0.06521739130434782 0.21663442940038685
0 0.8072463768115942 0.5154738878143134 0.043478260869565216 0.14119922630560927
0 0.8557971014492753 0.5338491295938105 0.0536231884057971 0.17794970986460348
0 0.8978260869565218 0.6266924564796905 0.12028985507246377 0.3945841392649903
0 0.9442028985507246 0.5193423597678917 0.04782608695652174 0.15667311411992263
0 0.9753623188405797 0.5725338491295938 0.04927536231884058 0.2940038684719536
0 0.45 0.5183752417794971 0.01884057971014493 0.061895551257253385
0 0.736231884057971 0.4632495164410058 0.011594202898550725 0.04448742746615087
2 0.33043478260869563 0.5493230174081238 0.03768115942028986 0.04642166344294004
2 0.45652173913043476 0.488394584139265 0.017391304347826087 0.0367504835589942
2 0.7507246376811594 0.44294003868471954 0.028985507246376812 0.0425531914893617
2 0.7746376811594203 0.43907156673114117 0.01884057971014493 0.05029013539651837
2 0.9586956521739131 0.45938104448742745 0.02753623188405797 0.04448742746615087
