0 0.01875 0.5095434131736527 0.0305 0.11190119760479042
0 0.03375 0.5110404191616766 0.0435 0.1590568862275449
0 0.05925 0.499438622754491 0.0405 0.14782934131736528
0 0.072 0.4653817365269461 0.0185 0.06848802395209581
0 0.143125 0.5381736526946108 0.06175 0.22679640718562874
0 0.159625 0.5258233532934131 0.05325 0.19535928143712575
0 0.209375 0.6031062874251497 0.11525 0.4217814371257485
0 0.273625 0.5245134730538922 0.06125 0.22417664670658682
0 0.28975 0.5578218562874252 0.064 0.2346556886227545
0 0.3285 0.5415419161676647 0.046 0.16766467065868262
0 0.23525 0.4505988023952096 0.011 0.04116766467065868
0 0.325 0.5237649700598802 0.051 0.18600299401197604
0 0.412125 0.4781062874251497 0.02575 0.09468562874251497
0 0.4345 0.46875 0.0235 0.08570359281437126
0 0.42625 0.45827095808383234 0.0175 0.06399700598802395
0 0.421125 0.4476047904191617 0.00975 0.036676646706586824
0 0.4405 0.4562125748502994 0.016 0.058383233532934134
0 0.4505 0.4631362275449102 0.016 0.05950598802395209
0 0.4605 0.47342814371257486 0.03 0.11002994011976049
0 0.4895 0.531624251497006 0.076 0.2780688622754491
0 0.50775 0.5063622754491018 0.0495 0.18038922155688622
0 0.5255 0.5132859281437125 0.051 0.18675149700598803
0 0.55125 0.5123502994011976 0.054 0.19835329341317365
0 0.56625 0.5179640718562875 0.0555 0.20359281437125748
0 0.5765 0.5181511976047904 0.0565 0.20770958083832336
0 0.606625 0.5284431137724551 0.06325 0.23203592814371257
0 0.64025 0.5241392215568862 0.074 0.2698353293413174
0 0.665375 0.5366766467065869 0.07525 0.2754491017964072
0 0.682125 0.5402320359281437 0.08375 0.30576347305389223
0 0.717 0.562687125748503 0.088 0.32148203592814373
0 0.735125 0.562125748502994 0.09925 0.36227544910179643
0 0.76925 0.5742889221556886 0.108 0.3940868263473054
0 0.82525 0.5845808383233533 0.1245 0.4550898203592814
0 0.878125 0.6120883233532934 0.12875 0.47043413173652693
0 0.925 0.6614895209580839 0.1485 0.5422904191616766
0 0.357875 0.5035553892215568 0.04875 0.1777694610778443
0 0.39 0.5089820359281437 0.0605 0.22080838323353294
2 0.042 0.47941616766467066 0.018 0.0845808383233533
2 0.10225 0.437312874251497 0.0135 0.0437874251497006
2 0.2495 0.4431137724550898 0.006 0.021706586826347306
2 0.255375 0.4399326347305389 0.00725 0.017589820359281437
2 0.179875 0.5475299401197605 0.02775 0.24850299401197604
2 0.2275 0.4476047904191617 0.0105 0.03592814371257485
2 0.241875 0.4414296407185629 0.00725 0.023577844311377244
2 0.297625 0.4650074850299401 0.03925 0.09393712574850299
2 0.310375 0.45602544910179643 0.01675 0.035553892215568865
2 0.306375 0.43226047904191617 0.02475 0.04715568862275449
2 0.332125 0.43469311377245506 0.00475 0.008607784431137725
2 0.33675 0.4468562874251497 0.0095 0.019461077844311378
2 0.34425 0.4433008982035928 0.013 0.048278443113772454
2 0.365625 0.4339446107784431 0.00825 0.029565868263473054
2 0.374 0.43469311377245506 0.0075 0.011601796407185628
2 0.40325 0.43001497005988026 0.011 0.020209580838323353
2 0.408875 0.4318862275449102 0.00575 0.009730538922155689
2 0.4185 0.43656437125748504 0.005 0.0093562874251497
2 0.424125 0.4333832335329341 0.00525 0.004491017964071856
2 0.4325 0.42907934131736525 0.0095 0.017589820359281437
2 0.44525 0.4341317365269461 0.0035 0.008982035928143712
2 0.45625 0.43300898203592814 0.0045 0.01122754491017964
2 0.95925 0.6740269461077845 0.079 0.6474550898203593
2 0.78875 0.4781062874251497 0.045 0.2256736526946108
2 0.59525 0.4316991017964072 0.024 0.053517964071856286
2 0.558875 0.4273952095808383 0.01625 0.04341317365269461
