0 0.131 0.5733333333333334 0.074 0.25066666666666665
0 0.233 0.5706666666666667 0.086 0.2773333333333333
0 0.356 0.5786666666666667 0.08 0.26666666666666666
0 0.433 0.5773333333333334 0.078 0.25866666666666666
0 0.515 0.5813333333333334 0.078 0.256
0 0.589 0.576 0.078 0.256
0 0.673 0.5786666666666667 0.074 0.25066666666666665
0 0.728 0.58 0.072 0.24266666666666667
0 0.789 0.58 0.07 0.232
0 0.865 0.576 0.074 0.25066666666666665
3 0.295 0.324 0.078 0.168
3 0.308 0.3333333333333333 0.052 0.096
3 0.364 0.32 0.06 0.12266666666666666
3 0.423 0.316 0.042 0.17866666666666667
3 0.473 0.308 0.054 0.21066666666666667
3 0.531 0.3426666666666667 0.05 0.168
3 0.584 0.3453333333333333 0.052 0.16266666666666665
3 0.23 0.8746666666666667 0.084 0.24533333333333332
3 0.34 0.86 0.072 0.25333333333333335
3 0.498 0.8533333333333334 0.06 0.2773333333333333
3 0.861 0.8706666666666667 0.07 0.24266666666666667
