0 0.92875 0.752895752895753 0.0625 0.2471042471042471
0 0.8925 0.6988416988416989 0.04 0.16216216216216217
0 0.865 0.8011583011583011 0.075 0.28957528957528955
0 0.7825 0.7606177606177607 0.06 0.23938223938223938
0 0.76 0.667953667953668 0.03 0.12355212355212356
0 0.72875 0.7142857142857143 0.0475 0.18532818532818532
0 0.0775 0.7953667953667953 0.08 0.30115830115830117
0 0.10375 0.7027027027027027 0.0375 0.14671814671814673
0 0.1375 0.6583011583011583 0.03 0.11196911196911197
0 0.15625 0.750965250965251 0.0625 0.23552123552123552
0 0.2075 0.7104247104247104 0.05 0.18532818532818532
0 0.2475 0.7084942084942085 0.04 0.1583011583011583
0 0.22875 0.6486486486486487 0.0325 0.12355212355212356
0 0.26125 0.7953667953667953 0.0775 0.30115830115830117
0 0.3125 0.7567567567567568 0.06 0.22393822393822393
0 0.34625 0.7200772200772201 0.0475 0.18146718146718147
0 0.29125 0.6216216216216216 0.0175 0.07722007722007722
0 0.28125 0.6332046332046332 0.0175 0.07722007722007722
0 0.26625 0.6196911196911197 0.0175 0.06563706563706563
0 0.32 0.6138996138996139 0.015 0.05405405405405406
0 0.3325 0.6235521235521235 0.015 0.06563706563706563
0 0.35375 0.6177606177606177 0.0175 0.0694980694980695
0 0.37 0.694980694980695 0.04 0.15444015444015444
0 0.38625 0.6872586872586872 0.0375 0.15444015444015444
0 0.40625 0.6621621621621622 0.0275 0.11196911196911197
0 0.42625 0.6447876447876448 0.0275 0.10038610038610038
0 0.46 0.7895752895752896 0.075 0.2972972972972973
0 0.50875 0.640926640926641 0.0275 0.10810810810810811
0 0.4825 0.6544401544401545 0.03 0.11969111969111969
0 0.65375 0.7857142857142857 0.0725 0.27413127413127414
0 0.645 0.7393822393822393 0.06 0.2277992277992278
0 0.61375 0.7200772200772201 0.0525 0.1969111969111969
0 0.5925 0.6795366795366795 0.035 0.14671814671814673
0 0.5425 0.6003861003861004 0.01 0.05019305019305019
0 0.53125 0.6003861003861004 0.0075 0.03474903474903475
0 0.5225 0.6023166023166023 0.005 0.03088803088803089
0 0.565 0.6023166023166023 0.01 0.03861003861003861
0 0.57375 0.6023166023166023 0.0125 0.04633204633204633
0 0.6225 0.6081081081081081 0.015 0.05791505791505792
0 0.66 0.6061776061776062 0.015 0.06177606177606178
0 0.6725 0.611969111969112 0.015 0.05791505791505792
0 0.68875 0.666023166023166 0.0275 0.11196911196911197
0 0.7125 0.6138996138996139 0.015 0.06177606177606178
0 0.965 0.6640926640926641 0.035 0.138996138996139
0 0.94875 0.6583011583011583 0.0325 0.13513513513513514
0 0.4975 0.833976833976834 0.08 0.3088803088803089
0 0.615 0.5907335907335908 0.005 0.03088803088803089
0 0.7425 0.6023166023166023 0.01 0.03861003861003861
2 0.94125 0.6640926640926641 0.0325 0.13127413127413126
2 0.87125 0.6698841698841699 0.0375 0.14285714285714285
2 0.87625 0.61003861003861 0.0175 0.03861003861003861
2 0.7675 0.611969111969112 0.025 0.06563706563706563
2 0.695 0.5945945945945946 0.015 0.03088803088803089
2 0.465 0.611969111969112 0.015 0.05019305019305019
2 0.3675 0.5984555984555985 0.01 0.03088803088803089
2 0.3825 0.5965250965250966 0.015 0.02702702702702703
2 0.2375 0.6023166023166023 0.015 0.05405405405405406
2 0.18875 0.5926640926640927 0.0175 0.04247104247104247
2 0.18125 0.5984555984555985 0.0125 0.023166023166023165
2 0.15 0.6023166023166023 0.03 0.04633204633204633
2 0.07125 0.6332046332046332 0.0275 0.05405405405405406
2 0.05125 0.6737451737451737 0.0275 0.05791505791505792
2 0.015 0.6737451737451737 0.03 0.13513513513513514
2 0.425 0.6003861003861004 0.02 0.05019305019305019
2 0.715 0.584942084942085 0.01 0.02702702702702703
