0 0.08416666666666667 0.5025062656641605 0.051666666666666666 0.19298245614035087
0 0.13833333333333334 0.47619047619047616 0.04 0.15538847117794485
0 0.15416666666666667 0.44862155388471175 0.025 0.09022556390977443
0 0.165 0.44862155388471175 0.02 0.07518796992481203
0 0.17416666666666666 0.45112781954887216 0.018333333333333333 0.07518796992481203
0 0.18333333333333332 0.45363408521303256 0.02 0.07518796992481203
0 0.24166666666666667 0.5864661654135338 0.11 0.40601503759398494
0 0.27666666666666667 0.43358395989974935 0.02 0.08020050125313283
0 0.285 0.43358395989974935 0.023333333333333334 0.08521303258145363
0 0.29833333333333334 0.43358395989974935 0.023333333333333334 0.09022556390977443
0 0.30833333333333335 0.43609022556390975 0.02 0.08020050125313283
0 0.325 0.43107769423558895 0.02 0.07518796992481203
0 0.3383333333333333 0.4398496240601504 0.016666666666666666 0.06265664160401002
0 0.3458333333333333 0.43609022556390975 0.018333333333333333 0.07518796992481203
0 0.3541666666666667 0.43358395989974935 0.021666666666666667 0.08020050125313283
0 0.3625 0.4323308270676692 0.015 0.06265664160401002
0 0.37416666666666665 0.43859649122807015 0.021666666666666667 0.08020050125313283
0 0.3825 0.43107769423558895 0.018333333333333333 0.07518796992481203
0 0.39666666666666667 0.43358395989974935 0.016666666666666666 0.07017543859649122
0 0.41333333333333333 0.42606516290726815 0.023333333333333334 0.08521303258145363
0 0.42333333333333334 0.42606516290726815 0.023333333333333334 0.08521303258145363
0 0.43166666666666664 0.4197994987468672 0.023333333333333334 0.08771929824561403
0 0.5316666666666666 0.531328320802005 0.11666666666666667 0.43107769423558895
0 0.5025 0.5426065162907269 0.09833333333333333 0.3634085213032581
0 0.7666666666666667 0.4573934837092732 0.09666666666666666 0.3533834586466165
0 0.8058333333333333 0.49122807017543857 0.09833333333333333 0.3659147869674185
0 0.8475 0.42105263157894735 0.03833333333333333 0.14035087719298245
0 0.7083333333333334 0.3007518796992481 0.023333333333333334 0.09022556390977443
0 0.8825 0.2631578947368421 0.03833333333333333 0.14035087719298245
0 0.6858333333333333 0.32205513784461154 0.021666666666666667 0.08771929824561403
0 0.6641666666666667 0.31704260651629074 0.025 0.09273182957393483
0 0.6533333333333333 0.32706766917293234 0.02 0.07268170426065163
2 0.9675 0.45614035087719296 0.058333333333333334 0.17543859649122806
2 0.9158333333333334 0.462406015037594 0.06833333333333333 0.15789473684210525
2 0.9675 0.2606516290726817 0.03833333333333333 0.06015037593984962
2 0.8525 0.2982456140350877 0.03166666666666667 0.06015037593984962
2 0.8166666666666667 0.2731829573934837 0.04 0.06015037593984962
2 0.7808333333333334 0.2669172932330827 0.025 0.05764411027568922
2 0.7708333333333334 0.2706766917293233 0.021666666666666667 0.040100250626566414
2 0.7483333333333333 0.2744360902255639 0.023333333333333334 0.05263157894736842
2 0.7358333333333333 0.2756892230576441 0.018333333333333333 0.05012531328320802
2 0.715 0.43734335839599 0.013333333333333334 0.11779448621553884
2 0.7 0.4423558897243108 0.013333333333333334 0.12781954887218044
2 0.6875 0.4348370927318296 0.008333333333333333 0.11278195488721804
2 0.6766666666666666 0.4423558897243108 0.016666666666666666 0.08771929824561403
2 0.6683333333333333 0.4423558897243108 0.02 0.09273182957393483
2 0.6633333333333333 0.39598997493734334 0.013333333333333334 0.02506265664160401
2 0.6533333333333333 0.39097744360902253 0.013333333333333334 0.02506265664160401
2 0.65 0.4448621553884712 0.023333333333333334 0.09774436090225563
2 0.6266666666666667 0.43734335839599 0.02666666666666667 0.10275689223057644
2 0.6191666666666666 0.42606516290726815 0.015 0.06516290726817042
2 0.6041666666666666 0.4348370927318296 0.015 0.10275689223057644
2 0.6258333333333334 0.38596491228070173 0.015 0.03007518796992481
2 0.62 0.34461152882205515 0.023333333333333334 0.042606516290726815
2 0.6108333333333333 0.2756892230576441 0.015 0.040100250626566414
2 0.6 0.2781954887218045 0.013333333333333334 0.045112781954887216
2 0.5908333333333333 0.2794486215538847 0.015 0.03759398496240601
2 0.5766666666666667 0.2794486215538847 0.02 0.05263157894736842
2 0.5725 0.424812030075188 0.035 0.08270676691729323
2 0.5633333333333334 0.37593984962406013 0.02 0.040100250626566414
2 0.56 0.2869674185463659 0.016666666666666666 0.042606516290726815
2 0.545 0.2844611528822055 0.01 0.03759398496240601
2 0.5416666666666666 0.3157894736842105 0.023333333333333334 0.045112781954887216
2 0.5283333333333333 0.3032581453634085 0.02 0.03508771929824561
2 0.05333333333333334 0.506265664160401 0.08666666666666667 0.3308270676691729
2 0.056666666666666664 0.6203007518796992 0.11333333333333333 0.7343358395989975
2 0.46 0.39974937343358397 0.016666666666666666 0.03258145363408521
2 0.44916666666666666 0.39598997493734334 0.025 0.03508771929824561
2 0.445 0.4197994987468672 0.02 0.05263157894736842
2 0.63 0.31203007518796994 0.02666666666666667 0.05263157894736842
2 0.4675 0.543859649122807 0.058333333333333334 0.3558897243107769
2 0.23416666666666666 0.5664160401002506 0.11166666666666666 0.3609022556390977
2 0.7258333333333333 0.47619047619047616 0.07833333333333334 0.3157894736842105
4 0.41583333333333333 0.33458646616541354 0.17833333333333334 0.11779448621553884
