0 0.022 0.5595238095238095 0.044 0.282312925170068
0 0.032 0.5357142857142857 0.06 0.24829931972789115
0 0.08 0.5629251700680272 0.06 0.2619047619047619
0 0.14 0.54421768707483 0.052 0.21768707482993196
0 0.174 0.5867346938775511 0.068 0.282312925170068
0 0.201 0.5782312925170068 0.066 0.2789115646258503
0 0.24 0.5476190476190477 0.056 0.23809523809523808
0 0.27 0.5612244897959183 0.084 0.3469387755102041
0 0.325 0.5748299319727891 0.082 0.3401360544217687
0 0.383 0.5612244897959183 0.086 0.36054421768707484
0 0.442 0.5561224489795918 0.08 0.336734693877551
0 0.495 0.5578231292517006 0.078 0.32653061224489793
0 0.548 0.5680272108843537 0.084 0.35374149659863946
0 0.622 0.5306122448979592 0.06 0.25170068027210885
0 0.659 0.5629251700680272 0.062 0.2687074829931973
0 0.679 0.5204081632653061 0.062 0.2653061224489796
0 0.715 0.5612244897959183 0.066 0.272108843537415
0 0.736 0.5187074829931972 0.06 0.2619047619047619
0 0.78 0.5561224489795918 0.068 0.2891156462585034
0 0.841 0.5527210884353742 0.066 0.282312925170068
0 0.896 0.5561224489795918 0.064 0.2755102040816326
0 0.963 0.5408163265306123 0.07 0.2925170068027211
0 0.948 0.5306122448979592 0.064 0.2653061224489796
2 0.986 0.5102040816326531 0.02 0.24489795918367346
2 0.903 0.4387755102040816 0.062 0.12244897959183673
2 0.851 0.42517006802721086 0.054 0.10204081632653061
2 0.794 0.42517006802721086 0.036 0.08163265306122448
2 0.575 0.4523809523809524 0.046 0.12244897959183673
2 0.522 0.4166666666666667 0.04 0.07142857142857142
2 0.469 0.43537414965986393 0.03 0.08163265306122448
2 0.406 0.43537414965986393 0.028 0.047619047619047616
2 0.358 0.4336734693877551 0.028 0.07142857142857142
2 0.292 0.42857142857142855 0.028 0.07482993197278912
2 0.197 0.44047619047619047 0.062 0.09183673469387756
2 0.092 0.45068027210884354 0.052 0.08503401360544217
