0 0.038181818181818185 0.6295180722891566 0.05454545454545454 0.22289156626506024
0 0.11818181818181818 0.6295180722891566 0.04727272727272727 0.1927710843373494
0 0.1509090909090909 0.6551204819277109 0.06545454545454546 0.2680722891566265
0 0.2009090909090909 0.6340361445783133 0.04909090909090909 0.19578313253012047
0 0.2545454545454545 0.6400602409638554 0.04363636363636364 0.17771084337349397
0 0.2681818181818182 0.6234939759036144 0.034545454545454546 0.15060240963855423
0 0.30636363636363634 0.6385542168674698 0.056363636363636366 0.2289156626506024
0 0.3372727272727273 0.6626506024096386 0.08545454545454545 0.35542168674698793
0 0.3836363636363636 0.641566265060241 0.04363636363636364 0.1746987951807229
0 0.37 0.6355421686746988 0.038181818181818185 0.16265060240963855
0 0.41 0.6536144578313253 0.05272727272727273 0.21686746987951808
0 0.45545454545454545 0.6460843373493976 0.056363636363636366 0.23795180722891565
0 0.4727272727272727 0.6295180722891566 0.04363636363636364 0.18072289156626506
0 0.4890909090909091 0.6310240963855421 0.04363636363636364 0.17771084337349397
0 0.51 0.625 0.038181818181818185 0.16566265060240964
0 0.5363636363636364 0.6340361445783133 0.04 0.1716867469879518
0 0.6045454545454545 0.6596385542168675 0.11818181818181818 0.4879518072289157
0 0.6472727272727272 0.6310240963855421 0.05090909090909091 0.20783132530120482
0 0.6872727272727273 0.6475903614457831 0.07272727272727272 0.29518072289156627
0 0.6981818181818182 0.6370481927710844 0.06545454545454546 0.2680722891566265
0 0.7490909090909091 0.6340361445783133 0.05454545454545454 0.22590361445783133
0 0.78 0.625 0.05454545454545454 0.22590361445783133
0 0.8127272727272727 0.6536144578313253 0.06909090909090909 0.27710843373493976
0 0.8418181818181818 0.6234939759036144 0.09818181818181818 0.4036144578313253
0 0.9581818181818181 0.6114457831325302 0.04363636363636364 0.18674698795180722
0 0.9409090909090909 0.6144578313253012 0.045454545454545456 0.1927710843373494
0 0.9181818181818182 0.6129518072289156 0.05090909090909091 0.20783132530120482
0 0.8863636363636364 0.6280120481927711 0.056363636363636366 0.2319277108433735
0 0.8727272727272727 0.6310240963855421 0.05454545454545454 0.22590361445783133
0 0.5527272727272727 0.6400602409638554 0.03636363636363636 0.14759036144578314
0 0.39545454545454545 0.463855421686747 0.02727272727272727 0.1144578313253012
0 0.41454545454545455 0.4789156626506024 0.025454545454545455 0.10843373493975904
0 0.3690909090909091 0.4367469879518072 0.025454545454545455 0.10843373493975904
0 0.32727272727272727 0.4246987951807229 0.02909090909090909 0.12650602409638553
0 0.31 0.40813253012048195 0.03090909090909091 0.12349397590361445
0 0.4390909090909091 0.6355421686746988 0.04909090909090909 0.19879518072289157
0 0.2636363636363636 0.39156626506024095 0.02181818181818182 0.0963855421686747
0 0.9781818181818182 0.6039156626506024 0.01090909090909091 0.05120481927710843
0 0.9854545454545455 0.6099397590361446 0.01090909090909091 0.045180722891566265
0 0.990909090909091 0.6069277108433735 0.007272727272727273 0.0391566265060241
2 0.42454545454545456 0.5692771084337349 0.016363636363636365 0.060240963855421686
2 0.6327272727272727 0.5798192771084337 0.025454545454545455 0.09337349397590361
2 0.7190909090909091 0.5843373493975904 0.03090909090909091 0.1144578313253012
2 0.7118181818181818 0.4322289156626506 0.012727272727272728 0.03313253012048193
2 0.5581818181818182 0.42319277108433734 0.01090909090909091 0.02108433734939759
2 0.5490909090909091 0.42168674698795183 0.007272727272727273 0.024096385542168676
2 0.54 0.4171686746987952 0.01090909090909091 0.015060240963855422
2 0.54 0.40512048192771083 0.014545454545454545 0.015060240963855422
2 0.5272727272727272 0.40512048192771083 0.014545454545454545 0.02710843373493976
2 0.5136363636363637 0.40512048192771083 0.012727272727272728 0.02710843373493976
2 0.5036363636363637 0.39457831325301207 0.007272727272727273 0.030120481927710843
2 0.4918181818181818 0.3885542168674699 0.00909090909090909 0.018072289156626505
2 0.48454545454545456 0.3870481927710843 0.012727272727272728 0.02108433734939759
2 0.48545454545454547 0.39759036144578314 0.01090909090909091 0.030120481927710843
2 0.4709090909090909 0.3870481927710843 0.01090909090909091 0.03313253012048193
2 0.4572727272727273 0.3810240963855422 0.012727272727272728 0.03313253012048193
2 0.44727272727272727 0.3810240963855422 0.014545454545454545 0.03313253012048193
2 0.43454545454545457 0.37349397590361444 0.014545454545454545 0.024096385542168676
2 0.4163636363636364 0.37349397590361444 0.01090909090909091 0.018072289156626505
2 0.38636363636363635 0.3539156626506024 0.012727272727272728 0.02710843373493976
2 0.37545454545454543 0.35240963855421686 0.02727272727272727 0.04216867469879518
2 0.3518181818181818 0.3509036144578313 0.02 0.045180722891566265
2 0.34 0.3569277108433735 0.014545454545454545 0.06927710843373494
2 0.30363636363636365 0.3057228915662651 0.02181818181818182 0.0391566265060241
2 0.30636363636363634 0.3358433734939759 0.023636363636363636 0.05120481927710843
2 0.2863636363636364 0.27710843373493976 0.02 0.030120481927710843
2 0.01818181818181818 0.25301204819277107 0.02181818181818182 0.04216867469879518
2 0.01 0.2921686746987952 0.02 0.06626506024096386
2 0.03727272727272727 0.3057228915662651 0.03090909090909091 0.08132530120481928
2 0.06181818181818182 0.3177710843373494 0.01818181818181818 0.0572289156626506
2 0.08272727272727273 0.31626506024096385 0.023636363636363636 0.05421686746987952
2 0.10909090909090909 0.3177710843373494 0.03636363636363636 0.06325301204819277
2 0.11272727272727273 0.28463855421686746 0.02909090909090909 0.0391566265060241
2 0.13818181818181818 0.2876506024096386 0.02181818181818182 0.045180722891566265
2 0.14181818181818182 0.3177710843373494 0.025454545454545455 0.07530120481927711
2 0.16545454545454547 0.338855421686747 0.02181818181818182 0.0572289156626506
2 0.18272727272727274 0.3463855421686747 0.02 0.060240963855421686
2 0.19363636363636363 0.33433734939759036 0.02 0.0783132530120482
2 0.2081818181818182 0.3493975903614458 0.023636363636363636 0.06626506024096386
2 0.22090909090909092 0.31626506024096385 0.03090909090909091 0.060240963855421686
2 0.23454545454545456 0.3433734939759036 0.025454545454545455 0.0783132530120482
2 0.24909090909090909 0.3373493975903614 0.014545454545454545 0.060240963855421686
2 0.65 0.4352409638554217 0.012727272727272728 0.045180722891566265
2 0.6781818181818182 0.45481927710843373 0.01090909090909091 0.03614457831325301
2 0.7190909090909091 0.48343373493975905 0.012727272727272728 0.03313253012048193
2 0.7372727272727273 0.4939759036144578 0.016363636363636365 0.024096385542168676
2 0.7663636363636364 0.5015060240963856 0.00909090909090909 0.02710843373493976
2 0.7745454545454545 0.49849397590361444 0.007272727272727273 0.02108433734939759
2 0.7827272727272727 0.5015060240963856 0.00909090909090909 0.02710843373493976
2 0.44272727272727275 0.5045180722891566 0.034545454545454546 0.06325301204819277
