0 0.044 0.46546546546546547 0.088 0.5585585585585585
0 0.113 0.6231231231231231 0.198 0.7297297297297297
0 0.922 0.43543543543543545 0.1 0.37237237237237236
2 0.402 0.1921921921921922 0.052 0.09009009009009009
2 0.304 0.21021021021021022 0.052 0.09009009009009009
2 0.507 0.17867867867867868 0.058 0.09309309309309309
2 0.606 0.17867867867867868 0.052 0.1111111111111111
2 0.708 0.17717717717717718 0.044 0.13813813813813813
2 0.796 0.17267267267267267 0.048 0.0990990990990991
2 0.887 0.16966966966966968 0.042 0.08708708708708708
2 0.199 0.16066066066066065 0.058 0.0990990990990991
3 0.307 0.1006006006006006 0.034 0.06306306306306306
3 0.354 0.1066066066066066 0.02 0.06906906906906907
3 0.398 0.07957957957957958 0.04 0.06306306306306306
