0 0.4528985507246377 0.4758220502901354 0.13478260869565217 0.4410058027079304
0 0.23478260869565218 0.3646034816247582 0.07246376811594203 0.24177949709864605
0 0.03260869565217391 0.32495164410058025 0.04782608695652174 0.15860735009671179
0 0.07681159420289856 0.34332688588007737 0.05507246376811594 0.17988394584139264
0 0.14057971014492754 0.31431334622823986 0.043478260869565216 0.14119922630560927
0 0.28695652173913044 0.35106382978723405 0.05217391304347826 0.172147001934236
0 0.2927536231884058 0.30947775628626695 0.04927536231884058 0.16247582205029013
0 0.6398550724637682 0.42359767891682787 0.10869565217391304 0.3597678916827853
0 0.5420289855072464 0.3578336557059961 0.06956521739130435 0.23210831721470018
0 0.7818840579710145 0.3858800773694391 0.07971014492753623 0.2611218568665377
0 0.7463768115942029 0.3723404255319149 0.06376811594202898 0.20696324951644102
0 0.8304347826086956 0.34235976789168276 0.05217391304347826 0.1702127659574468
0 0.8884057971014493 0.33365570599613154 0.05507246376811594 0.17988394584139264
0 0.9514492753623188 0.3617021276595745 0.050724637681159424 0.1702127659574468
2 0.12318840579710146 0.3945841392649903 0.05507246376811594 0.10831721470019343
