0 0.05546875 0.5821727019498607 0.1109375 0.5013927576601671
0 0.15703125 0.5654596100278552 0.1109375 0.49025069637883006
0 0.26796875 0.5710306406685237 0.1171875 0.5125348189415042
0 0.36640625 0.5835654596100278 0.1203125 0.532033426183844
0 0.5125 0.5668523676880223 0.121875 0.5376044568245125
0 0.62265625 0.5877437325905293 0.1203125 0.5292479108635098
0 0.75234375 0.5877437325905293 0.1234375 0.5403899721448467
0 0.921875 0.637883008356546 0.125 0.5459610027855153
2 0.4203125 0.3050139275766017 0.04375 0.09749303621169916
2 0.325 0.36908077994428967 0.046875 0.09192200557103064
2 0.2875 0.3245125348189415 0.025 0.0807799442896936
2 0.19765625 0.3203342618384401 0.0359375 0.07242339832869081
2 0.20234375 0.38440111420612816 0.0234375 0.06685236768802229
2 0.0921875 0.30919220055710306 0.040625 0.0947075208913649
2 0.09453125 0.3969359331476323 0.0328125 0.06963788300835655
