0 0.038 0.8127035830618893 0.048 0.19218241042345277
0 0.077 0.6254071661237784 0.038 0.1563517915309446
0 0.206 0.7035830618892508 0.044 0.18241042345276873
0 0.184 0.8680781758957655 0.044 0.17263843648208468
0 0.393 0.7052117263843648 0.042 0.1791530944625407
0 0.442 0.8208469055374593 0.048 0.20195439739413681
0 0.507 0.737785016286645 0.038 0.15309446254071662
0 0.59 0.8827361563517915 0.04 0.16938110749185667
0 0.607 0.7198697068403909 0.038 0.1563517915309446
0 0.669 0.8778501628664495 0.042 0.1791530944625407
0 0.785 0.7671009771986971 0.042 0.17263843648208468
0 0.701 0.7231270358306189 0.038 0.16286644951140064
0 0.849 0.7280130293159609 0.042 0.16612377850162866
0 0.877 0.7052117263843648 0.042 0.16612377850162866
0 0.926 0.7915309446254072 0.04 0.16286644951140064
0 0.901 0.6514657980456026 0.034 0.14332247557003258
0 0.29 0.5570032573289903 0.032 0.13680781758957655
0 0.178 0.5472312703583062 0.028 0.1237785016286645
0 0.127 0.5309446254071661 0.034 0.14332247557003258
0 0.051 0.503257328990228 0.026 0.11400651465798045
0 0.237 0.49348534201954397 0.026 0.10749185667752444
0 0.342 0.5488599348534202 0.028 0.12052117263843648
0 0.318 0.506514657980456 0.028 0.12052117263843648
0 0.382 0.49348534201954397 0.028 0.12052117263843648
0 0.415 0.5293159609120521 0.034 0.13355048859934854
0 0.472 0.5309446254071661 0.032 0.13029315960912052
0 0.492 0.495114006514658 0.028 0.11726384364820847
0 0.543 0.5260586319218241 0.03 0.12052117263843648
0 0.829 0.5488599348534202 0.026 0.11400651465798045
0 0.725 0.5781758957654723 0.03 0.12052117263843648
0 0.683 0.49348534201954397 0.026 0.11400651465798045
0 0.66 0.5374592833876222 0.032 0.13029315960912052
0 0.142 0.46905537459283386 0.028 0.11726384364820847
0 0.091 0.4592833876221498 0.03 0.1237785016286645
0 0.027 0.44625407166123776 0.026 0.10423452768729642
0 0.951 0.4527687296416938 0.022 0.08469055374592833
0 0.781 0.47068403908794787 0.03 0.12052117263843648
2 0.315 0.7752442996742671 0.062 0.05863192182410423
2 0.307 0.8941368078175895 0.09 0.0749185667752443
2 0.488 0.8420195439739414 0.064 0.11400651465798045
2 0.687 0.7198697068403909 0.05 0.09771986970684039
2 0.791 0.6123778501628665 0.054 0.06514657980456026
2 0.435 0.44625407166123776 0.058 0.04560260586319218
2 0.921 0.4804560260586319 0.074 0.10749185667752444
