0 0.1475 0.5277777777777778 0.10166666666666667 0.33111111111111113
0 0.8075 0.61 0.105 0.34444444444444444
0 0.9116666666666666 0.5966666666666667 0.09666666666666666 0.32222222222222224
0 0.8516666666666667 0.5933333333333334 0.08666666666666667 0.28888888888888886
0 0.705 0.5977777777777777 0.09333333333333334 0.3111111111111111
0 0.7641666666666667 0.5688888888888889 0.09166666666666666 0.3022222222222222
0 0.6258333333333334 0.6 0.085 0.28
0 0.5766666666666667 0.5866666666666667 0.07666666666666666 0.25333333333333335
0 0.5358333333333334 0.5788888888888889 0.07166666666666667 0.23777777777777778
0 0.5 0.5566666666666666 0.07 0.2288888888888889
0 0.4608333333333333 0.5544444444444444 0.07166666666666667 0.23333333333333334
0 0.43083333333333335 0.5466666666666666 0.058333333333333334 0.19111111111111112
0 0.395 0.5311111111111111 0.056666666666666664 0.19111111111111112
0 0.37166666666666665 0.54 0.056666666666666664 0.18666666666666668
0 0.3416666666666667 0.5311111111111111 0.05333333333333334 0.17333333333333334
0 0.2816666666666667 0.5211111111111111 0.05333333333333334 0.18
0 0.23833333333333334 0.5133333333333333 0.04 0.13777777777777778
0 0.2608333333333333 0.5111111111111111 0.041666666666666664 0.14222222222222222
0 0.19083333333333333 0.5111111111111111 0.041666666666666664 0.14222222222222222
0 0.22166666666666668 0.4988888888888889 0.043333333333333335 0.14888888888888888
0 0.0675 0.47 0.041666666666666664 0.13555555555555557
2 0.6666666666666666 0.43333333333333335 0.06 0.057777777777777775
2 0.3016666666666667 0.4211111111111111 0.02666666666666667 0.06
2 0.24916666666666668 0.41444444444444445 0.028333333333333332 0.05555555555555555
2 0.19666666666666666 0.3888888888888889 0.03333333333333333 0.044444444444444446
