0 0.0775 0.6198501872659176 0.06 0.2209737827715356
0 0.12875 0.6338951310861424 0.0575 0.21161048689138576
0 0.13875 0.6076779026217228 0.0625 0.2303370786516854
0 0.161875 0.6170411985018727 0.05875 0.21910112359550563
0 0.184375 0.5973782771535581 0.05625 0.20973782771535582
0 0.904375 0.6544943820224719 0.07375 0.27153558052434457
0 0.850625 0.6544943820224719 0.06875 0.2565543071161049
0 0.86875 0.6357677902621723 0.0675 0.24906367041198502
2 0.213125 0.6647940074906367 0.03625 0.1198501872659176
2 0.2725 0.6198501872659176 0.035 0.0749063670411985
2 0.3175 0.6039325842696629 0.0225 0.06179775280898876
2 0.35875 0.6104868913857678 0.03 0.0599250936329588
2 0.255 0.5149812734082397 0.0325 0.0599250936329588
2 0.29 0.5262172284644194 0.0375 0.0749063670411985
2 0.321875 0.49625468164794007 0.03875 0.056179775280898875
2 0.328125 0.5327715355805244 0.01875 0.04307116104868914
2 0.349375 0.5234082397003745 0.02875 0.04681647940074907
2 0.384375 0.5365168539325843 0.02375 0.03932584269662921
2 0.395625 0.6039325842696629 0.02875 0.06179775280898876
2 0.431875 0.6554307116104869 0.02875 0.07116104868913857
2 0.43875 0.596441947565543 0.0325 0.04681647940074907
2 0.42125 0.5327715355805244 0.03 0.06179775280898876
2 0.3925 0.5 0.0325 0.04868913857677903
2 0.45875 0.499063670411985 0.02 0.04681647940074907
2 0.443125 0.5299625468164794 0.02625 0.052434456928838954
2 0.471875 0.6245318352059925 0.02625 0.08801498127340825
2 0.478125 0.5102996254681648 0.02375 0.05056179775280899
2 0.495 0.49063670411985016 0.0225 0.04868913857677903
2 0.51375 0.5028089887640449 0.02 0.04681647940074907
2 0.509375 0.6619850187265918 0.03125 0.08052434456928839
2 0.51625 0.598314606741573 0.03 0.05805243445692884
2 0.551875 0.5280898876404494 0.02875 0.06367041198501873
2 0.561875 0.6161048689138576 0.02875 0.06741573033707865
2 0.590625 0.6544943820224719 0.02875 0.08052434456928839
2 0.580625 0.5346441947565543 0.02625 0.04307116104868914
2 0.596875 0.5112359550561798 0.02375 0.0449438202247191
2 0.631875 0.5917602996254682 0.02875 0.04868913857677903
2 0.633125 0.5327715355805244 0.03125 0.04681647940074907
2 0.646875 0.50187265917603 0.02125 0.04119850187265917
2 0.669375 0.5271535580524345 0.02125 0.035580524344569285
2 0.660625 0.6048689138576779 0.01875 0.07116104868913857
2 0.694375 0.6170411985018727 0.03375 0.06928838951310862
2 0.69375 0.5383895131086143 0.0275 0.04681647940074907
2 0.684375 0.4953183520599251 0.02125 0.03932584269662921
2 0.714375 0.5337078651685393 0.01625 0.0449438202247191
2 0.72375 0.6235955056179775 0.0325 0.052434456928838954
2 0.764375 0.6404494382022472 0.03625 0.06741573033707865
2 0.821875 0.6479400749063671 0.05125 0.08614232209737828
2 0.788125 0.5168539325842697 0.02875 0.04119850187265917
2 0.750625 0.5430711610486891 0.03125 0.0599250936329588
2 0.735 0.5074906367041199 0.0325 0.04868913857677903
