0 0.04480651731160896 0.536986301369863 0.08961303462321792 0.33972602739726027
0 0.1446028513238289 0.5506849315068493 0.10183299389002037 0.33424657534246577
0 0.2525458248472505 0.5205479452054794 0.11405295315682282 0.3726027397260274
0 0.319755600814664 0.5150684931506849 0.10590631364562118 0.3452054794520548
0 0.4185336048879837 0.5452054794520548 0.09572301425661914 0.3178082191780822
0 0.5142566191446029 0.5452054794520548 0.09572301425661914 0.31232876712328766
0 0.5926680244399185 0.5315068493150685 0.09368635437881874 0.3178082191780822
0 0.6812627291242362 0.5424657534246575 0.09572301425661914 0.31232876712328766
0 0.7525458248472505 0.5397260273972603 0.09572301425661914 0.3232876712328767
0 0.8380855397148677 0.5356164383561643 0.09572301425661914 0.3150684931506849
0 0.9124236252545825 0.5452054794520548 0.10183299389002037 0.33424657534246577
0 0.9694501018329938 0.5315068493150685 0.06109979633401222 0.27945205479452057
