0 0.533410138248848 0.5514018691588785 0.12672811059907835 0.2504672897196262
0 0.631336405529954 0.5822429906542056 0.11059907834101383 0.21869158878504674
0 0.75 0.5719626168224299 0.1313364055299539 0.2616822429906542
0 0.836405529953917 0.5719626168224299 0.11981566820276497 0.24299065420560748
0 0.8997695852534562 0.5504672897196262 0.10368663594470046 0.20373831775700935
0 0.4412442396313364 0.5551401869158878 0.10829493087557604 0.2130841121495327
0 0.347926267281106 0.5616822429906542 0.11059907834101383 0.21869158878504674
0 0.26036866359447003 0.5448598130841121 0.0967741935483871 0.19626168224299065
0 0.17857142857142858 0.5345794392523364 0.09907834101382489 0.19439252336448598
0 0.1347926267281106 0.5289719626168224 0.09907834101382489 0.20186915887850468
0 0.07258064516129033 0.5327102803738317 0.0944700460829493 0.18691588785046728
0 0.04032258064516129 0.5280373831775701 0.08064516129032258 0.17757009345794392
2 0.31336405529953915 0.43457943925233644 0.04608294930875576 0.04299065420560748
2 0.4066820276497696 0.4355140186915888 0.03917050691244239 0.041121495327102804
2 0.945852534562212 0.45607476635514016 0.029953917050691243 0.041121495327102804
2 0.24769585253456222 0.3897196261682243 0.04838709677419355 0.0616822429906542
2 0.28110599078341014 0.39345794392523364 0.03225806451612903 0.04299065420560748
2 0.31451612903225806 0.39065420560747666 0.029953917050691243 0.048598130841121495
2 0.3433179723502304 0.39158878504672895 0.02304147465437788 0.03551401869158879
2 0.3686635944700461 0.3925233644859813 0.018433179723502304 0.037383177570093455
2 0.8744239631336406 0.44485981308411215 0.03917050691244239 0.056074766355140186
