0 0.17 0.6131639722863741 0.19230769230769232 0.7090069284064665
0 0.07923076923076923 0.6628175519630485 0.15846153846153846 0.6004618937644342
0 0.2692307692307692 0.5612009237875288 0.10461538461538461 0.38799076212471134
0 0.32769230769230767 0.6096997690531177 0.10153846153846154 0.3787528868360277
0 0.40615384615384614 0.6524249422632794 0.15692307692307692 0.5750577367205543
0 0.47 0.6200923787528868 0.18307692307692308 0.6720554272517321
0 0.5784615384615385 0.6212471131639723 0.16 0.5912240184757506
0 0.6992307692307692 0.6108545034642032 0.12461538461538461 0.45496535796766746
0 0.7676923076923077 0.5912240184757506 0.11076923076923077 0.4064665127020785
0 0.8023076923076923 0.546189376443418 0.09692307692307692 0.3625866050808314
0 0.9123076923076923 0.5923787528868361 0.12 0.44110854503464203
0 0.8838461538461538 0.5496535796766744 0.09692307692307692 0.36027713625866054
0 0.9515384615384616 0.6039260969976905 0.09692307692307692 0.43187066974595845
2 0.31461538461538463 0.3394919168591224 0.04461538461538461 0.08775981524249422
2 0.018461538461538463 0.3533487297921478 0.036923076923076927 0.11085450346420324
2 0.8407692307692308 0.3579676674364896 0.03230769230769231 0.07390300230946882
2 0.9846153846153847 0.3672055427251732 0.03076923076923077 0.07390300230946882
2 0.6761538461538461 0.3833718244803695 0.03538461538461538 0.07852193995381063
