0 0.31272727272727274 0.7227602905569007 0.05818181818181818 0.19612590799031476
0 0.44272727272727275 0.8196125907990315 0.08545454545454545 0.2784503631961259
0 0.21818181818181817 0.6573849878934624 0.04727272727272727 0.15254237288135594
0 0.17545454545454545 0.6150121065375302 0.038181818181818185 0.12590799031476999
0 0.13454545454545455 0.5847457627118644 0.04 0.12832929782082325
0 0.11090909090909092 0.562953995157385 0.03272727272727273 0.1089588377723971
0 0.7881818181818182 0.8305084745762712 0.09636363636363636 0.31476997578692495
0 0.6963636363636364 0.7808716707021792 0.08 0.25907990314769974
0 0.6272727272727273 0.7639225181598063 0.06909090909090909 0.23002421307506055
0 0.55 0.7142857142857143 0.06363636363636363 0.21307506053268765
0 0.5172727272727272 0.6924939467312349 0.06363636363636363 0.21307506053268765
0 0.47545454545454546 0.6864406779661016 0.056363636363636366 0.1864406779661017
0 0.4036363636363636 0.6476997578692494 0.04727272727272727 0.15254237288135594
0 0.8863636363636364 0.8087167070217918 0.08181818181818182 0.2711864406779661
0 0.9654545454545455 0.7772397094430993 0.06909090909090909 0.28087167070217917
0 0.73 0.7324455205811138 0.06727272727272728 0.22033898305084745
0 0.27 0.576271186440678 0.03090909090909091 0.10653753026634383
0 0.08545454545454545 0.5447941888619855 0.025454545454545455 0.09200968523002422
0 0.8427272727272728 0.5847457627118644 0.038181818181818185 0.12832929782082325
2 0.6645454545454546 0.5871670702179177 0.038181818181818185 0.03631961259079903
2 0.6936363636363636 0.6077481840193705 0.02727272727272727 0.05811138014527845
2 0.7627272727272727 0.5944309927360775 0.02727272727272727 0.06537530266343826
2 0.8690909090909091 0.6174334140435835 0.02909090909090909 0.048426150121065374
2 0.9463636363636364 0.6077481840193705 0.02727272727272727 0.053268765133171914
2 0.4709090909090909 0.5665859564164649 0.025454545454545455 0.0387409200968523
2 0.4445454545454545 0.5811138014527845 0.04181818181818182 0.053268765133171914
2 0.5072727272727273 0.5326876513317191 0.04727272727272727 0.043583535108958835
2 0.5463636363636364 0.5423728813559322 0.023636363636363636 0.048426150121065374
2 0.5645454545454546 0.5338983050847458 0.023636363636363636 0.05084745762711865
2 0.5827272727272728 0.5411622276029056 0.02727272727272727 0.05084745762711865
2 0.7218181818181818 0.5811138014527845 0.03272727272727273 0.053268765133171914
2 0.7972727272727272 0.6174334140435835 0.02727272727272727 0.08232445520581114
