0 0.08 0.6282051282051282 0.10666666666666667 0.40512820512820513
2 0.1425 0.5935897435897436 0.065 0.16666666666666666
2 0.19 0.4666666666666667 0.056666666666666664 0.11282051282051282
2 0.1875 0.34487179487179487 0.03833333333333333 0.07435897435897436
2 0.15 0.30641025641025643 0.043333333333333335 0.09487179487179487
2 0.23583333333333334 0.3243589743589744 0.045 0.11538461538461539
2 0.2725 0.37435897435897436 0.028333333333333332 0.07692307692307693
2 0.26 0.47307692307692306 0.043333333333333335 0.07435897435897436
2 0.24916666666666668 0.5807692307692308 0.041666666666666664 0.12051282051282051
2 0.3475 0.5987179487179487 0.058333333333333334 0.1717948717948718
2 0.32666666666666666 0.43974358974358974 0.04 0.08974358974358974
2 0.31 0.3294871794871795 0.04 0.07948717948717948
2 0.3858333333333333 0.3217948717948718 0.03833333333333333 0.1
2 0.36666666666666664 0.391025641025641 0.02666666666666667 0.07948717948717948
2 0.4033333333333333 0.45256410256410257 0.03666666666666667 0.06923076923076923
2 0.4533333333333333 0.5858974358974359 0.05333333333333334 0.14102564102564102
2 0.475 0.4512820512820513 0.04666666666666667 0.07692307692307693
2 0.43833333333333335 0.39487179487179486 0.04 0.09230769230769231
2 0.4533333333333333 0.3269230769230769 0.03666666666666667 0.08974358974358974
2 0.5083333333333333 0.35 0.03666666666666667 0.1
2 0.5683333333333334 0.3576923076923077 0.04666666666666667 0.0641025641025641
2 0.5675 0.41410256410256413 0.041666666666666664 0.06923076923076923
2 0.5466666666666666 0.45 0.03333333333333333 0.07948717948717948
2 0.56 0.5576923076923077 0.04666666666666667 0.09487179487179487
2 0.6166666666666667 0.47692307692307695 0.04 0.07692307692307693
2 0.6383333333333333 0.4076923076923077 0.03333333333333333 0.06153846153846154
2 0.6841666666666667 0.37435897435897436 0.028333333333333332 0.06666666666666667
2 0.685 0.43205128205128207 0.03666666666666667 0.04871794871794872
2 0.6825 0.49230769230769234 0.035 0.06153846153846154
2 0.6591666666666667 0.5935897435897436 0.045 0.1
2 0.7433333333333333 0.5871794871794872 0.04666666666666667 0.09743589743589744
2 0.7291666666666666 0.48717948717948717 0.041666666666666664 0.07179487179487179
2 0.75 0.3782051282051282 0.06333333333333334 0.07948717948717948
2 0.805 0.36666666666666664 0.04 0.09230769230769231
2 0.795 0.45 0.03333333333333333 0.0641025641025641
2 0.7991666666666667 0.5115384615384615 0.03833333333333333 0.05897435897435897
2 0.8383333333333334 0.5089743589743589 0.03 0.07948717948717948
2 0.8491666666666666 0.44487179487179485 0.045 0.1
2 0.8891666666666667 0.5038461538461538 0.028333333333333332 0.07435897435897436
2 0.9258333333333333 0.5884615384615385 0.051666666666666666 0.08461538461538462
2 0.8466666666666667 0.6051282051282051 0.06 0.08717948717948718
