0 0.061764705882352944 0.5102941176470588 0.12352941176470589 0.5264705882352941
0 0.14411764705882352 0.4323529411764706 0.1588235294117647 0.5823529411764706
0 0.23333333333333334 0.5897058823529412 0.20392156862745098 0.75
0 0.3892156862745098 0.38382352941176473 0.10392156862745099 0.37941176470588234
0 0.32745098039215687 0.3352941176470588 0.06666666666666667 0.2529411764705882
0 0.5068627450980392 0.575 0.21372549019607842 0.7911764705882353
0 0.7754901960784314 0.5794117647058824 0.18235294117647058 0.6705882352941176
0 0.6352941176470588 0.34558823529411764 0.0784313725490196 0.2852941176470588
0 0.5931372549019608 0.27794117647058825 0.049019607843137254 0.18529411764705883
0 0.8774509803921569 0.38088235294117645 0.1 0.3735294117647059
0 0.9549019607843138 0.3588235294117647 0.09019607843137255 0.3352941176470588
0 0.903921568627451 0.37941176470588234 0.08627450980392157 0.3176470588235294
0 0.35 0.25735294117647056 0.041176470588235294 0.15
0 0.5617647058823529 0.3397058823529412 0.06862745098039216 0.25
2 0.05196078431372549 0.21029411764705883 0.06470588235294118 0.10882352941176471
2 0.10784313725490197 0.21323529411764705 0.0392156862745098 0.06764705882352941
2 0.6911764705882353 0.20441176470588235 0.045098039215686274 0.10294117647058823
2 0.8215686274509804 0.2338235294117647 0.050980392156862744 0.10882352941176471
2 0.9147058823529411 0.21029411764705883 0.052941176470588235 0.09705882352941177
2 0.9794117647058823 0.25 0.029411764705882353 0.11764705882352941
2 0.21666666666666667 0.22058823529411764 0.056862745098039215 0.07647058823529412
3 0.3931372549019608 0.7044117647058824 0.07647058823529412 0.27941176470588236
