0 0.02875 0.793233082706767 0.0575 0.3308270676691729
0 0.125 0.7481203007518797 0.075 0.2857142857142857
0 0.19125 0.7725563909774437 0.0975 0.36466165413533835
0 0.5325 0.7274436090225563 0.05 0.19172932330827067
0 0.4175 0.6973684210526315 0.045 0.16917293233082706
0 0.7775 0.6917293233082706 0.04 0.15789473684210525
0 0.72 0.6879699248120301 0.035 0.14285714285714285
1 0.6925 0.7462406015037594 0.08 0.30451127819548873
1 0.38125 0.693609022556391 0.0425 0.16917293233082706
1 0.24 0.6992481203007519 0.04 0.15789473684210525
2 0.59375 0.7274436090225563 0.0725 0.23684210526315788
2 0.6375 0.7124060150375939 0.065 0.22932330827067668
2 0.83875 0.6560150375939849 0.0275 0.10902255639097744
