0 0.05 0.5840840840840841 0.1 0.5375375375375375
0 0.103 0.5345345345345346 0.086 0.3123123123123123
0 0.133 0.521021021021021 0.07 0.2672672672672673
0 0.192 0.503003003003003 0.044 0.15915915915915915
0 0.224 0.5180180180180181 0.052 0.1891891891891892
0 0.246 0.5135135135135135 0.04 0.15015015015015015
0 0.289 0.53003003003003 0.082 0.3033033033033033
0 0.326 0.5525525525525525 0.1 0.3663663663663664
0 0.416 0.5570570570570571 0.108 0.3993993993993994
0 0.466 0.566066066066066 0.164 0.6036036036036037
0 0.563 0.5675675675675675 0.114 0.42042042042042044
0 0.605 0.5285285285285285 0.062 0.23423423423423423
0 0.67 0.5315315315315315 0.068 0.25225225225225223
0 0.784 0.5735735735735735 0.152 0.5645645645645646
0 0.842 0.5540540540540541 0.08 0.2912912912912913
0 0.872 0.527027027027027 0.052 0.1891891891891892
0 0.911 0.5405405405405406 0.066 0.24024024024024024
0 0.953 0.5705705705705706 0.094 0.4624624624624625
0 0.707 0.524024024024024 0.038 0.14714714714714713
0 0.641 0.5015015015015015 0.026 0.0960960960960961
2 0.376 0.521021021021021 0.016 0.17717717717717718
