0 0.245 0.8873873873873874 0.054 0.2072072072072072
0 0.111 0.9084084084084084 0.042 0.16516516516516516
0 0.501 0.6696696696696697 0.062 0.22822822822822822
0 0.501 0.566066066066066 0.054 0.2012012012012012
0 0.591 0.7327327327327328 0.074 0.27627627627627627
0 0.66 0.6471471471471472 0.064 0.23723723723723725
0 0.693 0.6291291291291291 0.062 0.22522522522522523
0 0.322 0.918918918918919 0.04 0.14414414414414414
0 0.016 0.24924924924924924 0.028 0.11411411411411411
0 0.043 0.24774774774774774 0.034 0.12312312312312312
0 0.062 0.26126126126126126 0.028 0.11411411411411411
0 0.08 0.2882882882882883 0.032 0.12012012012012012
0 0.091 0.25075075075075076 0.034 0.12312312312312312
0 0.119 0.24774774774774774 0.03 0.1111111111111111
0 0.133 0.2672672672672673 0.03 0.11411411411411411
0 0.158 0.28378378378378377 0.036 0.13513513513513514
0 0.18 0.27627627627627627 0.032 0.12612612612612611
0 0.198 0.2927927927927928 0.032 0.11711711711711711
0 0.255 0.34384384384384387 0.034 0.13513513513513514
0 0.031 0.38738738738738737 0.038 0.15015015015015015
0 0.115 0.3978978978978979 0.038 0.14714714714714713
0 0.262 0.22972972972972974 0.028 0.10510510510510511
0 0.276 0.25075075075075076 0.028 0.1111111111111111
0 0.288 0.22522522522522523 0.028 0.10810810810810811
0 0.421 0.18768768768768768 0.026 0.09309309309309309
0 0.719 0.7282282282282282 0.07 0.26126126126126126
0 0.889 0.8948948948948949 0.05 0.18018018018018017
0 0.31 0.2627627627627628 0.032 0.11711711711711711
0 0.329 0.26876876876876876 0.03 0.11711711711711711
0 0.365 0.33783783783783783 0.034 0.13513513513513514
0 0.412 0.38738738738738737 0.036 0.13213213213213212
0 0.43 0.3948948948948949 0.036 0.14114114114114115
0 0.676 0.22372372372372373 0.028 0.1111111111111111
0 0.737 0.1921921921921922 0.026 0.0960960960960961
0 0.802 0.2087087087087087 0.02 0.07507507507507508
0 0.858 0.2042042042042042 0.024 0.09009009009009009
0 0.769 0.6081081081081081 0.046 0.17117117117117117
0 0.822 0.6306306306306306 0.056 0.2042042042042042
0 0.848 0.6561561561561562 0.06 0.21921921921921922
0 0.885 0.6801801801801802 0.058 0.2132132132132132
0 0.929 0.7057057057057057 0.066 0.24024024024024024
0 0.977 0.7462462462462462 0.046 0.24324324324324326
0 0.975 0.29429429429429427 0.03 0.12012012012012012
0 0.991 0.1906906906906907 0.018 0.08708708708708708
0 0.924 0.17717717717717718 0.028 0.1021021021021021
0 0.936 0.22522522522522523 0.024 0.0960960960960961
0 0.778 0.28678678678678676 0.024 0.0990990990990991
0 0.746 0.2852852852852853 0.024 0.0960960960960961
0 0.884 0.26876876876876876 0.028 0.10510510510510511
0 0.906 0.26876876876876876 0.028 0.10510510510510511
0 0.633 0.4984984984984985 0.038 0.15015015015015015
0 0.613 0.4864864864864865 0.046 0.16816816816816818
0 0.592 0.4744744744744745 0.044 0.16216216216216217
0 0.575 0.46096096096096095 0.042 0.16516516516516516
0 0.561 0.44594594594594594 0.042 0.15915915915915915
0 0.537 0.43093093093093093 0.042 0.15315315315315314
0 0.527 0.4114114114114114 0.042 0.15615615615615616
0 0.505 0.3948948948948949 0.034 0.13513513513513514
0 0.478 0.3993993993993994 0.032 0.12012012012012012
0 0.459 0.4039039039039039 0.03 0.11711711711711711
0 0.804 0.2807807807807808 0.028 0.10510510510510511
2 0.134 0.19369369369369369 0.032 0.03903903903903904
2 0.165 0.1996996996996997 0.034 0.021021021021021023
2 0.437 0.9324324324324325 0.09 0.12312312312312312
2 0.575 0.9354354354354354 0.07 0.12312312312312312
2 0.638 0.9564564564564565 0.064 0.06906906906906907
2 0.706 0.9534534534534534 0.072 0.08108108108108109
2 0.096 0.6651651651651652 0.056 0.13513513513513514
2 0.234 0.6486486486486487 0.06 0.11411411411411411
2 0.198 0.6096096096096096 0.04 0.06606606606606606
2 0.208 0.566066066066066 0.036 0.06906906906906907
2 0.185 0.5420420420420421 0.022 0.07507507507507508
2 0.17 0.5285285285285285 0.024 0.07207207207207207
2 0.158 0.5135135135135135 0.032 0.07807807807807808
2 0.141 0.484984984984985 0.022 0.06306306306306306
2 0.129 0.481981981981982 0.014 0.07507507507507508
2 0.105 0.4294294294294294 0.022 0.05405405405405406
2 0.062 0.6156156156156156 0.044 0.0960960960960961
2 0.042 0.536036036036036 0.032 0.06906906906906907
2 0.036 0.509009009009009 0.028 0.057057057057057055
2 0.103 0.8543543543543544 0.09 0.12912912912912913
2 0.396 0.19369369369369369 0.028 0.04504504504504504
2 0.695 0.4894894894894895 0.042 0.0960960960960961
2 0.912 0.30180180180180183 0.028 0.07507507507507508
2 0.957 0.35285285285285284 0.03 0.07507507507507508
2 0.897 0.33783783783783783 0.03 0.06906906906906907
2 0.836 0.20270270270270271 0.024 0.06906906906906907
2 0.883 0.19519519519519518 0.022 0.06606606606606606
2 0.717 0.2072072072072072 0.022 0.04804804804804805
2 0.742 0.2087087087087087 0.028 0.04504504504504504
2 0.773 0.22822822822822822 0.026 0.06606606606606606
2 0.916 0.5045045045045045 0.036 0.0960960960960961
2 0.928 0.42492492492492495 0.044 0.11711711711711711
2 0.524 0.18768768768768768 0.012 0.03903903903903904
2 0.534 0.17567567567567569 0.016 0.04504504504504504
2 0.581 0.18018018018018017 0.03 0.04804804804804805
4 0.503 0.2927927927927928 0.302 0.15315315315315314
4 0.716 0.3858858858858859 0.232 0.19519519519519518
4 0.831 0.4519519519519519 0.146 0.12312312312312312
4 0.898 0.5585585585585585 0.16 0.07207207207207207
