0 0.0225 0.3416666666666667 0.045 0.23666666666666666
0 0.03375 0.33666666666666667 0.0675 0.24
0 0.065 0.34833333333333333 0.065 0.21
0 0.24 0.4533333333333333 0.145 0.47333333333333333
0 0.35625 0.455 0.1125 0.37
0 0.4025 0.4633333333333333 0.165 0.5333333333333333
0 0.5575 0.38666666666666666 0.105 0.34
0 0.645 0.365 0.07 0.23
0 0.69875 0.37333333333333335 0.0825 0.26666666666666666
0 0.79625 0.5183333333333333 0.1725 0.5633333333333334
0 0.90875 0.645 0.1825 0.6366666666666667
0 0.885 0.4633333333333333 0.12 0.3933333333333333
2 0.29125 0.3433333333333333 0.0525 0.17333333333333334
2 0.50125 0.36 0.0525 0.08666666666666667
2 0.60375 0.3616666666666667 0.0425 0.06333333333333334
2 0.74375 0.35 0.0475 0.07333333333333333
2 0.78 0.23166666666666666 0.035 0.05
2 0.84 0.2866666666666667 0.03 0.08
2 0.8675 0.2683333333333333 0.02 0.07
2 0.94375 0.33166666666666667 0.0675 0.13
2 0.98125 0.34 0.0325 0.16
