0 0.04083333333333333 0.82875 0.051666666666666666 0.1975
0 0.07 0.8275 0.05 0.19
0 0.12833333333333333 0.85875 0.05 0.1925
0 0.19583333333333333 0.865 0.051666666666666666 0.19
0 0.26 0.8575 0.056666666666666664 0.215
0 0.3641666666666667 0.85875 0.055 0.2025
0 0.4225 0.85875 0.058333333333333334 0.2225
0 0.5041666666666667 0.8625 0.051666666666666666 0.195
0 0.56 0.8575 0.056666666666666664 0.205
0 0.5925 0.7675 0.028333333333333332 0.105
0 0.64 0.8425 0.05333333333333334 0.2
0 0.6891666666666667 0.8525 0.055 0.205
0 0.7441666666666666 0.85625 0.051666666666666666 0.1875
0 0.8175 0.8475 0.06166666666666667 0.235
0 0.8575 0.84125 0.058333333333333334 0.2125
0 0.9408333333333333 0.85125 0.058333333333333334 0.2175
0 0.9175 0.8375 0.055 0.205
0 0.14916666666666667 0.8575 0.04833333333333333 0.185
0 0.21916666666666668 0.85625 0.051666666666666666 0.1875
0 0.27666666666666667 0.84625 0.05333333333333334 0.2025
0 0.2916666666666667 0.84 0.05333333333333334 0.195
0 0.3075 0.8325 0.051666666666666666 0.19
0 0.325 0.825 0.05 0.185
0 0.38166666666666665 0.84625 0.05 0.1925
0 0.39416666666666667 0.83875 0.04833333333333333 0.1775
0 0.44583333333333336 0.83875 0.04833333333333333 0.1775
0 0.7833333333333333 0.83 0.04666666666666667 0.18
2 0.3441666666666667 0.755 0.021666666666666667 0.06
2 0.17583333333333334 0.7775 0.028333333333333332 0.06
2 0.43833333333333335 0.77875 0.02 0.0525
2 0.675 0.77125 0.023333333333333334 0.0475
2 0.755 0.75 0.02666666666666667 0.045
2 0.93 0.705 0.03333333333333333 0.065
2 0.9608333333333333 0.765 0.03833333333333333 0.065
2 0.7991666666666667 0.77 0.021666666666666667 0.025
4 0.23 0.745 0.19666666666666666 0.025
4 0.4683333333333333 0.7325 0.21333333333333335 0.04
4 0.7658333333333334 0.71875 0.32166666666666666 0.0525
