0 0.06545454545454546 0.5399515738498789 0.025454545454545455 0.09200968523002422
0 0.10454545454545454 0.5605326876513317 0.034545454545454546 0.11380145278450363
0 0.1318181818181818 0.5447941888619855 0.02 0.07263922518159806
0 0.2109090909090909 0.5617433414043583 0.025454545454545455 0.09200968523002422
0 0.29454545454545455 0.5690072639225182 0.03272727272727273 0.10653753026634383
0 0.3509090909090909 0.5508474576271186 0.025454545454545455 0.08958837772397095
0 0.39090909090909093 0.572639225181598 0.03272727272727273 0.1089588377723971
0 0.33 0.5290556900726392 0.023636363636363636 0.07506053268765134
0 0.4490909090909091 0.5605326876513317 0.03272727272727273 0.10411622276029056
0 0.49 0.576271186440678 0.04181818181818182 0.13559322033898305
0 0.5263636363636364 0.559322033898305 0.034545454545454546 0.12106537530266344
0 0.5781818181818181 0.5556900726392252 0.03272727272727273 0.1089588377723971
0 0.6136363636363636 0.6004842615012107 0.038181818181818185 0.12590799031476999
0 0.66 0.5847457627118644 0.03272727272727273 0.1089588377723971
0 0.6909090909090909 0.5714285714285714 0.03272727272727273 0.11138014527845036
0 0.730909090909091 0.5605326876513317 0.03272727272727273 0.1089588377723971
0 0.7872727272727272 0.62590799031477 0.04363636363636364 0.14285714285714285
0 0.8163636363636364 0.5920096852300242 0.03272727272727273 0.11380145278450363
0 0.8372727272727273 0.5774818401937046 0.034545454545454546 0.11380145278450363
0 0.5027272727272727 0.6513317191283293 0.04909090909090909 0.16464891041162227
0 0.9518181818181818 0.5060532687651331 0.023636363636363636 0.0774818401937046
0 0.07909090909090909 0.4539951573849879 0.02 0.06537530266343826
0 0.04818181818181818 0.4261501210653753 0.016363636363636365 0.053268765133171914
0 0.6309090909090909 0.5351089588377724 0.01818181818181818 0.06779661016949153
2 0.99 0.4915254237288136 0.016363636363636365 0.03389830508474576
2 0.8618181818181818 0.5569007263922519 0.03636363636363636 0.1162227602905569
2 0.76 0.5423728813559322 0.03272727272727273 0.08716707021791767
2 0.8827272727272727 0.5387409200968523 0.034545454545454546 0.12832929782082325
4 0.16636363636363635 0.4539951573849879 0.12181818181818181 0.08958837772397095
4 0.03 0.47336561743341404 0.04909090909090909 0.09443099273607748
4 0.38 0.48789346246973364 0.20727272727272728 0.05084745762711865
4 0.6281818181818182 0.4794188861985472 0.2309090909090909 0.048426150121065374
4 0.7963636363636364 0.4927360774818402 0.06181818181818182 0.06053268765133172
