0 0.02 0.4981203007518797 0.04 0.18421052631578946
0 0.06125 0.5131578947368421 0.0575 0.22180451127819548
0 0.1 0.4699248120300752 0.035 0.14285714285714285
0 0.12875 0.4567669172932331 0.0325 0.11654135338345864
0 0.145 0.48120300751879697 0.045 0.17293233082706766
0 0.1675 0.5281954887218046 0.09 0.32706766917293234
0 0.2025 0.5037593984962406 0.05 0.18796992481203006
0 0.2525 0.5639097744360902 0.115 0.42857142857142855
0 0.34 0.4906015037593985 0.07 0.2593984962406015
0 0.2975 0.4548872180451128 0.035 0.13533834586466165
0 0.3175 0.4548872180451128 0.035 0.14285714285714285
0 0.38 0.4793233082706767 0.045 0.17669172932330826
0 0.475 0.4868421052631579 0.055 0.21428571428571427
0 0.5075 0.518796992481203 0.085 0.3082706766917293
0 0.5525 0.6240601503759399 0.16 0.5939849624060151
0 0.625 0.4793233082706767 0.05 0.19172932330827067
0 0.69125 0.5150375939849624 0.0725 0.2781954887218045
0 0.725 0.4680451127819549 0.05 0.19172932330827067
0 0.8075 0.4642857142857143 0.02 0.07894736842105263
0 0.84625 0.46616541353383456 0.0425 0.16541353383458646
0 0.87 0.4906015037593985 0.06 0.22932330827067668
0 0.91375 0.5300751879699248 0.0875 0.3233082706766917
0 0.96625 0.4473684210526316 0.0425 0.16541353383458646
0 0.9825 0.5150375939849624 0.035 0.24060150375939848
2 0.785 0.46616541353383456 0.025 0.08270676691729323
2 0.7475 0.4699248120300752 0.03 0.08270676691729323
2 0.03875 0.42105263157894735 0.0375 0.05263157894736842
2 0.27375 0.41541353383458646 0.0275 0.041353383458646614
3 0.49125 0.8026315789473685 0.5125 0.13157894736842105
3 0.34125 0.6860902255639098 0.3175 0.09398496240601503
3 0.75375 0.7030075187969925 0.3725 0.08270676691729323
