0 0.05 0.6893732970027248 0.08181818181818182 0.2997275204359673
0 0.11454545454545455 0.6866485013623979 0.09454545454545454 0.34877384196185285
0 0.1618181818181818 0.6920980926430518 0.09818181818181818 0.35967302452316074
0 0.23454545454545456 0.6798365122615804 0.10181818181818182 0.3787465940054496
0 0.2 0.6798365122615804 0.09090909090909091 0.329700272479564
0 0.35909090909090907 0.6757493188010899 0.09636363636363636 0.3542234332425068
0 0.41454545454545455 0.6839237057220708 0.09818181818181818 0.35967302452316074
0 0.3890909090909091 0.6580381471389646 0.08363636363636363 0.3133514986376022
0 0.4681818181818182 0.6893732970027248 0.10363636363636364 0.3814713896457766
0 0.5381818181818182 0.6880108991825613 0.09818181818181818 0.3569482288828338
0 0.5154545454545455 0.6566757493188011 0.08545454545454545 0.3106267029972752
0 0.5627272727272727 0.6689373297002725 0.08545454545454545 0.3188010899182561
0 0.6090909090909091 0.6798365122615804 0.10181818181818182 0.3787465940054496
0 0.6909090909090909 0.6866485013623979 0.10181818181818182 0.37057220708446864
0 0.77 0.6798365122615804 0.10363636363636364 0.3787465940054496
0 0.8490909090909091 0.6811989100817438 0.10181818181818182 0.3760217983651226
0 0.9272727272727272 0.6825613079019074 0.10181818181818182 0.37329700272479566
0 0.9518181818181818 0.6498637602179836 0.09636363636363636 0.3569482288828338
0 0.81 0.6662125340599455 0.08181818181818182 0.3079019073569482
0 0.7327272727272728 0.659400544959128 0.08363636363636363 0.31607629427792916
2 0.02 0.5613079019073569 0.03272727272727273 0.0653950953678474
2 0.07454545454545454 0.5395095367847411 0.025454545454545455 0.08174386920980926
2 0.09181818181818181 0.5367847411444142 0.023636363636363636 0.04904632152588556
2 0.17363636363636364 0.5299727520435967 0.056363636363636366 0.08991825613079019
2 0.2681818181818182 0.5395095367847411 0.038181818181818185 0.05449591280653951
2 0.4527272727272727 0.5286103542234333 0.04 0.05994550408719346
2 0.4890909090909091 0.5354223433242506 0.025454545454545455 0.051771117166212535
2 0.6272727272727273 0.5163487738419619 0.02909090909090909 0.06267029972752043
2 0.7872727272727272 0.5367847411444142 0.04 0.08719346049046321
2 0.8245454545454546 0.5408719346049047 0.02727272727272727 0.04087193460490463
2 0.8809090909090909 0.5463215258855586 0.04181818181818182 0.07901907356948229
2 0.5745454545454546 0.5340599455040872 0.02181818181818182 0.07629427792915532
