0 0.030555555555555555 0.3277777777777778 0.03333333333333333 0.13111111111111112
0 0.049305555555555554 0.3244444444444444 0.029166666666666667 0.12
0 0.08958333333333333 0.3244444444444444 0.029166666666666667 0.12
0 0.10625 0.08666666666666667 0.020833333333333332 0.08
0 0.11666666666666667 0.08333333333333333 0.022222222222222223 0.09111111111111111
0 0.15208333333333332 0.08555555555555555 0.02361111111111111 0.09111111111111111
0 0.17708333333333334 0.09 0.020833333333333332 0.08666666666666667
0 0.20416666666666666 0.3288888888888889 0.044444444444444446 0.17777777777777778
0 0.14930555555555555 0.34 0.03194444444444444 0.12444444444444444
0 0.17777777777777778 0.32555555555555554 0.030555555555555555 0.12666666666666668
0 0.1375 0.32 0.027777777777777776 0.11555555555555555
0 0.24305555555555555 0.32222222222222224 0.03333333333333333 0.13333333333333333
0 0.2763888888888889 0.3411111111111111 0.041666666666666664 0.1622222222222222
0 0.2951388888888889 0.34444444444444444 0.04583333333333333 0.17777777777777778
0 0.31805555555555554 0.3388888888888889 0.04722222222222222 0.18444444444444444
0 0.3472222222222222 0.33555555555555555 0.041666666666666664 0.1688888888888889
0 0.37569444444444444 0.33555555555555555 0.04583333333333333 0.17777777777777778
0 0.41388888888888886 0.3277777777777778 0.041666666666666664 0.16666666666666666
0 0.43125 0.32555555555555554 0.04861111111111111 0.18888888888888888
0 0.45902777777777776 0.3244444444444444 0.0375 0.14666666666666667
0 0.48819444444444443 0.3233333333333333 0.0375 0.15333333333333332
0 0.5055555555555555 0.32 0.041666666666666664 0.16444444444444445
0 0.5243055555555556 0.4022222222222222 0.05694444444444444 0.22666666666666666
0 0.5784722222222223 0.35 0.05416666666666667 0.21555555555555556
0 0.6194444444444445 0.32666666666666666 0.044444444444444446 0.17777777777777778
0 0.65625 0.34555555555555556 0.05416666666666667 0.2111111111111111
0 0.7416666666666667 0.36444444444444446 0.058333333333333334 0.22666666666666666
0 0.7902777777777777 0.33111111111111113 0.05 0.19555555555555557
0 0.8152777777777778 0.33555555555555555 0.044444444444444446 0.17777777777777778
0 0.8569444444444444 0.3322222222222222 0.05 0.20222222222222222
0 0.8895833333333333 0.34 0.04861111111111111 0.19555555555555557
0 0.9375 0.3433333333333333 0.05555555555555555 0.22
2 0.02847222222222222 0.40444444444444444 0.0375 0.08888888888888889
2 0.05416666666666667 0.4077777777777778 0.041666666666666664 0.11777777777777777
2 0.07847222222222222 0.4177777777777778 0.02361111111111111 0.06666666666666667
2 0.11736111111111111 0.41888888888888887 0.05138888888888889 0.10444444444444445
2 0.1763888888888889 0.42777777777777776 0.05555555555555555 0.14
2 0.21319444444444444 0.4411111111111111 0.0625 0.12666666666666668
2 0.2611111111111111 0.4166666666666667 0.05555555555555555 0.15333333333333332
2 0.23055555555555557 0.37 0.03888888888888889 0.06444444444444444
2 0.31666666666666665 0.43 0.06111111111111111 0.1622222222222222
2 0.3541666666666667 0.41555555555555557 0.041666666666666664 0.09777777777777778
2 0.38055555555555554 0.4577777777777778 0.06111111111111111 0.15555555555555556
2 0.4173611111111111 0.4955555555555556 0.10972222222222222 0.19111111111111112
2 0.4895833333333333 0.5166666666666667 0.06805555555555555 0.16666666666666666
2 0.5520833333333334 0.5288888888888889 0.10972222222222222 0.21333333333333335
2 0.6263888888888889 0.5466666666666666 0.1361111111111111 0.26222222222222225
2 0.5986111111111111 0.48 0.05555555555555555 0.13333333333333333
2 0.5819444444444445 0.4033333333333333 0.03333333333333333 0.06888888888888889
2 0.6284722222222222 0.37 0.04583333333333333 0.11333333333333333
2 0.6618055555555555 0.38 0.034722222222222224 0.09777777777777778
2 0.6840277777777778 0.37555555555555553 0.018055555555555554 0.06222222222222222
2 0.7090277777777778 0.3811111111111111 0.0375 0.06444444444444444
2 0.7097222222222223 0.44222222222222224 0.058333333333333334 0.09777777777777778
2 0.6979166666666666 0.49777777777777776 0.06805555555555555 0.14222222222222222
2 0.7555555555555555 0.5677777777777778 0.09722222222222222 0.26
2 0.8645833333333334 0.5922222222222222 0.12638888888888888 0.2644444444444444
2 0.8284722222222223 0.5088888888888888 0.04861111111111111 0.15555555555555556
2 0.7805555555555556 0.4411111111111111 0.058333333333333334 0.11333333333333333
2 0.9638888888888889 0.5788888888888889 0.06944444444444445 0.25555555555555554
2 0.90625 0.4688888888888889 0.05694444444444444 0.13777777777777778
2 0.9534722222222223 0.45555555555555555 0.05138888888888889 0.11555555555555555
2 0.8736111111111111 0.37555555555555553 0.058333333333333334 0.13333333333333333
2 0.8222222222222222 0.4033333333333333 0.03611111111111111 0.06444444444444444
2 0.8416666666666667 0.38 0.03888888888888889 0.08444444444444445
4 0.8145833333333333 0.24888888888888888 0.3680555555555556 0.06666666666666667
4 0.5222222222222223 0.2677777777777778 0.019444444444444445 0.06
4 0.5409722222222222 0.28444444444444444 0.018055555555555554 0.057777777777777775
