0 0.073974609375 0.7781709308655417 0.12158203125 0.3326075122482308
0 0.130859375 0.7634730538922155 0.146484375 0.4001088731627654
0 0.20166015625 0.6350027218290691 0.0498046875 0.13554708764289602
0 0.258056640625 0.6815459989112683 0.09326171875 0.25367446924333154
0 0.355712890625 0.7283614589003811 0.05810546875 0.1578660860097986
0 0.402587890625 0.6853565596080566 0.08251953125 0.22427871529667937
0 0.456298828125 0.6189439303211758 0.03369140625 0.09254218835057158
0 0.473876953125 0.6189439303211758 0.03369140625 0.0914534567229178
0 0.504638671875 0.6126837234621666 0.02880859375 0.07784431137724551
0 0.5283203125 0.6801850843767011 0.0859375 0.23353293413173654
0 0.602294921875 0.6801850843767011 0.08740234375 0.23897659227000545
0 0.561279296875 0.6396298312465977 0.04150390625 0.11431682090364725
0 0.6328125 0.6420794774088188 0.048828125 0.13228089275993468
0 0.664306640625 0.6450734893848666 0.04443359375 0.12193794229722374
0 0.697265625 0.6385410996189439 0.046875 0.12738160043549265
0 0.71484375 0.6526946107784432 0.0615234375 0.16875340228633642
0 0.7841796875 0.6594991834512792 0.0537109375 0.14643440391943385
0 0.759521484375 0.633097441480675 0.03662109375 0.09907457811649428
0 0.73828125 0.6216657593903103 0.03515625 0.09689711486118671
0 0.831787109375 0.6529667936853566 0.05810546875 0.15949918345127925
0 0.865966796875 0.645890038105607 0.05126953125 0.13990201415351117
0 0.921630859375 0.6135002721829069 0.03173828125 0.08600979858464888
0 0.935791015625 0.6135002721829069 0.03173828125 0.08818726183995645
0 0.9462890625 0.6121393576483397 0.033203125 0.08982035928143713
0 0.68359375 0.633097441480675 0.0341796875 0.09471965160587915
0 0.8046875 0.6290146978769733 0.033203125 0.08982035928143713
2 0.010498046875 0.587915078933043 0.02099609375 0.04137180185084377
2 0.1025390625 0.5933587370713119 0.0361328125 0.0783886771910724
2 0.280517578125 0.5876428960261295 0.01904296875 0.032117583015786606
2 0.43603515625 0.5909090909090909 0.0244140625 0.027762656505171474
2 0.554443359375 0.5870985302123026 0.02001953125 0.03756124115405553
2 0.57861328125 0.5898203592814372 0.0205078125 0.024496461622210124
2 0.651611328125 0.5898203592814372 0.01904296875 0.02558519324986391
2 0.78515625 0.5919978225367447 0.033203125 0.04300489929232444
2 0.903564453125 0.5909090909090909 0.01708984375 0.027762656505171474
2 0.966552734375 0.5890038105606968 0.02197265625 0.033750680457267285
2 0.981201171875 0.587915078933043 0.02197265625 0.03592814371257485
2 0.971923828125 0.628198149156233 0.03955078125 0.06314643440391943
2 0.944091796875 0.6869896570495373 0.07080078125 0.12193794229722374
2 0.9873046875 0.6859009254218835 0.025390625 0.130647795318454
