0 0.10579710144927536 0.3858800773694391 0.04927536231884058 0.1644100580270793
0 0.21159420289855072 0.4274661508704062 0.08405797101449275 0.27852998065764023
0 0.24492753623188407 0.3646034816247582 0.034782608695652174 0.11411992263056092
0 0.42536231884057973 0.3617021276595745 0.030434782608695653 0.10058027079303675
0 0.4340579710144927 0.35589941972920697 0.030434782608695653 0.10444874274661509
0 0.44130434782608696 0.3646034816247582 0.0391304347826087 0.13346228239845262
0 0.5355072463768116 0.3646034816247582 0.036231884057971016 0.1218568665377176
0 0.3710144927536232 0.3597678916827853 0.03188405797101449 0.10444874274661509
0 0.39492753623188404 0.35880077369439073 0.030434782608695653 0.10251450676982592
0 0.021739130434782608 0.3916827852998066 0.043478260869565216 0.16827852998065765
0 0.029710144927536233 0.38684719535783363 0.04782608695652174 0.15473887814313347
0 0.6978260869565217 0.3965183752417795 0.05652173913043478 0.18568665377176016
0 0.7333333333333333 0.40425531914893614 0.057971014492753624 0.1895551257253385
0 0.758695652173913 0.39361702127659576 0.05652173913043478 0.18375241779497098
0 0.7876811594202898 0.3713733075435203 0.0391304347826087 0.1276595744680851
0 0.8072463768115942 0.3771760154738878 0.04057971014492753 0.13539651837524178
0 0.8507246376811595 0.3945841392649903 0.05217391304347826 0.1702127659574468
0 0.8753623188405797 0.48936170212765956 0.12753623188405797 0.42166344294003866
0 0.9347826086956522 0.5899419729206963 0.13043478260869565 0.6073500967117988
0 0.9188405797101449 0.402321083172147 0.06376811594202898 0.20889748549323017
0 0.4934782608695652 0.46421663442940037 0.09710144927536232 0.32108317214700194
2 0.4572463768115942 0.3152804642166344 0.010144927536231883 0.015473887814313346
2 0.2898550724637681 0.3916827852998066 0.02318840579710145 0.059961315280464215
2 0.3094202898550725 0.390715667311412 0.02463768115942029 0.058027079303675046
2 0.33768115942028987 0.3916827852998066 0.04057971014492753 0.05222437137330754
2 0.06304347826086956 0.40618955512572535 0.036231884057971016 0.061895551257253385
2 0.11666666666666667 0.4458413926499033 0.0536231884057971 0.08317214700193423
2 0.9036231884057971 0.3365570599613153 0.02753623188405797 0.07736943907156674
2 0.9420289855072463 0.31431334622823986 0.034782608695652174 0.06769825918762089
2 0.8282608695652174 0.4071566731141199 0.0391304347826087 0.07543520309477757
2 0.8579710144927536 0.3568665377176016 0.03188405797101449 0.059961315280464215
