0 0.5695652173913044 0.6706521739130434 0.06086956521739131 0.22391304347826088
0 0.5934782608695652 0.6771739130434783 0.059420289855072465 0.22391304347826088
0 0.6268115942028986 0.6695652173913044 0.05652173913043478 0.20869565217391303
0 0.6855072463768116 0.6717391304347826 0.057971014492753624 0.21304347826086956
0 0.7043478260869566 0.6619565217391304 0.04927536231884058 0.18478260869565216
0 0.7485507246376811 0.6804347826086956 0.06231884057971015 0.22608695652173913
0 0.7862318840579711 0.6847826086956522 0.06231884057971015 0.23043478260869565
0 0.8028985507246377 0.6728260869565217 0.05217391304347826 0.1934782608695652
0 0.8333333333333334 0.6739130434782609 0.05507246376811594 0.20869565217391303
0 0.04057971014492753 0.8293478260869566 0.07246376811594203 0.26304347826086955
0 0.15144927536231884 0.8173913043478261 0.07101449275362319 0.2608695652173913
0 0.2246376811594203 0.8206521739130435 0.06956521739130435 0.25869565217391305
0 0.3217391304347826 0.8228260869565217 0.07536231884057971 0.28043478260869564
0 0.3898550724637681 0.841304347826087 0.06376811594202898 0.23478260869565218
0 0.44565217391304346 0.8402173913043478 0.06231884057971015 0.22826086956521738
0 0.5289855072463768 0.8565217391304348 0.07246376811594203 0.26956521739130435
0 0.5021739130434782 0.8913043478260869 0.05652173913043478 0.20869565217391303
0 0.5971014492753624 0.8782608695652174 0.06086956521739131 0.2217391304347826
0 0.6507246376811594 0.8880434782608696 0.057971014492753624 0.21521739130434783
0 0.6942028985507246 0.8576086956521739 0.06376811594202898 0.23695652173913043
0 0.8355072463768116 0.8510869565217392 0.07101449275362319 0.25869565217391305
0 0.8971014492753623 0.8608695652173913 0.06666666666666667 0.24347826086956523
2 0.16594202898550725 0.8804347826086957 0.04492753623188406 0.0782608695652174
2 0.13043478260869565 0.5847826086956521 0.06956521739130435 0.11739130434782609
2 0.014492753623188406 0.8673913043478261 0.02608695652173913 0.07391304347826087
2 0.042028985507246375 0.925 0.05507246376811594 0.0891304347826087
2 0.08405797101449275 0.9695652173913043 0.05217391304347826 0.06086956521739131
2 0.1391304347826087 0.9826086956521739 0.05507246376811594 0.034782608695652174
2 0.21884057971014492 0.9445652173913044 0.03768115942028986 0.058695652173913045
2 0.2398550724637681 0.966304347826087 0.050724637681159424 0.05
2 0.2811594202898551 0.8902173913043478 0.034782608695652174 0.05434782608695652
2 0.26521739130434785 0.9206521739130434 0.0463768115942029 0.06739130434782609
2 0.3615942028985507 0.9586956521739131 0.06521739130434782 0.0782608695652174
2 0.4072463768115942 0.9434782608695652 0.12173913043478261 0.10434782608695652
2 0.7724637681159421 0.7880434782608695 0.043478260869565216 0.13260869565217392
2 0.7934782608695652 0.8880434782608696 0.06521739130434782 0.20217391304347826
2 0.9565217391304348 0.7934782608695652 0.028985507246376812 0.04782608695652174
2 0.9253623188405797 0.8804347826086957 0.06521739130434782 0.2
2 0.9637681159420289 0.9 0.06956521739130435 0.19130434782608696
2 0.9818840579710145 0.7739130434782608 0.03333333333333333 0.06086956521739131
2 0.6115942028985507 0.75 0.028985507246376812 0.043478260869565216
2 0.5355072463768116 0.7652173913043478 0.042028985507246375 0.07391304347826087
2 0.731159420289855 0.7532608695652174 0.02753623188405797 0.05434782608695652
2 0.6275362318840579 0.758695652173913 0.02608695652173913 0.05217391304347826
2 0.5630434782608695 0.9717391304347827 0.04492753623188406 0.05217391304347826
