0 0.05625 0.48928571428571427 0.0275 0.10714285714285714
0 0.10875 0.5178571428571429 0.0325 0.12142857142857143
0 0.14125 0.5571428571428572 0.0375 0.14285714285714285
0 0.20125 0.6160714285714286 0.0425 0.15357142857142858
0 0.22375 0.4785714285714286 0.0325 0.11428571428571428
0 0.25 0.5357142857142857 0.035 0.12142857142857143
0 0.275 0.6660714285714285 0.045 0.16785714285714284
0 0.31 0.5482142857142858 0.035 0.13214285714285715
0 0.32625 0.4767857142857143 0.0275 0.10357142857142858
0 0.36375 0.5214285714285715 0.0325 0.11428571428571428
0 0.395 0.6071428571428571 0.045 0.15714285714285714
0 0.35375 0.7285714285714285 0.0525 0.19285714285714287
0 0.45625 0.8017857142857143 0.0625 0.225
0 0.48 0.65 0.045 0.16428571428571428
0 0.48875 0.5232142857142857 0.0375 0.13214285714285715
0 0.485 0.5571428571428572 0.035 0.12857142857142856
0 0.5575 0.48035714285714287 0.03 0.10357142857142858
0 0.6125 0.5214285714285715 0.035 0.12857142857142856
0 0.57875 0.6017857142857143 0.0425 0.14642857142857144
0 0.5925 0.7214285714285714 0.055 0.2
0 0.75 0.6535714285714286 0.045 0.16428571428571428
0 0.82625 0.6053571428571428 0.0425 0.16071428571428573
0 0.875 0.5642857142857143 0.035 0.1357142857142857
0 0.91875 0.525 0.0325 0.12142857142857143
0 0.9825 0.48035714285714287 0.03 0.11785714285714285
0 0.825 0.48214285714285715 0.025 0.1
0 0.79125 0.5232142857142857 0.0325 0.11785714285714285
0 0.71125 0.5660714285714286 0.0375 0.1392857142857143
0 0.72875 0.4857142857142857 0.0275 0.1
0 0.41625 0.48035714285714287 0.0325 0.11785714285714285
