0 0.689375 0.6294559099437148 0.18375 0.6735459662288931
0 0.954375 0.5140712945590994 0.09125 0.37523452157598497
0 0.728125 0.5206378986866792 0.09375 0.3433395872420263
0 0.374375 0.6144465290806754 0.14625 0.5347091932457786
0 0.455 0.5900562851782364 0.125 0.4634146341463415
0 0.484375 0.5075046904315197 0.07875 0.29080675422138835
0 0.425625 0.5628517823639775 0.10875 0.3977485928705441
0 0.063125 0.5853658536585366 0.12625 0.5140712945590994
0 0.10125 0.573170731707317 0.125 0.4634146341463415
0 0.193125 0.5562851782363978 0.09875 0.3621013133208255
0 0.156875 0.5572232645403377 0.10625 0.3902439024390244
0 0.220625 0.5272045028142589 0.08375 0.31144465290806755
0 0.02375 0.5459662288930581 0.0475 0.3227016885553471
0 0.116875 0.07223264540337711 0.03625 0.13696060037523453
2 0.558125 0.039399624765478425 0.04125 0.075046904315197
2 0.25875 0.07410881801125703 0.0475 0.09193245778611632
2 0.830625 0.5103189493433395 0.06625 0.1951219512195122
2 0.896875 0.5168855534709194 0.07125 0.21951219512195122
2 0.88 0.4455909943714822 0.045 0.15947467166979362
2 0.90375 0.27392120075046905 0.06 0.14634146341463414
2 0.971875 0.21857410881801126 0.05625 0.17448405253283303
2 0.82 0.36679174484052535 0.065 0.14446529080675422
2 0.91875 0.40619136960600377 0.0325 0.054409005628517824
2 0.830625 0.29080675422138835 0.04125 0.1050656660412758
2 0.808125 0.2223264540337711 0.04375 0.10694183864915573
2 0.783125 0.3142589118198874 0.04875 0.15196998123827393
2 0.749375 0.23639774859287055 0.04375 0.08630393996247655
2 0.7 0.2973733583489681 0.04 0.058161350844277676
2 0.75625 0.2776735459662289 0.0375 0.10131332082551595
2 0.5775 0.3968105065666041 0.0575 0.15196998123827393
2 0.5225 0.400562851782364 0.045 0.15572232645403378
2 0.464375 0.2654784240150094 0.02875 0.054409005628517824
2 0.29125 0.49437148217636023 0.055 0.15572232645403378
2 0.255 0.49343339587242024 0.0525 0.14634146341463414
2 0.591875 0.2879924953095685 0.03875 0.06941838649155722
2 0.269375 0.3789868667917448 0.02375 0.0600375234521576
2 0.496875 0.2795497185741088 0.04625 0.08630393996247655
