0 0.05090909090909091 0.6639344262295082 0.09090909090909091 0.3333333333333333
0 0.12 0.6666666666666666 0.08363636363636363 0.31693989071038253
0 0.1918181818181818 0.6653005464480874 0.0890909090909091 0.3251366120218579
0 0.2690909090909091 0.6543715846994536 0.09090909090909091 0.33060109289617484
0 0.35909090909090907 0.6612021857923497 0.08545454545454545 0.31693989071038253
0 0.4490909090909091 0.6516393442622951 0.09090909090909091 0.34153005464480873
0 0.5445454545454546 0.6543715846994536 0.08545454545454545 0.31420765027322406
0 0.6618181818181819 0.662568306010929 0.08363636363636363 0.3087431693989071
0 0.73 0.6543715846994536 0.08181818181818182 0.3087431693989071
0 0.8236363636363636 0.6530054644808743 0.08727272727272728 0.32786885245901637
0 0.8863636363636364 0.657103825136612 0.08545454545454545 0.31420765027322406
0 0.92 0.6489071038251366 0.07272727272727272 0.27595628415300544
0 0.9554545454545454 0.6461748633879781 0.0890909090909091 0.34153005464480873
