0 0.6152173913043478 0.8116504854368932 0.08260869565217391 0.2757281553398058
0 0.7137681159420289 0.7796116504854369 0.04492753623188406 0.14563106796116504
0 0.6992753623188406 0.7553398058252427 0.036231884057971016 0.12427184466019417
0 0.6666666666666666 0.7932038834951456 0.04927536231884058 0.16116504854368932
0 0.7471014492753624 0.7854368932038835 0.050724637681159424 0.16893203883495145
0 0.8014492753623188 0.7310679611650486 0.043478260869565216 0.141747572815534
0 0.8615942028985507 0.7349514563106796 0.04782608695652174 0.15728155339805824
0 0.8934782608695652 0.7339805825242719 0.042028985507246375 0.1436893203883495
0 0.4028985507246377 0.7815533980582524 0.04927536231884058 0.16116504854368932
0 0.45507246376811594 0.7941747572815534 0.05217391304347826 0.170873786407767
0 0.5195652173913043 0.8009708737864077 0.0536231884057971 0.1766990291262136
0 0.48840579710144927 0.7699029126213592 0.043478260869565216 0.14563106796116504
0 0.4311594202898551 0.7572815533980582 0.042028985507246375 0.13592233009708737
0 0.36231884057971014 0.7485436893203884 0.04057971014492753 0.13398058252427184
0 0.322463768115942 0.7407766990291262 0.036231884057971016 0.12233009708737864
0 0.30579710144927535 0.7631067961165049 0.043478260869565216 0.14757281553398058
0 0.2543478260869565 0.7572815533980582 0.042028985507246375 0.1436893203883495
0 0.27246376811594203 0.7330097087378641 0.03768115942028986 0.12233009708737864
0 0.21739130434782608 0.7524271844660194 0.04057971014492753 0.1378640776699029
0 0.18333333333333332 0.7446601941747573 0.0391304347826087 0.13009708737864079
0 0.16594202898550725 0.7339805825242719 0.036231884057971016 0.1203883495145631
0 0.14782608695652175 0.7126213592233009 0.034782608695652174 0.11262135922330097
0 0.1282608695652174 0.7271844660194174 0.036231884057971016 0.12233009708737864
0 0.10579710144927536 0.7233009708737864 0.034782608695652174 0.11844660194174757
0 0.07536231884057971 0.7145631067961165 0.034782608695652174 0.1203883495145631
0 0.06376811594202898 0.6553398058252428 0.028985507246376812 0.09514563106796116
0 0.03188405797101449 0.6601941747572816 0.028985507246376812 0.0970873786407767
0 0.586231884057971 0.7572815533980582 0.04782608695652174 0.1553398058252427
0 0.5652173913043478 0.7825242718446602 0.043478260869565216 0.14757281553398058
0 0.5340579710144927 0.7533980582524272 0.0391304347826087 0.12815533980582525
0 0.9456521739130435 0.7271844660194174 0.042028985507246375 0.1378640776699029
0 0.927536231884058 0.7145631067961165 0.04057971014492753 0.13980582524271845
0 0.981159420289855 0.7339805825242719 0.03768115942028986 0.1436893203883495
0 0.967391304347826 0.7252427184466019 0.04492753623188406 0.1533980582524272
0 0.8173913043478261 0.7252427184466019 0.04057971014492753 0.1378640776699029
0 0.007971014492753623 0.6514563106796116 0.015942028985507246 0.08737864077669903
0 0.24565217391304348 0.7271844660194174 0.03333333333333333 0.1145631067961165
0 0.3673913043478261 0.7058252427184466 0.030434782608695653 0.1029126213592233
0 0.3333333333333333 0.7009708737864078 0.028985507246376812 0.0970873786407767
0 0.39420289855072466 0.7271844660194174 0.03188405797101449 0.11067961165048544
0 0.4826086956521739 0.7388349514563107 0.03768115942028986 0.12233009708737864
0 0.6528985507246376 0.7058252427184466 0.0391304347826087 0.13398058252427184
0 0.6826086956521739 0.7116504854368932 0.04057971014492753 0.1378640776699029
0 0.6949275362318841 0.6116504854368932 0.013043478260869565 0.04660194174757282
2 0.021739130434782608 0.7262135922330097 0.04057971014492753 0.10485436893203884
2 0.45869565217391306 0.6883495145631068 0.01884057971014493 0.04854368932038835
2 0.5456521739130434 0.7048543689320388 0.01884057971014493 0.07378640776699029
2 0.5057971014492754 0.6893203883495146 0.020289855072463767 0.05048543689320388
2 0.4427536231884058 0.6893203883495146 0.01884057971014493 0.04660194174757282
2 0.7442028985507246 0.6378640776699029 0.0391304347826087 0.03300970873786408
2 0.841304347826087 0.6650485436893204 0.036231884057971016 0.06407766990291262
2 0.881159420289855 0.6757281553398058 0.028985507246376812 0.062135922330097085
2 0.6971014492753623 0.6592233009708738 0.02318840579710145 0.05242718446601942
2 0.7181159420289855 0.6475728155339806 0.013043478260869565 0.021359223300970873
2 0.7862318840579711 0.641747572815534 0.01884057971014493 0.04854368932038835
2 0.7405797101449275 0.6747572815533981 0.02318840579710145 0.04466019417475728
4 0.34347826086956523 0.6184466019417476 0.6869565217391305 0.1378640776699029
4 0.8942028985507247 0.6398058252427185 0.20869565217391303 0.09902912621359224
4 0.3181159420289855 0.45436893203883494 0.12318840579710146 0.027184466019417475
