0 0.17363636363636364 0.75 0.05272727272727273 0.32142857142857145
0 0.1990909090909091 0.7120535714285714 0.056363636363636366 0.35267857142857145
0 0.22636363636363635 0.7477678571428571 0.05272727272727273 0.32589285714285715
0 0.2609090909090909 0.7366071428571429 0.06 0.375
0 0.2863636363636364 0.7477678571428571 0.056363636363636366 0.33482142857142855
0 0.3336363636363636 0.75 0.056363636363636366 0.3392857142857143
0 0.39 0.7455357142857143 0.05272727272727273 0.33035714285714285
0 0.4390909090909091 0.7477678571428571 0.056363636363636366 0.35267857142857145
0 0.4909090909090909 0.7433035714285714 0.05818181818181818 0.35267857142857145
0 0.5381818181818182 0.7455357142857143 0.05454545454545454 0.3392857142857143
0 0.6018181818181818 0.7700892857142857 0.06545454545454546 0.39732142857142855
0 0.5863636363636363 0.7477678571428571 0.056363636363636366 0.35267857142857145
0 0.649090909090909 0.7522321428571429 0.05454545454545454 0.33482142857142855
0 0.7036363636363636 0.7433035714285714 0.05454545454545454 0.34375
0 0.7572727272727273 0.7633928571428571 0.05272727272727273 0.32142857142857145
0 0.8018181818181818 0.765625 0.05090909090909091 0.3169642857142857
0 0.8536363636363636 0.7678571428571429 0.04909090909090909 0.30357142857142855
0 0.9036363636363637 0.7678571428571429 0.05090909090909091 0.30357142857142855
0 0.9527272727272728 0.7723214285714286 0.05090909090909091 0.3125
2 0.03 0.7879464285714286 0.056363636363636366 0.35267857142857145
2 0.17181818181818181 0.515625 0.016363636363636365 0.07589285714285714
2 0.2 0.45089285714285715 0.025454545454545455 0.08035714285714286
2 0.2309090909090909 0.5044642857142857 0.01818181818181818 0.07142857142857142
2 0.25272727272727274 0.44642857142857145 0.02181818181818182 0.08035714285714286
2 0.2781818181818182 0.5022321428571429 0.02181818181818182 0.07589285714285714
2 0.25727272727272726 0.5424107142857143 0.02 0.04017857142857143
2 0.3109090909090909 0.5580357142857143 0.01818181818181818 0.0625
2 0.30727272727272725 0.4263392857142857 0.025454545454545455 0.07589285714285714
2 0.33454545454545453 0.49330357142857145 0.01818181818181818 0.06696428571428571
2 0.35363636363636364 0.41964285714285715 0.016363636363636365 0.0625
2 0.38727272727272727 0.49107142857142855 0.025454545454545455 0.07142857142857142
2 0.4118181818181818 0.41964285714285715 0.02 0.05357142857142857
2 0.36272727272727273 0.5513392857142857 0.023636363636363636 0.06696428571428571
2 0.4118181818181818 0.5513392857142857 0.02 0.06696428571428571
2 0.4445454545454545 0.4799107142857143 0.023636363636363636 0.049107142857142856
2 0.46454545454545454 0.5401785714285714 0.023636363636363636 0.0625
2 0.49 0.48214285714285715 0.023636363636363636 0.07142857142857142
2 0.46454545454545454 0.4107142857142857 0.02 0.0625
2 0.5163636363636364 0.40625 0.025454545454545455 0.0625
2 0.5172727272727272 0.5357142857142857 0.016363636363636365 0.08035714285714286
2 0.54 0.48660714285714285 0.01818181818181818 0.0625
2 0.5672727272727273 0.53125 0.01818181818181818 0.0625
2 0.5727272727272728 0.40401785714285715 0.025454545454545455 0.07589285714285714
2 0.5936363636363636 0.484375 0.023636363636363636 0.06696428571428571
2 0.6227272727272727 0.39732142857142855 0.02 0.07142857142857142
2 0.6527272727272727 0.4799107142857143 0.02181818181818182 0.06696428571428571
2 0.6209090909090909 0.5491071428571429 0.023636363636363636 0.0625
2 0.6809090909090909 0.5580357142857143 0.023636363636363636 0.07142857142857142
2 0.7045454545454546 0.4955357142857143 0.02 0.0625
2 0.67 0.3950892857142857 0.02 0.07589285714285714
2 0.7218181818181818 0.41517857142857145 0.025454545454545455 0.07142857142857142
2 0.77 0.4174107142857143 0.023636363636363636 0.07589285714285714
2 0.8190909090909091 0.42857142857142855 0.023636363636363636 0.0625
2 0.8618181818181818 0.4375 0.02181818181818182 0.0625
2 0.85 0.5066964285714286 0.02727272727272727 0.07589285714285714
2 0.8763636363636363 0.578125 0.02181818181818182 0.05803571428571429
2 0.8972727272727272 0.5267857142857143 0.023636363636363636 0.07142857142857142
2 0.9218181818181819 0.4575892857142857 0.02181818181818182 0.06696428571428571
2 0.9290909090909091 0.5758928571428571 0.014545454545454545 0.07142857142857142
2 0.9481818181818182 0.5357142857142857 0.016363636363636365 0.07142857142857142
2 0.8027272727272727 0.49330357142857145 0.023636363636363636 0.07589285714285714
2 0.78 0.5491071428571429 0.02181818181818182 0.0625
2 0.8245454545454546 0.5647321428571429 0.023636363636363636 0.07589285714285714
2 0.7554545454545455 0.49330357142857145 0.023636363636363636 0.06696428571428571
2 0.730909090909091 0.5535714285714286 0.02181818181818182 0.07142857142857142
3 0.39090909090909093 0.265625 0.10909090909090909 0.3169642857142857
3 0.1572727272727273 0.45982142857142855 0.038181818181818185 0.08035714285714286
3 0.3118181818181818 0.49330357142857145 0.02 0.049107142857142856
3 0.36 0.48660714285714285 0.02181818181818182 0.05357142857142857
3 0.3381818181818182 0.42857142857142855 0.02181818181818182 0.07142857142857142
3 0.38727272727272727 0.5558035714285714 0.025454545454545455 0.05803571428571429
3 0.4127272727272727 0.4799107142857143 0.02181818181818182 0.05803571428571429
3 0.44272727272727275 0.5446428571428571 0.02 0.0625
3 0.4681818181818182 0.4732142857142857 0.016363636363636365 0.0625
3 0.4918181818181818 0.5491071428571429 0.02727272727272727 0.05357142857142857
3 0.519090909090909 0.47098214285714285 0.016363636363636365 0.05803571428571429
3 0.5418181818181819 0.546875 0.025454545454545455 0.049107142857142856
3 0.5627272727272727 0.47098214285714285 0.016363636363636365 0.04017857142857143
3 0.5918181818181818 0.5446428571428571 0.023636363636363636 0.03571428571428571
3 0.6209090909090909 0.47544642857142855 0.02 0.07589285714285714
3 0.65 0.5513392857142857 0.03090909090909091 0.05803571428571429
3 0.6727272727272727 0.4799107142857143 0.01818181818181818 0.07589285714285714
3 0.7290909090909091 0.48660714285714285 0.02181818181818182 0.044642857142857144
3 0.7072727272727273 0.5602678571428571 0.02181818181818182 0.06696428571428571
3 0.7563636363636363 0.5558035714285714 0.025454545454545455 0.05803571428571429
3 0.7790909090909091 0.484375 0.02 0.049107142857142856
3 0.8009090909090909 0.5580357142857143 0.02 0.05357142857142857
3 0.8254545454545454 0.49776785714285715 0.01818181818181818 0.049107142857142856
3 0.8754545454545455 0.5111607142857143 0.016363636363636365 0.05803571428571429
3 0.7927272727272727 0.4174107142857143 0.01818181818181818 0.06696428571428571
3 0.7418181818181818 0.41294642857142855 0.02181818181818182 0.08482142857142858
3 0.6918181818181818 0.40625 0.02 0.07142857142857142
3 0.6427272727272727 0.40401785714285715 0.02 0.07589285714285714
3 0.5927272727272728 0.40401785714285715 0.01818181818181818 0.06696428571428571
3 0.5463636363636364 0.40848214285714285 0.02 0.06696428571428571
3 0.9681818181818181 0.484375 0.02 0.07589285714285714
