0 0.985 0.7242489270386266 0.03 0.18240343347639484
0 0.9778571428571429 0.6856223175965666 0.04428571428571428 0.16952789699570817
0 0.9557142857142857 0.6534334763948498 0.04285714285714286 0.1609442060085837
0 0.9357142857142857 0.6319742489270386 0.04 0.15236051502145923
0 0.9221428571428572 0.6062231759656652 0.03857142857142857 0.14377682403433475
0 0.9092857142857143 0.5804721030042919 0.03857142857142857 0.13948497854077252
0 0.8921428571428571 0.5504291845493562 0.03857142857142857 0.13948497854077252
0 0.88 0.5343347639484979 0.03428571428571429 0.13304721030042918
0 0.8642857142857143 0.5128755364806867 0.03142857142857143 0.12017167381974249
0 0.8514285714285714 0.48819742489270385 0.02857142857142857 0.10944206008583691
0 0.8385714285714285 0.4699570815450644 0.02857142857142857 0.1072961373390558
0 0.8264285714285714 0.4592274678111588 0.027142857142857142 0.10300429184549356
0 0.8178571428571428 0.44420600858369097 0.027142857142857142 0.09871244635193133
0 0.8121428571428572 0.4281115879828326 0.024285714285714285 0.08798283261802575
0 0.9371428571428572 0.30472103004291845 0.014285714285714285 0.05150214592274678
0 0.9685714285714285 0.30686695278969955 0.014285714285714285 0.060085836909871244
0 0.9235714285714286 0.296137339055794 0.012857142857142857 0.05150214592274678
0 0.865 0.29721030042918456 0.012857142857142857 0.045064377682403435
0 0.8642857142857143 0.7553648068669528 0.05142857142857143 0.19313304721030042
0 0.8514285714285714 0.7242489270386266 0.04285714285714286 0.16523605150214593
0 0.8407142857142857 0.6909871244635193 0.04428571428571428 0.16738197424892703
0 0.8307142857142857 0.6641630901287554 0.04428571428571428 0.1609442060085837
0 0.8192857142857143 0.6276824034334764 0.041428571428571426 0.15665236051502146
0 0.8092857142857143 0.6062231759656652 0.041428571428571426 0.15236051502145923
0 0.8035714285714286 0.5815450643776824 0.03857142857142857 0.14163090128755365
0 0.795 0.5622317596566524 0.03571428571428571 0.13304721030042918
0 0.7871428571428571 0.5375536480686696 0.03142857142857143 0.11802575107296137
0 0.7785714285714286 0.5150214592274678 0.03142857142857143 0.11587982832618025
0 0.7707142857142857 0.49141630901287553 0.027142857142857142 0.1072961373390558
0 0.7657142857142857 0.47103004291845496 0.025714285714285714 0.09656652360515021
0 0.7557142857142857 0.4581545064377682 0.025714285714285714 0.09227467811158799
0 0.7185714285714285 0.7510729613733905 0.05142857142857143 0.1888412017167382
0 0.7071428571428572 0.7199570815450643 0.04285714285714286 0.16523605150214593
0 0.6685714285714286 0.4002145922746781 0.017142857142857144 0.07081545064377683
0 0.5742857142857143 0.7371244635193133 0.054285714285714284 0.19957081545064378
0 0.4407142857142857 0.7317596566523605 0.04428571428571428 0.16738197424892703
0 0.45785714285714285 0.6974248927038627 0.04428571428571428 0.1630901287553648
0 0.47 0.674892703862661 0.04 0.148068669527897
0 0.4785714285714286 0.6566523605150214 0.04 0.15021459227467812
0 0.49214285714285716 0.6255364806866953 0.03857142857142857 0.14377682403433475
0 0.5035714285714286 0.6051502145922747 0.03857142857142857 0.14163090128755365
0 0.5107142857142857 0.5740343347639485 0.03571428571428571 0.1351931330472103
0 0.5207142857142857 0.555793991416309 0.032857142857142856 0.12446351931330472
0 0.5264285714285715 0.5375536480686696 0.032857142857142856 0.1223175965665236
0 0.5314285714285715 0.5203862660944206 0.03142857142857143 0.11373390557939914
0 0.5364285714285715 0.5032188841201717 0.027142857142857142 0.10515021459227468
0 0.5428571428571428 0.490343347639485 0.025714285714285714 0.10085836909871244
0 0.31214285714285717 0.7242489270386266 0.047142857142857146 0.17381974248927037
0 0.33214285714285713 0.694206008583691 0.04428571428571428 0.16952789699570817
0 0.3514285714285714 0.6598712446351931 0.04285714285714286 0.15665236051502146
0 0.3678571428571429 0.6362660944206009 0.041428571428571426 0.15236051502145923
0 0.38 0.6105150214592274 0.04 0.15236051502145923
0 0.39 0.5869098712446352 0.037142857142857144 0.13948497854077252
0 0.4042857142857143 0.5611587982832618 0.03428571428571429 0.13090128755364808
0 0.41928571428571426 0.5418454935622318 0.032857142857142856 0.12660944206008584
0 0.4278571428571429 0.526824034334764 0.03 0.11802575107296137
0 0.465 0.4796137339055794 0.024285714285714285 0.09656652360515021
0 0.45714285714285713 0.47746781115879827 0.02857142857142857 0.10515021459227468
0 0.4735714285714286 0.46030042918454933 0.024285714285714285 0.09656652360515021
0 0.48 0.45278969957081544 0.022857142857142857 0.09012875536480687
0 0.19428571428571428 0.7103004291845494 0.04857142857142857 0.18025751072961374
0 0.21928571428571428 0.6920600858369099 0.03857142857142857 0.13948497854077252
0 0.24 0.6641630901287554 0.04 0.148068669527897
0 0.2642857142857143 0.6437768240343348 0.037142857142857144 0.13733905579399142
0 0.28714285714285714 0.6137339055793991 0.03428571428571429 0.12875536480686695
0 0.09 0.703862660944206 0.04857142857142857 0.18025751072961374
0 0.12 0.6866952789699571 0.04 0.15450643776824036
0 0.15142857142857144 0.6523605150214592 0.04 0.1459227467811159
0 0.02 0.6834763948497854 0.037142857142857144 0.1351931330472103
0 0.005 0.3530042918454936 0.01 0.0407725321888412
0 0.04357142857142857 0.35085836909871243 0.012857142857142857 0.045064377682403435
0 0.03428571428571429 0.34763948497854075 0.011428571428571429 0.04721030042918455
0 0.025714285714285714 0.3497854077253219 0.011428571428571429 0.04291845493562232
0 0.9392857142857143 0.48605150214592274 0.03 0.10944206008583691
2 0.5707142857142857 0.9334763948497854 0.06428571428571428 0.12017167381974249
2 0.7421428571428571 0.973175965665236 0.04428571428571428 0.0407725321888412
2 0.9942857142857143 0.48175965665236054 0.011428571428571429 0.045064377682403435
2 0.98 0.4742489270386266 0.017142857142857144 0.04291845493562232
2 0.9621428571428572 0.4570815450643777 0.012857142857142857 0.03862660944206009
2 0.9228571428571428 0.4238197424892704 0.011428571428571429 0.03648068669527897
2 0.9092857142857143 0.40772532188841204 0.01 0.02575107296137339
2 0.8971428571428571 0.3948497854077253 0.011428571428571429 0.02575107296137339
2 0.8857142857142857 0.3894849785407725 0.008571428571428572 0.027896995708154508
2 0.8771428571428571 0.3776824034334764 0.011428571428571429 0.030042918454935622
2 0.8664285714285714 0.3723175965665236 0.007142857142857143 0.027896995708154508
2 0.855 0.36373390557939916 0.01 0.03648068669527897
2 0.8442857142857143 0.3583690987124464 0.011428571428571429 0.02575107296137339
2 0.7142857142857143 0.619098712446352 0.025714285714285714 0.027896995708154508
2 0.7078571428571429 0.5987124463519313 0.02142857142857143 0.034334763948497854
2 0.7064285714285714 0.5697424892703863 0.015714285714285715 0.023605150214592276
2 0.7007142857142857 0.5504291845493562 0.02142857142857143 0.019313304721030045
2 0.6978571428571428 0.5300429184549357 0.015714285714285715 0.02145922746781116
2 0.7007142857142857 0.5150214592274678 0.02142857142857143 0.017167381974248927
2 0.6971428571428572 0.4967811158798283 0.017142857142857144 0.019313304721030045
2 0.5785714285714286 0.6083690987124464 0.022857142857142857 0.03648068669527897
2 0.5842857142857143 0.5836909871244635 0.02 0.02575107296137339
2 0.5885714285714285 0.5633047210300429 0.017142857142857144 0.032188841201716736
2 0.5914285714285714 0.5364806866952789 0.017142857142857144 0.034334763948497854
2 0.5942857142857143 0.5160944206008584 0.014285714285714285 0.027896995708154508
2 0.6007142857142858 0.4957081545064378 0.012857142857142857 0.02145922746781116
2 0.6021428571428571 0.48175965665236054 0.012857142857142857 0.023605150214592276
2 0.6042857142857143 0.4678111587982833 0.011428571428571429 0.02145922746781116
2 0.6042857142857143 0.453862660944206 0.014285714285714285 0.023605150214592276
2 0.6071428571428571 0.4409871244635193 0.011428571428571429 0.023605150214592276
2 0.30428571428571427 0.5364806866952789 0.022857142857142857 0.05150214592274678
2 0.31785714285714284 0.5203862660944206 0.015714285714285715 0.03648068669527897
2 0.3342857142857143 0.5021459227467812 0.017142857142857144 0.034334763948497854
2 0.3457142857142857 0.4871244635193133 0.017142857142857144 0.030042918454935622
2 0.36142857142857143 0.4688841201716738 0.017142857142857144 0.027896995708154508
2 0.3757142857142857 0.453862660944206 0.017142857142857144 0.023605150214592276
2 0.3892857142857143 0.44742489270386265 0.015714285714285715 0.027896995708154508
2 0.3985714285714286 0.434549356223176 0.014285714285714285 0.027896995708154508
2 0.40714285714285714 0.4238197424892704 0.014285714285714285 0.027896995708154508
2 0.415 0.41523605150214593 0.012857142857142857 0.023605150214592276
2 0.42642857142857143 0.40450643776824036 0.01 0.023605150214592276
2 0.43857142857142856 0.3948497854077253 0.008571428571428572 0.02575107296137339
2 0.4471428571428571 0.3830472103004292 0.008571428571428572 0.019313304721030045
2 0.45785714285714285 0.37553648068669526 0.007142857142857143 0.017167381974248927
2 0.46285714285714286 0.3701716738197425 0.005714285714285714 0.019313304721030045
2 0.4692857142857143 0.3605150214592275 0.007142857142857143 0.02145922746781116
2 0.4742857142857143 0.3572961373390558 0.008571428571428572 0.019313304721030045
2 0.17357142857142857 0.5633047210300429 0.018571428571428572 0.032188841201716736
2 0.19214285714285714 0.5600858369098712 0.018571428571428572 0.030042918454935622
2 0.22285714285714286 0.5321888412017167 0.017142857142857144 0.02575107296137339
2 0.24071428571428571 0.5150214592274678 0.02142857142857143 0.03862660944206009
2 0.26142857142857145 0.4946351931330472 0.02 0.019313304721030045
2 0.28 0.48390557939914164 0.017142857142857144 0.03648068669527897
2 0.2957142857142857 0.47103004291845496 0.014285714285714285 0.03648068669527897
2 0.3057142857142857 0.4570815450643777 0.011428571428571429 0.034334763948497854
2 0.3192857142857143 0.44849785407725323 0.012857142857142857 0.030042918454935622
2 0.33 0.43776824034334766 0.011428571428571429 0.030042918454935622
2 0.34714285714285714 0.4248927038626609 0.011428571428571429 0.034334763948497854
2 0.3585714285714286 0.41201716738197425 0.008571428571428572 0.030042918454935622
2 0.3707142857142857 0.4034334763948498 0.012857142857142857 0.02575107296137339
2 0.3842857142857143 0.3894849785407725 0.014285714285714285 0.027896995708154508
2 0.39357142857142857 0.3830472103004292 0.01 0.023605150214592276
2 0.40285714285714286 0.37660944206008584 0.011428571428571429 0.032188841201716736
2 0.41285714285714287 0.36802575107296137 0.008571428571428572 0.023605150214592276
2 0.04214285714285714 0.5976394849785408 0.024285714285714285 0.0536480686695279
2 0.07142857142857142 0.5708154506437768 0.017142857142857144 0.03862660944206009
2 0.10571428571428572 0.5493562231759657 0.022857142857142857 0.030042918454935622
2 0.13071428571428573 0.5300429184549357 0.018571428571428572 0.02145922746781116
2 0.15714285714285714 0.5139484978540773 0.017142857142857144 0.027896995708154508
2 0.18214285714285713 0.5 0.018571428571428572 0.030042918454935622
2 0.2 0.48497854077253216 0.014285714285714285 0.02575107296137339
2 0.21714285714285714 0.4699570815450644 0.017142857142857144 0.02575107296137339
2 0.2342857142857143 0.4581545064377682 0.017142857142857144 0.023605150214592276
2 0.2507142857142857 0.44957081545064376 0.012857142857142857 0.023605150214592276
2 0.2664285714285714 0.43776824034334766 0.015714285714285715 0.02145922746781116
2 0.2842857142857143 0.4248927038626609 0.014285714285714285 0.017167381974248927
2 0.30142857142857143 0.4130901287553648 0.017142857142857144 0.019313304721030045
2 0.3171428571428571 0.4012875536480687 0.014285714285714285 0.02145922746781116
2 0.010714285714285714 0.5654506437768241 0.018571428571428572 0.032188841201716736
2 0.04285714285714286 0.5504291845493562 0.017142857142857144 0.027896995708154508
2 0.07357142857142857 0.5300429184549357 0.015714285714285715 0.02575107296137339
2 0.10642857142857143 0.5160944206008584 0.02142857142857143 0.023605150214592276
2 0.12785714285714286 0.4967811158798283 0.015714285714285715 0.023605150214592276
2 0.15 0.48283261802575106 0.017142857142857144 0.02575107296137339
2 0.16857142857142857 0.47746781115879827 0.014285714285714285 0.032188841201716736
2 0.18785714285714286 0.463519313304721 0.012857142857142857 0.02145922746781116
2 0.008571428571428572 0.526824034334764 0.011428571428571429 0.032188841201716736
2 0.027142857142857142 0.5160944206008584 0.02 0.027896995708154508
2 0.05357142857142857 0.4978540772532189 0.015714285714285715 0.02145922746781116
2 0.07142857142857142 0.490343347639485 0.011428571428571429 0.023605150214592276
2 0.04357142857142857 0.4796137339055794 0.012857142857142857 0.023605150214592276
2 0.06571428571428571 0.4656652360515021 0.017142857142857144 0.02575107296137339
2 0.012857142857142857 0.49141630901287553 0.014285714285714285 0.02575107296137339
2 0.09428571428571429 0.47746781115879827 0.017142857142857144 0.023605150214592276
2 0.08571428571428572 0.4517167381974249 0.017142857142857144 0.023605150214592276
2 0.11928571428571429 0.4613733905579399 0.015714285714285715 0.02575107296137339
2 0.1357142857142857 0.453862660944206 0.014285714285714285 0.019313304721030045
2 0.15285714285714286 0.44420600858369097 0.014285714285714285 0.017167381974248927
2 0.10357142857142858 0.44420600858369097 0.01 0.02145922746781116
2 0.11714285714285715 0.43240343347639487 0.011428571428571429 0.019313304721030045
2 0.13142857142857142 0.4281115879828326 0.011428571428571429 0.019313304721030045
2 0.1407142857142857 0.4216738197424893 0.007142857142857143 0.023605150214592276
2 0.15642857142857142 0.41952789699570814 0.012857142857142857 0.015021459227467811
2 0.1692857142857143 0.434549356223176 0.012857142857142857 0.015021459227467811
2 0.18142857142857144 0.4248927038626609 0.011428571428571429 0.017167381974248927
2 0.19214285714285714 0.4206008583690987 0.01 0.017167381974248927
2 0.16785714285714284 0.41416309012875535 0.01 0.02145922746781116
2 0.1792857142857143 0.4034334763948498 0.01 0.012875536480686695
2 0.19 0.4012875536480687 0.008571428571428572 0.02145922746781116
2 0.20142857142857143 0.3916309012875536 0.008571428571428572 0.019313304721030045
2 0.20357142857142857 0.41630901287553645 0.012857142857142857 0.017167381974248927
2 0.21857142857142858 0.4055793991416309 0.011428571428571429 0.017167381974248927
2 0.22714285714285715 0.398068669527897 0.008571428571428572 0.019313304721030045
2 0.15357142857142858 0.34763948497854075 0.01 0.017167381974248927
2 0.16785714285714284 0.34549356223175964 0.01 0.02145922746781116
2 0.31785714285714284 0.3251072961373391 0.015714285714285715 0.019313304721030045
3 0.20857142857142857 0.8497854077253219 0.08571428571428572 0.20600858369098712
3 0.3492857142857143 0.9055793991416309 0.09571428571428571 0.16738197424892703
4 0.07928571428571428 0.2349785407725322 0.15285714285714286 0.08798283261802575
4 0.22714285714285715 0.21566523605150215 0.12857142857142856 0.06652360515021459
4 0.3921428571428571 0.20708154506437768 0.20142857142857143 0.07081545064377683
4 0.615 0.1759656652360515 0.23 0.06866952789699571
4 0.8285714285714286 0.1834763948497854 0.18285714285714286 0.04935622317596566
4 0.9571428571428572 0.17489270386266095 0.07714285714285714 0.05793991416309013
4 0.7807142857142857 0.3283261802575107 0.12714285714285714 0.09871244635193133
4 0.7021428571428572 0.35085836909871243 0.10714285714285714 0.11373390557939914
4 0.685 0.4302575107296137 0.04428571428571428 0.09656652360515021
4 0.5814285714285714 0.3594420600858369 0.08857142857142856 0.13948497854077252
4 0.5064285714285715 0.35085836909871243 0.047142857142857146 0.07510729613733906
4 0.44857142857142857 0.33798283261802575 0.06 0.06652360515021459
4 0.37285714285714283 0.3562231759656652 0.08857142857142856 0.0815450643776824
4 0.25857142857142856 0.3530042918454936 0.14 0.0536480686695279
4 0.2571428571428571 0.3969957081545064 0.03428571428571429 0.030042918454935622
4 0.07428571428571429 0.40772532188841204 0.12857142857142856 0.11158798283261803
4 0.16071428571428573 0.3723175965665236 0.04428571428571428 0.04935622317596566
