0 0.10416666666666667 0.37 0.06166666666666667 0.23
0 0.17833333333333334 0.5525 0.16333333333333333 0.6
0 0.2833333333333333 0.4425 0.1 0.375
0 0.43083333333333335 0.4825 0.12833333333333333 0.475
0 0.5516666666666666 0.4225 0.09 0.33
0 0.7158333333333333 0.61875 0.17166666666666666 0.6275
0 0.7791666666666667 0.49375 0.11166666666666666 0.4175
0 0.97 0.40625 0.06 0.2375
0 0.8441666666666666 0.365 0.045 0.17
0 0.6033333333333334 0.38625 0.06333333333333334 0.2375
0 0.6316666666666667 0.36375 0.05333333333333334 0.1975
0 0.6558333333333334 0.355 0.041666666666666664 0.16
0 0.5216666666666666 0.36625 0.04666666666666667 0.1775
0 0.405 0.34375 0.04666666666666667 0.1725
0 0.32666666666666666 0.36625 0.06 0.2225
2 0.8225 0.30375 0.03166666666666667 0.0575
2 0.5858333333333333 0.2825 0.015 0.04
