0 0.11224489795918367 0.532967032967033 0.061224489795918366 0.24646781789638933
0 0.16326530612244897 0.5800627943485086 0.08551992225461613 0.34065934065934067
0 0.1924198250728863 0.554945054945055 0.07191448007774538 0.28414442700156983
0 0.21137026239067055 0.5196232339089482 0.05928085519922255 0.23861852433281006
0 0.24295432458697766 0.5392464678178964 0.0641399416909621 0.25274725274725274
0 0.28085519922254615 0.5266875981161695 0.056365403304178816 0.22135007849293564
0 0.3012633624878523 0.5416012558869702 0.056365403304178816 0.2260596546310832
0 0.3241010689990282 0.5604395604395604 0.07871720116618076 0.3139717425431711
0 0.3498542274052478 0.5345368916797488 0.06025267249757046 0.2401883830455259
0 0.37123420796890183 0.5353218210361067 0.04470359572400389 0.17896389324960754
0 0.391156462585034 0.5321821036106751 0.05928085519922255 0.23233908948194662
0 0.41836734693877553 0.5164835164835165 0.05150631681243926 0.20722135007849293
0 0.43197278911564624 0.5376766091051806 0.05539358600583091 0.22135007849293564
0 0.4800777453838678 0.5306122448979592 0.052478134110787174 0.20722135007849293
0 0.46598639455782315 0.5156985871271585 0.047619047619047616 0.19309262166405022
0 0.5228377065111759 0.5282574568288854 0.05053449951409135 0.20251177394034536
0 0.5505344995140914 0.5306122448979592 0.05344995140913508 0.21350078492935637
0 0.5903790087463557 0.5204081632653061 0.05344995140913508 0.2150706436420722
0 0.6953352769679301 0.532967032967033 0.05150631681243926 0.20251177394034536
0 0.7317784256559767 0.532967032967033 0.052478134110787174 0.2119309262166405
0 0.7468415937803693 0.5361067503924647 0.05539358600583091 0.22135007849293564
0 0.7706511175898931 0.543171114599686 0.05830903790087463 0.23233908948194662
0 0.7944606413994169 0.5447409733124019 0.057337220602526724 0.2260596546310832
0 0.8090379008746356 0.5470957613814756 0.06316812439261418 0.24960753532182103
0 0.8532555879494655 0.5737833594976453 0.06802721088435375 0.271585557299843
0 0.8790087463556852 0.5486656200941915 0.061224489795918366 0.2401883830455259
0 0.9003887269193391 0.5816326530612245 0.0826044703595724 0.3281004709576138
0 0.9217687074829932 0.554160125588697 0.0728862973760933 0.2857142857142857
2 0.5855199222546161 0.4364207221350079 0.014577259475218658 0.02511773940345369
2 0.6365403304178814 0.45054945054945056 0.021379980563654033 0.05023547880690738
2 0.6603498542274052 0.4552590266875981 0.024295432458697766 0.0565149136577708
