0 0.7161354581673307 0.6824512534818942 0.1693227091633466 0.584958217270195
0 0.9691235059760956 0.4818941504178273 0.061752988047808766 0.31197771587743733
0 0.9302788844621513 0.39275766016713093 0.05179282868525897 0.17827298050139276
0 0.8784860557768924 0.45403899721448465 0.05976095617529881 0.2116991643454039
0 0.8456175298804781 0.5501392757660167 0.11354581673306773 0.3871866295264624
0 0.7828685258964143 0.4818941504178273 0.07171314741035857 0.25069637883008355
0 0.6424302788844621 0.5376044568245125 0.09760956175298804 0.3398328690807799
0 0.600597609561753 0.479108635097493 0.07370517928286853 0.2562674094707521
0 0.5826693227091634 0.4331476323119777 0.061752988047808766 0.2200557103064067
0 0.4631474103585657 0.6420612813370473 0.13346613545816732 0.4596100278551532
0 0.49800796812749004 0.5111420612813371 0.08366533864541832 0.2924791086350975
0 0.3396414342629482 0.5111420612813371 0.07768924302788845 0.2646239554317549
0 0.38645418326693226 0.435933147632312 0.043824701195219126 0.14763231197771587
0 0.300796812749004 0.47075208913649025 0.05976095617529881 0.20612813370473537
0 0.250996015936255 0.5988857938718662 0.11155378486055777 0.3788300835654596
0 0.15637450199203187 0.4986072423398329 0.07370517928286853 0.2562674094707521
0 0.07470119521912351 0.5696378830083565 0.09760956175298804 0.33147632311977715
0 0.09860557768924302 0.479108635097493 0.061752988047808766 0.21727019498607242
0 0.2729083665338645 0.42896935933147634 0.035856573705179286 0.12813370473537605
0 0.5229083665338645 0.3593314763231198 0.017928286852589643 0.06128133704735376
0 0.5109561752988048 0.3328690807799443 0.00597609561752988 0.03064066852367688
0 0.4940239043824701 0.33147632311977715 0.01195219123505976 0.03899721448467967
0 0.6643426294820717 0.3328690807799443 0.0099601593625498 0.036211699164345405
0 0.6434262948207171 0.3231197771587744 0.01195219123505976 0.03899721448467967
0 0.18625498007968128 0.38857938718662954 0.021912350597609563 0.0807799442896936
0 0.21314741035856574 0.3579387186629526 0.01593625498007968 0.052924791086350974
2 0.09661354581673307 0.3788300835654596 0.025896414342629483 0.06128133704735376
2 0.449203187250996 0.36768802228412256 0.03386454183266932 0.05013927576601671
2 0.7181274900398407 0.36629526462395545 0.037848605577689244 0.06406685236768803
2 0.6842629482071713 0.34818941504178275 0.029880478087649404 0.03899721448467967
2 0.8087649402390438 0.3370473537604457 0.03187250996015936 0.05013927576601671
2 0.8446215139442231 0.3370473537604457 0.027888446215139442 0.05013927576601671
2 0.8296812749003984 0.33008356545961004 0.017928286852589643 0.03064066852367688
2 0.8794820717131474 0.3342618384401114 0.025896414342629483 0.016713091922005572
2 0.9581673306772909 0.3384401114206128 0.027888446215139442 0.04735376044568245
2 0.3386454183266932 0.3635097493036212 0.02390438247011952 0.06963788300835655
2 0.2729083665338645 0.3398328690807799 0.0199203187250996 0.03899721448467967
4 0.04183266932270916 0.37604456824512533 0.08366533864541832 0.08356545961002786
4 0.7400398406374502 0.31337047353760444 0.09362549800796813 0.052924791086350974
