0 0.9816666666666667 0.5673316708229427 0.013333333333333334 0.057356608478802994
0 0.9366666666666666 0.5486284289276808 0.013333333333333334 0.05486284289276808
0 0.9208333333333333 0.5648379052369077 0.015 0.06234413965087282
0 0.9633333333333334 0.6571072319201995 0.03666666666666667 0.1371571072319202
0 0.8891666666666667 0.5897755610972568 0.021666666666666667 0.08229426433915212
0 0.8683333333333333 0.5648379052369077 0.016666666666666666 0.06234413965087282
0 0.8475 0.6483790523690773 0.03166666666666667 0.12468827930174564
0 0.7525 0.6396508728179551 0.03166666666666667 0.1172069825436409
0 0.81 0.559850374064838 0.013333333333333334 0.057356608478802994
0 0.7733333333333333 0.5635910224438903 0.013333333333333334 0.04987531172069826
0 0.7208333333333333 0.57356608478803 0.015 0.059850374064837904
0 0.7308333333333333 0.5586034912718204 0.011666666666666667 0.04987531172069826
0 0.7433333333333333 0.5536159600997507 0.013333333333333334 0.05486284289276808
0 0.57 0.5673316708229427 0.013333333333333334 0.04738154613466334
0 0.5475 0.5548628428927681 0.008333333333333333 0.03740648379052369
0 0.5666666666666667 0.5511221945137157 0.013333333333333334 0.04987531172069826
0 0.54 0.5486284289276808 0.01 0.04488778054862843
0 0.6675 0.6296758104738155 0.028333333333333332 0.10224438902743142
0 0.595 0.6246882793017456 0.02666666666666667 0.09725685785536159
0 0.5233333333333333 0.6172069825436409 0.023333333333333334 0.09226932668329177
0 0.5525 0.7506234413965087 0.058333333333333334 0.2144638403990025
0 0.6216666666666667 0.7281795511221946 0.05333333333333334 0.19950124688279303
0 0.6525 0.7057356608478803 0.04833333333333333 0.1745635910224439
0 0.685 0.6845386533665836 0.043333333333333335 0.16209476309226933
0 0.4741666666666667 0.655860349127182 0.03166666666666667 0.11970074812967581
0 0.4275 0.6733167082294265 0.035 0.12967581047381546
0 0.38916666666666666 0.6845386533665836 0.035 0.1371571072319202
0 0.335 0.7082294264339152 0.04 0.1546134663341646
0 0.39916666666666667 0.6483790523690773 0.028333333333333332 0.10473815461346633
0 0.35333333333333333 0.655860349127182 0.03333333333333333 0.11970074812967581
0 0.3075 0.6670822942643392 0.035 0.12718204488778054
0 0.25583333333333336 0.6758104738154613 0.035 0.12967581047381546
0 0.285 0.6408977556109726 0.023333333333333334 0.08478802992518704
0 0.2675 0.6234413965087282 0.021666666666666667 0.08478802992518704
0 0.32416666666666666 0.6446384039900249 0.035 0.12718204488778054
0 0.23333333333333334 0.6458852867830424 0.03 0.10972568578553615
0 0.18166666666666667 0.6583541147132169 0.03 0.11471321695760599
0 0.19583333333333333 0.6234413965087282 0.021666666666666667 0.0798004987531172
0 0.14083333333333334 0.6521197007481296 0.028333333333333332 0.11221945137157108
0 0.15666666666666668 0.6408977556109726 0.023333333333333334 0.08977556109725686
0 0.12583333333333332 0.6271820448877805 0.028333333333333332 0.10723192019950124
0 0.10333333333333333 0.655860349127182 0.03333333333333333 0.12967581047381546
0 0.4625 0.6184538653366584 0.021666666666666667 0.0798004987531172
0 0.4116666666666667 0.6047381546134664 0.02 0.07231920199501247
0 0.37 0.6097256857855362 0.02 0.08229426433915212
0 0.165 0.5835411471321695 0.016666666666666666 0.059850374064837904
0 0.09583333333333334 0.5723192019950125 0.015 0.05236907730673317
0 0.08083333333333333 0.5723192019950125 0.015 0.05236907730673317
0 0.06916666666666667 0.5698254364089775 0.015 0.05236907730673317
0 0.058333333333333334 0.5685785536159601 0.013333333333333334 0.05486284289276808
0 0.049166666666666664 0.5623441396508728 0.015 0.05236907730673317
0 0.041666666666666664 0.5648379052369077 0.01 0.03740648379052369
0 0.03333333333333333 0.559850374064838 0.01 0.04239401496259352
0 0.005 0.5548628428927681 0.01 0.057356608478802994
0 0.3491666666666667 0.5448877805486284 0.011666666666666667 0.04738154613466334
0 0.36916666666666664 0.543640897755611 0.008333333333333333 0.034912718204488775
0 0.505 0.557356608478803 0.013333333333333334 0.04738154613466334
2 0.051666666666666666 0.7680798004987531 0.04666666666666667 0.10972568578553615
2 0.019166666666666665 0.7281795511221946 0.021666666666666667 0.034912718204488775
2 0.011666666666666667 0.6483790523690773 0.023333333333333334 0.10473815461346633
2 0.325 0.5685785536159601 0.02 0.02493765586034913
2 0.2891666666666667 0.5685785536159601 0.015 0.029925187032418952
2 0.25 0.5610972568578554 0.02 0.02493765586034913
2 0.21916666666666668 0.5648379052369077 0.021666666666666667 0.02743142144638404
2 0.19 0.5623441396508728 0.02 0.02743142144638404
2 0.1425 0.559850374064838 0.018333333333333333 0.02743142144638404
2 0.11916666666666667 0.5561097256857855 0.015 0.02493765586034913
2 0.6816666666666666 0.5399002493765586 0.01 0.02743142144638404
2 0.65 0.5423940149625935 0.013333333333333334 0.022443890274314215
2 0.6166666666666667 0.5473815461346634 0.016666666666666666 0.02743142144638404
3 0.3775 0.8366583541147132 0.07833333333333334 0.08229426433915212
3 0.43 0.8029925187032418 0.08666666666666667 0.07481296758104738
3 0.4691666666666667 0.7718204488778054 0.085 0.06234413965087282
3 0.5075 0.7418952618453866 0.06166666666666667 0.04239401496259352
3 0.38083333333333336 0.7381546134663342 0.051666666666666666 0.029925187032418952
3 0.27416666666666667 0.7880299251870324 0.075 0.07481296758104738
3 0.195 0.7556109725685786 0.04 0.059850374064837904
3 0.15 0.7443890274314214 0.03333333333333333 0.05236907730673317
3 0.10583333333333333 0.7344139650872819 0.021666666666666667 0.032418952618453865
3 0.2025 0.6932668329177057 0.025 0.02493765586034913
3 0.6566666666666666 0.9276807980049875 0.21666666666666667 0.12468827930174564
3 0.7116666666666667 0.8815461346633416 0.21 0.10723192019950124
3 0.7441666666666666 0.8329177057356608 0.165 0.06982543640897755
3 0.7766666666666666 0.8017456359102244 0.16 0.057356608478802994
4 0.13416666666666666 0.516209476309227 0.20166666666666666 0.029925187032418952
4 0.6891666666666667 0.5112219451371571 0.6083333333333333 0.04987531172069826
