0 0.02368421052631579 0.39968404423380727 0.04736842105263158 0.23696682464454977
0 0.06578947368421052 0.39257503949447076 0.06 0.22274881516587677
0 0.32210526315789473 0.3736176935229068 0.06947368421052631 0.2575039494470774
0 0.4005263157894737 0.3736176935229068 0.07473684210526316 0.27330173775671407
0 0.47210526315789475 0.4557661927330174 0.11263157894736842 0.41232227488151657
0 0.5521052631578948 0.42022116903633494 0.08736842105263158 0.3222748815165877
0 0.5936842105263158 0.3325434439178515 0.04631578947368421 0.17535545023696683
0 0.6863157894736842 0.334913112164297 0.05263157894736842 0.19589257503949448
0 0.7252631578947368 0.37598736176935227 0.04 0.15165876777251186
0 0.7421052631578947 0.3957345971563981 0.037894736842105266 0.1406003159557662
0 0.7636842105263157 0.4028436018957346 0.03684210526315789 0.13902053712480253
0 0.7926315789473685 0.38388625592417064 0.04631578947368421 0.17377567140600317
0 0.8773684210526316 0.3830963665086888 0.07052631578947369 0.2575039494470774
0 0.9084210526315789 0.39968404423380727 0.07368421052631578 0.2717219589257504
0 0.9657894736842105 0.3988941548183254 0.06842105263157895 0.2859399684044234
2 0.07842105263157895 0.3127962085308057 0.03684210526315789 0.06003159557661927
2 0.1431578947368421 0.3949447077409163 0.12 0.26540284360189575
2 0.1563157894736842 0.3183254344391785 0.03894736842105263 0.09320695102685624
2 0.17473684210526316 0.3080568720379147 0.02526315789473684 0.07582938388625593
2 0.21 0.4107424960505529 0.07684210526315789 0.2717219589257504
2 0.17684210526315788 0.665086887835703 0.27578947368421053 0.5150078988941548
2 0.27421052631578946 0.533175355450237 0.18210526315789474 0.3522906793048973
2 0.3994736842105263 0.5868878357030016 0.21789473684210525 0.4881516587677725
2 0.5184210526315789 0.34834123222748814 0.028421052631578948 0.27330173775671407
2 0.631578947368421 0.25118483412322273 0.02736842105263158 0.02843601895734597
2 0.621578947368421 0.35071090047393366 0.07684210526315789 0.18009478672985782
2 0.6689473684210526 0.5229067930489731 0.05578947368421053 0.37598736176935227
2 0.6005263157894737 0.6469194312796208 0.20526315789473684 0.5639810426540285
2 0.7931578947368421 0.580568720379147 0.21578947368421053 0.41232227488151657
2 0.728421052631579 0.27567140600315954 0.031578947368421054 0.06477093206951026
2 0.7552631578947369 0.30173775671406006 0.05368421052631579 0.13270142180094788
2 0.7636842105263157 0.3056872037914692 0.04105263157894737 0.08688783570300158
2 0.8257894736842105 0.3578199052132701 0.045263157894736845 0.12480252764612954
2 0.8142105263157895 0.28988941548183256 0.03894736842105263 0.061611374407582936
2 0.8152631578947368 0.2598736176935229 0.030526315789473683 0.061611374407582936
2 0.8321052631578948 0.2527646129541864 0.015789473684210527 0.03475513428120063
2 0.8452631578947368 0.292259083728278 0.029473684210526315 0.07898894154818326
3 0.4747368421052632 0.20616113744075829 0.04631578947368421 0.21958925750394945
3 0.64 0.1872037914691943 0.02736842105263158 0.19747235387045814
3 0.9068421052631579 0.21721958925750395 0.01368421052631579 0.06477093206951026
3 0.878421052631579 0.2132701421800948 0.024210526315789474 0.07266982622432859
4 0.9531578947368421 0.2693522906793049 0.06631578947368422 0.061611374407582936
