0 0.041044776119402986 0.5656063618290258 0.08208955223880597 0.4870775347912525
0 0.6619402985074627 0.5278330019880716 0.11492537313432835 0.3757455268389662
0 0.4335820895522388 0.48111332007952284 0.06417910447761194 0.2147117296222664
0 0.341044776119403 0.46520874751491054 0.049253731343283584 0.15904572564612326
0 0.3029850746268657 0.45029821073558646 0.03582089552238806 0.1172962226640159
0 0.2917910447761194 0.44532803180914515 0.028358208955223882 0.09542743538767395
0 0.4597014925373134 0.44831013916500995 0.03283582089552239 0.10536779324055666
0 0.5350746268656716 0.452286282306163 0.03731343283582089 0.12127236580516898
0 0.7373134328358208 0.452286282306163 0.03582089552238806 0.1172962226640159
0 0.8373134328358209 0.474155069582505 0.050746268656716415 0.16898608349900596
0 0.9223880597014925 0.46819085487077533 0.04477611940298507 0.15308151093439365
0 0.7932835820895522 0.4602385685884692 0.03731343283582089 0.12524850894632206
0 0.9895522388059701 0.44433399602385687 0.01791044776119403 0.061630218687872766
2 0.4052238805970149 0.44930417495029823 0.028358208955223882 0.10337972166998012
2 0.5932835820895522 0.4572564612326044 0.022388059701492536 0.0636182902584493
2 0.6037313432835821 0.4552683896620278 0.025373134328358207 0.07157057654075547
2 0.8776119402985074 0.46819085487077533 0.01791044776119403 0.041749502982107355
2 0.8537313432835821 0.46222664015904574 0.014925373134328358 0.041749502982107355
4 0.7716417910447761 0.4304174950298211 0.04477611940298507 0.041749502982107355
