0 0.08375 0.868421052631579 0.0375 0.15037593984962405
0 0.11375 0.868421052631579 0.0425 0.15789473684210525
0 0.15375 0.8609022556390977 0.0425 0.15789473684210525
0 0.19375 0.8571428571428571 0.0425 0.15789473684210525
0 0.2725 0.8627819548872181 0.04 0.14661654135338345
0 0.3325 0.8627819548872181 0.025 0.10150375939849623
0 0.36125 0.8552631578947368 0.0275 0.10150375939849623
0 0.39375 0.8609022556390977 0.0475 0.18796992481203006
0 0.405 0.8609022556390977 0.04 0.15789473684210525
0 0.4425 0.8590225563909775 0.045 0.16165413533834586
0 0.43 0.8552631578947368 0.03 0.10902255639097744
0 0.4975 0.8571428571428571 0.05 0.18045112781954886
0 0.46375 0.8552631578947368 0.0275 0.10902255639097744
0 0.57125 0.8759398496240601 0.0625 0.22556390977443608
0 0.6225 0.8383458646616542 0.025 0.09022556390977443
0 0.72125 0.8439849624060151 0.0425 0.15413533834586465
0 0.77875 0.8364661654135338 0.0425 0.16917293233082706
0 0.8 0.8345864661654135 0.03 0.11278195488721804
0 0.87125 0.8308270676691729 0.0325 0.12781954887218044
0 0.9425 0.8627819548872181 0.035 0.13157894736842105
0 0.89875 0.8439849624060151 0.0275 0.10150375939849623
0 0.88625 0.8289473684210527 0.0325 0.11654135338345864
0 0.6025 0.6729323308270677 0.015 0.06015037593984962
0 0.60375 0.6842105263157895 0.0075 0.03759398496240601
0 0.21375 0.8552631578947368 0.0275 0.10902255639097744
2 0.05125 0.8214285714285714 0.0325 0.04887218045112782
4 0.51 0.8609022556390977 0.08 0.14285714285714285
4 0.52375 0.6259398496240601 0.0275 0.06390977443609022
