0 0.42971014492753623 0.85 0.07101449275362319 0.2608695652173913
0 0.4579710144927536 0.7565217391304347 0.07536231884057971 0.27391304347826084
0 0.527536231884058 0.7847826086956522 0.06666666666666667 0.24347826086956523
0 0.5804347826086956 0.8282608695652174 0.07391304347826087 0.27391304347826084
0 0.6876811594202898 0.8304347826086956 0.06811594202898551 0.2565217391304348
0 0.32681159420289857 0.8228260869565217 0.07101449275362319 0.2673913043478261
0 0.23550724637681159 0.775 0.06811594202898551 0.25
0 0.213768115942029 0.7195652173913043 0.059420289855072465 0.2217391304347826
0 0.2 0.7054347826086956 0.06086956521739131 0.22826086956521738
0 0.24492753623188407 0.6358695652173914 0.05217391304347826 0.1891304347826087
0 0.3760869565217391 0.7467391304347826 0.06811594202898551 0.2543478260869565
0 0.39057971014492754 0.7771739130434783 0.06811594202898551 0.25
0 0.4891304347826087 0.6141304347826086 0.059420289855072465 0.22391304347826088
0 0.572463768115942 0.6108695652173913 0.05507246376811594 0.20434782608695654
0 0.644927536231884 0.6217391304347826 0.04927536231884058 0.18695652173913044
0 0.6876811594202898 0.6347826086956522 0.0536231884057971 0.20434782608695654
0 0.8108695652173913 0.8152173913043478 0.07391304347826087 0.26956521739130435
0 0.8746376811594203 0.7858695652173913 0.06521739130434782 0.24565217391304348
2 0.8282608695652174 0.6065217391304348 0.0391304347826087 0.10434782608695652
2 0.8528985507246377 0.6380434782608696 0.042028985507246375 0.10217391304347827
2 0.4326086956521739 0.5858695652173913 0.042028985507246375 0.11956521739130435
3 0.06594202898550725 0.44130434782608696 0.06811594202898551 0.2565217391304348
3 0.1826086956521739 0.45543478260869563 0.05217391304347826 0.22826086956521738
3 0.808695652173913 0.40217391304347827 0.04927536231884058 0.2826086956521739
3 0.8615942028985507 0.3978260869565217 0.050724637681159424 0.29130434782608694
3 0.908695652173913 0.4 0.043478260869565216 0.2956521739130435
3 0.7398550724637681 0.6173913043478261 0.06231884057971015 0.16521739130434782
3 0.25579710144927537 0.9293478260869565 0.07971014492753623 0.08478260869565217
3 0.33260869565217394 0.9706521739130435 0.09710144927536232 0.04565217391304348
3 0.4398550724637681 0.9793478260869565 0.07101449275362319 0.041304347826086954
3 0.4746376811594203 0.9184782608695652 0.05652173913043478 0.0891304347826087
3 0.5405797101449276 0.9130434782608695 0.08985507246376812 0.06956521739130435
3 0.6811594202898551 0.9684782608695652 0.07246376811594203 0.058695652173913045
3 0.7057971014492753 0.907608695652174 0.08405797101449275 0.10652173913043478
3 0.8181159420289855 0.9641304347826087 0.1 0.07173913043478261
3 0.8797101449275362 0.9380434782608695 0.10434782608695652 0.10217391304347827
4 0.19492753623188405 0.4326086956521739 0.21884057971014492 0.21739130434782608
4 0.34855072463768116 0.6032608695652174 0.12028985507246377 0.1891304347826087
