0 0.06454545454545454 0.29418886198547217 0.1290909090909091 0.5157384987893463
0 0.6427272727272727 0.30024213075060535 0.10727272727272727 0.35351089588377727
0 0.84 0.3450363196125908 0.14909090909090908 0.4915254237288136
0 0.5081818181818182 0.2288135593220339 0.056363636363636366 0.19128329297820823
0 0.2972727272727273 0.2966101694915254 0.07818181818181819 0.2542372881355932
0 0.11454545454545455 0.2179176755447942 0.06181818181818182 0.2033898305084746
0 0.33545454545454545 0.22639225181598063 0.06363636363636363 0.21549636803874092
0 0.39090909090909093 0.22639225181598063 0.06181818181818182 0.2009685230024213
0 0.36363636363636365 0.18159806295399517 0.03272727272727273 0.10653753026634383
0 0.41818181818181815 0.211864406779661 0.05454545454545454 0.17675544794188863
0 0.4381818181818182 0.20944309927360774 0.05090909090909091 0.17191283292978207
2 0.6518181818181819 0.7445520581113801 0.08545454545454545 0.3268765133171913
2 0.6781818181818182 0.6719128329297821 0.20727272727272728 0.549636803874092
2 0.21818181818181817 0.7397094430992736 0.18181818181818182 0.3075060532687651
2 0.24272727272727274 0.49515738498789347 0.08181818181818182 0.28329297820823246
2 0.42272727272727273 0.6174334140435835 0.1 0.2566585956416465
2 0.39181818181818184 0.5992736077481841 0.13636363636363635 0.3075060532687651
2 0.11636363636363636 0.7227602905569007 0.20363636363636364 0.4721549636803874
2 0.2290909090909091 0.4685230024213075 0.15272727272727274 0.2736077481840194
2 0.37545454545454543 0.4467312348668281 0.08181818181818182 0.2009685230024213
2 0.4354545454545454 0.41041162227602906 0.04909090909090909 0.08958837772397095
2 0.5345454545454545 0.47094430992736075 0.06181818181818182 0.2009685230024213
2 0.5036363636363637 0.44188861985472155 0.08 0.21549636803874092
2 0.24636363636363637 0.2360774818401937 0.038181818181818185 0.14769975786924938
2 0.1618181818181818 0.3898305084745763 0.08727272727272728 0.14043583535108958
2 0.1618181818181818 0.38619854721549635 0.06545454545454546 0.21549636803874092
2 0.19 0.2215496368038741 0.03090909090909091 0.1234866828087167
2 0.58 0.33171912832929784 0.08 0.12106537530266344
2 0.5681818181818182 0.35108958837772397 0.09272727272727273 0.20823244552058112
2 0.8136363636363636 0.17191283292978207 0.07818181818181819 0.18886198547215496
2 0.7490909090909091 0.3305084745762712 0.10909090909090909 0.11380145278450363
2 0.8909090909090909 0.5121065375302664 0.09454545454545454 0.13801452784503632
2 0.8854545454545455 0.42736077481840196 0.09818181818181818 0.08958837772397095
2 0.7118181818181818 0.2046004842615012 0.02727272727272727 0.13801452784503632
2 0.7372727272727273 0.2033898305084746 0.045454545454545456 0.13559322033898305
2 0.7609090909090909 0.21670702179176757 0.034545454545454546 0.17191283292978207
4 0.9218181818181819 0.3171912832929782 0.15272727272727274 0.19854721549636803
4 0.5736363636363636 0.19491525423728814 0.10363636363636364 0.11864406779661017
