0 0.23542944785276074 0.639080459770115 0.10889570552147239 0.4045977011494253
0 0.1656441717791411 0.6275862068965518 0.10122699386503067 0.37701149425287356
0 0.10812883435582822 0.6241379310344828 0.09049079754601227 0.33793103448275863
0 0.06748466257668712 0.6091954022988506 0.09202453987730061 0.3448275862068966
0 0.6303680981595092 0.5620689655172414 0.046012269938650305 0.167816091954023
0 0.5835889570552147 0.5574712643678161 0.04141104294478527 0.15402298850574714
0 0.5260736196319018 0.5482758620689655 0.03987730061349693 0.14942528735632185
0 0.4838957055214724 0.5494252873563218 0.04141104294478527 0.15172413793103448
0 0.455521472392638 0.5413793103448276 0.03987730061349693 0.14942528735632185
0 0.4125766871165644 0.5402298850574713 0.04294478527607362 0.16551724137931034
0 0.38266871165644173 0.5310344827586206 0.03834355828220859 0.1471264367816092
0 0.3558282208588957 0.5436781609195402 0.046012269938650305 0.167816091954023
0 0.3328220858895706 0.5367816091954023 0.03987730061349693 0.15402298850574714
0 0.3013803680981595 0.5241379310344828 0.04141104294478527 0.15172413793103448
0 0.2668711656441718 0.5241379310344828 0.03067484662576687 0.11494252873563218
0 0.6725460122699386 0.5448275862068965 0.03834355828220859 0.13793103448275862
0 0.7154907975460123 0.5379310344827586 0.0352760736196319 0.12873563218390804
0 0.9662576687116564 0.5149425287356322 0.02147239263803681 0.08275862068965517
0 0.8588957055214724 0.5080459770114942 0.018404907975460124 0.06896551724137931
0 0.875 0.5022988505747127 0.01687116564417178 0.06206896551724138
4 0.18174846625766872 0.4367816091954023 0.3512269938650307 0.1103448275862069
4 0.6012269938650306 0.4942528735632184 0.48466257668711654 0.12873563218390804
