0 0.17 0.7011111111111111 0.05333333333333334 0.17555555555555555
0 0.31333333333333335 0.7022222222222222 0.06333333333333334 0.20444444444444446
0 0.4116666666666667 0.7166666666666667 0.06333333333333334 0.2111111111111111
0 0.44416666666666665 0.6888888888888889 0.055 0.18222222222222223
0 0.5083333333333333 0.6811111111111111 0.05 0.16666666666666666
0 0.59 0.6966666666666667 0.06333333333333334 0.2111111111111111
0 0.6341666666666667 0.69 0.051666666666666666 0.1711111111111111
0 0.705 0.6211111111111111 0.04 0.13555555555555557
0 0.5391666666666667 0.6177777777777778 0.045 0.14666666666666667
0 0.37 0.63 0.043333333333333335 0.14888888888888888
0 0.14833333333333334 0.6888888888888889 0.05 0.1688888888888889
0 0.2916666666666667 0.6766666666666666 0.05 0.1711111111111111
0 0.4825 0.6188888888888889 0.03833333333333333 0.13111111111111112
0 0.7433333333333333 0.6811111111111111 0.05333333333333334 0.18
0 0.7783333333333333 0.6766666666666666 0.05 0.1711111111111111
2 0.6225 0.5855555555555556 0.03833333333333333 0.08222222222222222
