0 0.13645833333333332 0.4597222222222222 0.06458333333333334 0.21944444444444444
0 0.1875 0.49027777777777776 0.10416666666666667 0.3472222222222222
0 0.225 0.4708333333333333 0.06666666666666667 0.225
0 0.31145833333333334 0.4513888888888889 0.07291666666666667 0.24166666666666667
0 0.39791666666666664 0.45 0.10416666666666667 0.3388888888888889
0 0.73125 0.49444444444444446 0.18333333333333332 0.6
0 0.9572916666666667 0.5458333333333333 0.08541666666666667 0.48055555555555557
0 0.853125 0.46944444444444444 0.08125 0.26666666666666666
0 0.8260416666666667 0.4888888888888889 0.06875 0.23333333333333334
0 0.690625 0.4861111111111111 0.08125 0.26666666666666666
0 0.653125 0.4861111111111111 0.08541666666666667 0.2833333333333333
0 0.6083333333333333 0.5111111111111111 0.07916666666666666 0.2611111111111111
0 0.6145833333333334 0.44722222222222224 0.07083333333333333 0.22777777777777777
0 0.5770833333333333 0.4652777777777778 0.0625 0.21388888888888888
0 0.5447916666666667 0.4861111111111111 0.06041666666666667 0.19444444444444445
0 0.528125 0.4666666666666667 0.06041666666666667 0.2
0 0.5052083333333334 0.4708333333333333 0.06458333333333334 0.21944444444444444
0 0.4791666666666667 0.4708333333333333 0.07083333333333333 0.23055555555555557
0 0.95625 0.4375 0.0375 0.13055555555555556
0 0.940625 0.42916666666666664 0.03125 0.10277777777777777
2 0.053125 0.4597222222222222 0.06041666666666667 0.19166666666666668
2 0.7989583333333333 0.42083333333333334 0.03125 0.18611111111111112
