0 0.028037383177570093 0.41354723707664887 0.04005340453938585 0.1354723707664884
0 0.056074766355140186 0.4126559714795009 0.04005340453938585 0.13725490196078433
0 0.11548731642189586 0.4197860962566845 0.03337783711615487 0.10873440285204991
0 0.1348464619492657 0.41532976827094475 0.042723631508678236 0.13903743315508021
0 0.17156208277703605 0.41354723707664887 0.03871829105473965 0.12834224598930483
0 0.1842456608811749 0.4206773618538324 0.03204272363150868 0.11051693404634581
0 0.20093457943925233 0.46702317290552586 0.04138851802403204 0.1354723707664884
0 0.20293724966622162 0.4144385026737968 0.03471295060080107 0.11229946524064172
0 0.22429906542056074 0.428698752228164 0.029372496662216287 0.10160427807486631
0 0.24365821094793058 0.41622103386809267 0.036048064085447265 0.12299465240641712
0 0.25433911882510013 0.4474153297682709 0.028037383177570093 0.0962566844919786
0 0.2650200267022697 0.482174688057041 0.03871829105473965 0.1265597147950089
0 0.2703604806408545 0.39928698752228164 0.036048064085447265 0.11764705882352941
0 0.30574098798397864 0.4117647058823529 0.0267022696929239 0.08912655971479501
0 0.6448598130841121 0.42780748663101603 0.0267022696929239 0.0855614973262032
0 0.664886515353805 0.41354723707664887 0.03204272363150868 0.10695187165775401
0 0.6869158878504673 0.42513368983957217 0.028037383177570093 0.0944741532976827
0 0.7049399198931909 0.47771836007130125 0.050734312416555405 0.16755793226381463
0 0.7656875834445928 0.47237076648841353 0.04672897196261682 0.1568627450980392
0 0.7536715620827771 0.4483065953654189 0.036048064085447265 0.11586452762923351
0 0.8030707610146862 0.48841354723707664 0.04138851802403204 0.1354723707664884
0 0.8090787716955942 0.4411764705882353 0.04005340453938585 0.13725490196078433
0 0.8758344459279038 0.4536541889483066 0.09879839786381843 0.3226381461675579
0 0.9719626168224299 0.46524064171123 0.056074766355140186 0.28520499108734404
2 0.48064085447263016 0.464349376114082 0.3417890520694259 0.6684491978609626
