0 0.014166666666666666 0.6272189349112426 0.028333333333333332 0.1834319526627219
0 0.08166666666666667 0.5931952662721893 0.03333333333333333 0.15088757396449703
0 0.31333333333333335 0.7928994082840237 0.08666666666666667 0.378698224852071
0 0.3566666666666667 0.7529585798816568 0.08333333333333333 0.35798816568047337
0 0.375 0.6834319526627219 0.05 0.22485207100591717
0 0.3983333333333333 0.621301775147929 0.04 0.1834319526627219
0 0.43583333333333335 0.6005917159763313 0.025 0.11834319526627218
0 0.41833333333333333 0.5976331360946746 0.02666666666666667 0.1242603550295858
0 0.4608333333333333 0.5266272189349113 0.021666666666666667 0.10059171597633136
0 0.525 0.7840236686390533 0.09333333333333334 0.40828402366863903
0 0.6091666666666666 0.7795857988165681 0.095 0.4171597633136095
0 0.6916666666666667 0.8062130177514792 0.08333333333333333 0.3698224852071006
0 0.7925 0.7781065088757396 0.085 0.3727810650887574
0 0.9283333333333333 0.7825443786982249 0.07 0.3106508875739645
0 0.975 0.7529585798816568 0.05 0.3106508875739645
0 0.9091666666666667 0.7307692307692307 0.075 0.33136094674556216
0 0.8458333333333333 0.7677514792899408 0.045 0.19822485207100593
0 0.7441666666666666 0.6775147928994083 0.04833333333333333 0.21893491124260356
0 0.8533333333333334 0.5724852071005917 0.03666666666666667 0.16272189349112426
0 0.8733333333333333 0.5591715976331361 0.02666666666666667 0.11834319526627218
0 0.5625 0.7411242603550295 0.07833333333333334 0.34615384615384615
0 0.6591666666666667 0.636094674556213 0.04833333333333333 0.21893491124260356
0 0.4791666666666667 0.5784023668639053 0.028333333333333332 0.13313609467455623
0 0.625 0.6272189349112426 0.03666666666666667 0.16568047337278108
2 0.11833333333333333 0.7130177514792899 0.05 0.13609467455621302
2 0.1825 0.6701183431952663 0.055 0.14497041420118342
2 0.2475 0.6272189349112426 0.03833333333333333 0.1242603550295858
2 0.30916666666666665 0.5665680473372781 0.028333333333333332 0.07396449704142012
2 0.325 0.5621301775147929 0.016666666666666666 0.047337278106508875
2 0.3525 0.5399408284023669 0.025 0.038461538461538464
2 0.4141666666666667 0.5281065088757396 0.025 0.05621301775147929
2 0.9675 0.5754437869822485 0.045 0.10946745562130178
2 0.8841666666666667 0.878698224852071 0.065 0.13609467455621302
2 0.5 0.6168639053254438 0.02 0.08579881656804733
2 0.8025 0.5236686390532544 0.021666666666666667 0.07692307692307693
2 0.5708333333333333 0.5488165680473372 0.021666666666666667 0.06804733727810651
4 0.5308333333333334 0.5488165680473372 0.085 0.09763313609467456
4 0.6183333333333333 0.5502958579881657 0.08 0.1242603550295858
4 0.7091666666666666 0.5414201183431953 0.08166666666666667 0.11242603550295859
4 0.7875 0.5458579881656804 0.08166666666666667 0.10355029585798817
