0 0.2640625 0.4708333333333333 0.06875 0.2972222222222222
0 0.55078125 0.35833333333333334 0.0296875 0.12777777777777777
0 0.57734375 0.3416666666666667 0.0234375 0.1111111111111111
0 0.60859375 0.3375 0.0265625 0.125
0 0.62109375 0.34444444444444444 0.0265625 0.11666666666666667
0 0.64140625 0.36944444444444446 0.0515625 0.2222222222222222
0 0.703125 0.5694444444444444 0.19375 0.8388888888888889
0 0.84296875 0.5916666666666667 0.1796875 0.7833333333333333
0 0.78203125 0.30694444444444446 0.0234375 0.10833333333333334
0 0.90234375 0.3194444444444444 0.0296875 0.13333333333333333
0 0.94453125 0.3541666666666667 0.0703125 0.30833333333333335
0 0.87421875 0.3013888888888889 0.0265625 0.11388888888888889
2 0.98046875 0.4041666666666667 0.0328125 0.46944444444444444
