0 0.91625 0.6383333333333333 0.0625 0.21
0 0.87375 0.6783333333333333 0.0375 0.12333333333333334
0 0.84125 0.6283333333333333 0.0775 0.25
0 0.78125 0.635 0.0675 0.23
0 0.725 0.625 0.07 0.23666666666666666
0 0.67 0.65 0.095 0.32
0 0.61 0.6483333333333333 0.085 0.2833333333333333
0 0.54 0.6433333333333333 0.085 0.2733333333333333
0 0.5675 0.6133333333333333 0.065 0.22
0 0.5075 0.6133333333333333 0.06 0.20666666666666667
0 0.47375 0.6216666666666667 0.0875 0.29
0 0.4225 0.605 0.06 0.20333333333333334
0 0.35375 0.635 0.0725 0.24333333333333335
0 0.3125 0.6183333333333333 0.065 0.21666666666666667
0 0.25125 0.61 0.0625 0.20666666666666667
0 0.265 0.6016666666666667 0.05 0.17
0 0.20375 0.6016666666666667 0.0625 0.21
0 0.14625 0.605 0.0575 0.19666666666666666
0 0.10125 0.6066666666666667 0.0525 0.18
0 0.07 0.5966666666666667 0.05 0.17333333333333334
2 0.23 0.5333333333333333 0.025 0.07333333333333333
3 0.3025 0.46166666666666667 0.06 0.10333333333333333
3 0.3775 0.4716666666666667 0.05 0.11
3 0.22 0.315 0.065 0.10333333333333333
