0 0.029 0.4594594594594595 0.034 0.13213213213213212
0 0.01 0.44894894894894893 0.02 0.13513513513513514
0 0.291 0.6051051051051051 0.114 0.4174174174174174
0 0.121 0.6186186186186187 0.046 0.16816816816816818
0 0.411 0.6051051051051051 0.07 0.26126126126126126
0 0.594 0.6051051051051051 0.08 0.2972972972972973
0 0.554 0.5915915915915916 0.048 0.18618618618618618
0 0.624 0.5930930930930931 0.04 0.15315315315315314
0 0.648 0.5975975975975976 0.048 0.18018018018018017
0 0.681 0.5960960960960962 0.046 0.17717717717717718
0 0.71 0.5945945945945946 0.048 0.18618618618618618
0 0.737 0.6006006006006006 0.046 0.16816816816816818
0 0.76 0.5990990990990991 0.04 0.14714714714714713
0 0.779 0.6006006006006006 0.05 0.18618618618618618
0 0.795 0.6021021021021021 0.046 0.17717717717717718
0 0.817 0.5975975975975976 0.042 0.16216216216216217
0 0.834 0.5975975975975976 0.04 0.15015015015015015
0 0.858 0.6036036036036037 0.032 0.12612612612612611
0 0.848 0.6036036036036037 0.032 0.12612612612612611
0 0.07 0.466966966966967 0.036 0.14114114114114115
0 0.095 0.47297297297297297 0.034 0.12312312312312312
0 0.109 0.4744744744744745 0.03 0.11411411411411411
0 0.14 0.46546546546546547 0.04 0.14414414414414414
0 0.166 0.4594594594594595 0.04 0.14414414414414414
0 0.181 0.484984984984985 0.034 0.13513513513513514
0 0.201 0.4804804804804805 0.03 0.11411411411411411
0 0.214 0.48348348348348347 0.028 0.1021021021021021
0 0.032 0.23423423423423423 0.016 0.06606606606606606
0 0.158 0.3063063063063063 0.02 0.07807807807807808
4 0.264 0.3948948948948949 0.524 0.3813813813813814
4 0.759 0.49099099099099097 0.474 0.2852852852852853
