0 0.0880597014925373 0.6235059760956175 0.11641791044776119 0.3784860557768924
0 0.14253731343283582 0.6135458167330677 0.1 0.32669322709163345
0 0.07611940298507462 0.3655378486055777 0.07164179104477612 0.23306772908366533
0 0.1798507462686567 0.41733067729083667 0.0791044776119403 0.25697211155378485
0 0.21567164179104478 0.3754980079681275 0.0791044776119403 0.26095617529880477
0 0.3283582089552239 0.599601593625498 0.2 0.6573705179282868
0 0.7186567164179104 0.5846613545816733 0.21044776119402986 0.6912350597609562
0 0.5485074626865671 0.5438247011952191 0.22835820895522388 0.7450199203187251
0 0.8559701492537314 0.6215139442231076 0.13582089552238805 0.44621513944223107
0 0.9634328358208956 0.5567729083665338 0.07313432835820896 0.26095617529880477
0 0.9343283582089552 0.6284860557768924 0.09850746268656717 0.3207171314741036
0 0.26865671641791045 0.2450199203187251 0.07462686567164178 0.24302788844621515
0 0.17313432835820897 0.13745019920318724 0.0626865671641791 0.20318725099601595
0 0.14328358208955225 0.3645418326693227 0.07462686567164178 0.24302788844621515
0 0.018656716417910446 0.19223107569721115 0.03731343283582089 0.19322709163346613
0 0.06194029850746269 0.1603585657370518 0.06716417910447761 0.22111553784860558
2 0.5320895522388059 0.6125498007968128 0.1328358208955224 0.5039840637450199
2 0.9485074626865672 0.40039840637450197 0.049253731343283584 0.09163346613545817
2 0.9246268656716418 0.3097609561752988 0.04328358208955224 0.053784860557768925
2 0.8955223880597015 0.3197211155378486 0.05373134328358209 0.053784860557768925
2 0.8514925373134329 0.32768924302788843 0.05522388059701493 0.07370517928286853
2 0.8044776119402985 0.3047808764940239 0.03880597014925373 0.11553784860557768
2 0.7291044776119403 0.19820717131474103 0.04328358208955224 0.12151394422310757
2 0.6417910447761194 0.26195219123505975 0.041791044776119404 0.16533864541832669
2 0.4791044776119403 0.17928286852589642 0.050746268656716415 0.07569721115537849
2 0.31343283582089554 0.28884462151394424 0.03283582089552239 0.14342629482071714
2 0.367910447761194 0.1852589641434263 0.049253731343283584 0.13147410358565736
2 0.21940298507462686 0.23306772908366533 0.041791044776119404 0.099601593625498
2 0.10970149253731343 0.06872509960159362 0.05223880597014925 0.07370517928286853
2 0.11791044776119403 0.1294820717131474 0.04477611940298507 0.055776892430278883
2 0.10373134328358209 0.1643426294820717 0.04626865671641791 0.029880478087649404
2 0.11641791044776119 0.23804780876494025 0.03880597014925373 0.11354581673306773
