0 0.085 0.6674698795180722 0.05 0.18313253012048192
0 0.14333333333333334 0.6759036144578313 0.06333333333333334 0.22409638554216868
0 0.17416666666666666 0.6927710843373494 0.06833333333333333 0.24819277108433735
0 0.21666666666666667 0.6493975903614457 0.05 0.17590361445783131
0 0.24916666666666668 0.7108433734939759 0.08166666666666667 0.2891566265060241
0 0.26666666666666666 0.6686746987951807 0.05 0.1855421686746988
0 0.31416666666666665 0.6493975903614457 0.045 0.16626506024096385
0 0.33416666666666667 0.6867469879518072 0.06833333333333333 0.24096385542168675
0 0.36333333333333334 0.6638554216867469 0.05333333333333334 0.19036144578313252
0 0.3883333333333333 0.7048192771084337 0.07333333333333333 0.2674698795180723
0 0.45 0.6710843373493975 0.06666666666666667 0.2385542168674699
0 0.4875 0.6578313253012048 0.051666666666666666 0.18313253012048192
0 0.5108333333333334 0.6409638554216868 0.041666666666666664 0.14457831325301204
0 0.5341666666666667 0.6819277108433734 0.06833333333333333 0.2457831325301205
0 0.5775 0.6746987951807228 0.051666666666666666 0.18795180722891566
0 0.6108333333333333 0.6385542168674698 0.041666666666666664 0.15421686746987953
0 0.6633333333333333 0.6698795180722892 0.056666666666666664 0.20722891566265061
0 0.6991666666666667 0.7180722891566265 0.09166666666666666 0.327710843373494
0 0.755 0.6614457831325301 0.05 0.18072289156626506
0 0.8458333333333333 0.6566265060240963 0.045 0.16626506024096385
0 0.9283333333333333 0.6879518072289157 0.07333333333333333 0.26265060240963856
2 0.73 0.5795180722891566 0.03 0.05542168674698795
2 0.7783333333333333 0.5807228915662651 0.03 0.04819277108433735
