0 0.05862068965517241 0.813953488372093 0.07241379310344828 0.2739018087855297
0 0.08448275862068966 0.8010335917312662 0.07241379310344828 0.26356589147286824
0 0.11379310344827587 0.8191214470284238 0.07241379310344828 0.268733850129199
0 0.14224137931034483 0.8113695090439277 0.07413793103448275 0.2739018087855297
0 0.1724137931034483 0.8087855297157622 0.07586206896551724 0.2842377260981912
0 0.19655172413793104 0.8436692506459949 0.06896551724137931 0.26098191214470284
0 0.2353448275862069 0.8281653746770026 0.07758620689655173 0.29198966408268734
0 0.275 0.8372093023255814 0.0706896551724138 0.25839793281653745
0 0.3431034482758621 0.8242894056847545 0.07241379310344828 0.2739018087855297
0 0.30258620689655175 0.8449612403100775 0.07413793103448275 0.268733850129199
0 0.38448275862068965 0.834625322997416 0.07586206896551724 0.2842377260981912
0 0.4189655172413793 0.8423772609819121 0.07241379310344828 0.2739018087855297
0 0.46120689655172414 0.8294573643410853 0.07758620689655173 0.2842377260981912
0 0.49224137931034484 0.8320413436692506 0.0706896551724138 0.26356589147286824
0 0.5396551724137931 0.8333333333333334 0.06896551724137931 0.2558139534883721
0 0.5775862068965517 0.8359173126614987 0.07241379310344828 0.2661498708010336
0 0.6172413793103448 0.8268733850129198 0.07241379310344828 0.26356589147286824
0 0.6560344827586206 0.8268733850129198 0.0706896551724138 0.25839793281653745
0 0.696551724137931 0.8165374677002584 0.07241379310344828 0.26356589147286824
0 0.7198275862068966 0.8320413436692506 0.07413793103448275 0.2739018087855297
0 0.7362068965517241 0.8191214470284238 0.06896551724137931 0.2532299741602067
0 0.7629310344827587 0.8242894056847545 0.07413793103448275 0.2739018087855297
0 0.8060344827586207 0.8255813953488372 0.07758620689655173 0.28165374677002586
0 0.85 0.8204134366925064 0.07586206896551724 0.27648578811369506
0 0.896551724137931 0.834625322997416 0.07241379310344828 0.268733850129199
2 0.20517241379310344 0.6550387596899225 0.034482758620689655 0.03359173126614987
2 0.20603448275862069 0.6912144702842378 0.022413793103448276 0.03875968992248062
2 0.2560344827586207 0.686046511627907 0.01896551724137931 0.05426356589147287
2 0.30344827586206896 0.6770025839793282 0.027586206896551724 0.05167958656330749
2 0.31982758620689655 0.6950904392764858 0.01896551724137931 0.041343669250646
2 0.3646551724137931 0.7067183462532299 0.015517241379310345 0.05426356589147287
2 0.43103448275862066 0.689922480620155 0.02413793103448276 0.06718346253229975
2 0.47844827586206895 0.7002583979328165 0.02586206896551724 0.056847545219638244
2 0.5362068965517242 0.6782945736434108 0.02413793103448276 0.03875968992248062
2 0.5767241379310345 0.6795865633074936 0.02586206896551724 0.031007751937984496
2 0.5974137931034482 0.7015503875968992 0.022413793103448276 0.04392764857881137
2 0.7844827586206896 0.7028423772609819 0.02413793103448276 0.05167958656330749
3 0.9741379310344828 0.3643410852713178 0.034482758620689655 0.07751937984496124
3 0.125 0.4005167958656331 0.032758620689655175 0.06201550387596899
