0 0.87646484375 0.662109375 0.0947265625 0.3111979166666667
0 0.81005859375 0.6842447916666666 0.1064453125 0.3450520833333333
0 0.69775390625 0.7278645833333334 0.1181640625 0.3854166666666667
0 0.6220703125 0.689453125 0.08203125 0.26953125
0 0.5361328125 0.75390625 0.140625 0.4583333333333333
0 0.44580078125 0.7213541666666666 0.1025390625 0.3333333333333333
0 0.30322265625 0.7584635416666666 0.1240234375 0.4049479166666667
0 0.23779296875 0.67578125 0.0810546875 0.265625
0 0.14501953125 0.72265625 0.1044921875 0.3385416666666667
0 0.05859375 0.6881510416666666 0.091796875 0.2981770833333333
0 0.36767578125 0.677734375 0.0791015625 0.2565104166666667
0 0.42041015625 0.6575520833333334 0.0673828125 0.22135416666666666
0 0.02197265625 0.640625 0.0439453125 0.15364583333333334
0 0.09423828125 0.6328125 0.0439453125 0.14583333333333334
0 0.181640625 0.6432291666666666 0.02734375 0.09375
0 0.21337890625 0.650390625 0.0263671875 0.08463541666666667
2 0.01904296875 0.5520833333333334 0.0185546875 0.028645833333333332
2 0.12109375 0.5559895833333334 0.01953125 0.036458333333333336
2 0.17724609375 0.5638020833333334 0.0205078125 0.036458333333333336
2 0.19921875 0.5611979166666666 0.013671875 0.020833333333333332
2 0.1884765625 0.546875 0.017578125 0.0234375
2 0.2138671875 0.5559895833333334 0.017578125 0.026041666666666668
2 0.2294921875 0.5690104166666666 0.01953125 0.026041666666666668
2 0.29248046875 0.568359375 0.0205078125 0.032552083333333336
2 0.28271484375 0.5579427083333334 0.0146484375 0.016927083333333332
2 0.279296875 0.5442708333333334 0.017578125 0.036458333333333336
2 0.265625 0.5709635416666666 0.017578125 0.022135416666666668
2 0.4111328125 0.55859375 0.01953125 0.026041666666666668
2 0.42333984375 0.533203125 0.0205078125 0.037760416666666664
2 0.400390625 0.5201822916666666 0.021484375 0.029947916666666668
2 0.3876953125 0.5162760416666666 0.01953125 0.024739583333333332
2 0.3740234375 0.5208333333333334 0.021484375 0.026041666666666668
2 0.3857421875 0.5364583333333334 0.013671875 0.018229166666666668
2 0.4462890625 0.5279947916666666 0.01953125 0.024739583333333332
2 0.4990234375 0.5638020833333334 0.025390625 0.036458333333333336
2 0.5 0.52734375 0.013671875 0.03125
2 0.1201171875 0.607421875 0.017578125 0.022135416666666668
2 0.3828125 0.5631510416666666 0.017578125 0.04296875
