0 0.058333333333333334 0.44305555555555554 0.05 0.18055555555555555
0 0.2740740740740741 0.4666666666666667 0.07407407407407407 0.2722222222222222
0 0.32407407407407407 0.4583333333333333 0.07037037037037037 0.2611111111111111
0 0.37777777777777777 0.47638888888888886 0.07777777777777778 0.2861111111111111
0 0.3990740740740741 0.4583333333333333 0.06851851851851852 0.25
0 0.4222222222222222 0.4888888888888889 0.07777777777777778 0.29444444444444445
0 0.48055555555555557 0.49583333333333335 0.08333333333333333 0.3138888888888889
0 0.5342592592592592 0.5041666666666667 0.09814814814814815 0.35833333333333334
0 0.6370370370370371 0.5069444444444444 0.1111111111111111 0.41388888888888886
0 0.7509259259259259 0.5055555555555555 0.09444444444444444 0.35
0 0.8564814814814815 0.5597222222222222 0.12777777777777777 0.46944444444444444
0 0.9675925925925926 0.4875 0.06481481481481481 0.325
0 0.799074074074074 0.475 0.06481481481481481 0.24444444444444444
0 0.8240740740740741 0.4666666666666667 0.06666666666666667 0.25
0 0.9092592592592592 0.4791666666666667 0.07407407407407407 0.26944444444444443
2 0.5555555555555556 0.3527777777777778 0.02962962962962963 0.06666666666666667
2 0.5768518518518518 0.3597222222222222 0.027777777777777776 0.075
2 0.5981481481481481 0.3527777777777778 0.022222222222222223 0.03333333333333333
4 0.2962962962962963 0.3388888888888889 0.5925925925925926 0.2388888888888889
4 0.7944444444444444 0.34305555555555556 0.4111111111111111 0.275
