0 0.08722222222222223 0.7129963898916968 0.08777777777777777 0.35018050541516244
0 0.15444444444444444 0.7138989169675091 0.08666666666666667 0.3447653429602888
0 0.23 0.6868231046931408 0.09555555555555556 0.37725631768953066
0 0.30666666666666664 0.674187725631769 0.09555555555555556 0.38086642599277976
0 0.36666666666666664 0.694043321299639 0.08444444444444445 0.33754512635379064
0 0.4388888888888889 0.6805054151624549 0.08222222222222222 0.3285198555956679
0 0.5211111111111111 0.6696750902527075 0.08666666666666667 0.34657039711191334
0 0.5922222222222222 0.6633574007220217 0.08444444444444445 0.34115523465703973
0 0.6772222222222222 0.6651624548736462 0.08555555555555555 0.3447653429602888
0 0.7438888888888889 0.6642599277978339 0.07888888888888888 0.3140794223826715
2 0.05555555555555555 0.9675090252707581 0.03777777777777778 0.05054151624548736
2 0.12055555555555555 0.9720216606498195 0.03222222222222222 0.048736462093862815
2 0.18888888888888888 0.9711191335740073 0.03777777777777778 0.05415162454873646
2 0.2688888888888889 0.9684115523465704 0.044444444444444446 0.05956678700361011
2 0.3488888888888889 0.9629963898916968 0.04888888888888889 0.052346570397111915
2 0.8183333333333334 0.8953068592057761 0.05 0.18411552346570398
2 0.8616666666666667 0.8754512635379061 0.04555555555555556 0.18411552346570398
2 0.8988888888888888 0.8700361010830325 0.03777777777777778 0.1624548736462094
2 0.95 0.8140794223826715 0.04 0.08664259927797834
2 0.3411111111111111 0.8546931407942239 0.042222222222222223 0.0776173285198556
2 0.2683333333333333 0.8601083032490975 0.05 0.0812274368231047
2 0.18722222222222223 0.8564981949458483 0.04555555555555556 0.0703971119133574
2 0.11833333333333333 0.8574007220216606 0.03888888888888889 0.07220216606498195
2 0.03611111111111111 0.8592057761732852 0.04777777777777778 0.08303249097472924
