0 0.810204081632653 0.4986301369863014 0.31020408163265306 0.9972602739726028
0 0.926530612244898 0.2547945205479452 0.1346938775510204 0.44931506849315067
0 0.7204081632653061 0.2356164383561644 0.12244897959183673 0.410958904109589
0 0.6591836734693878 0.2534246575342466 0.11020408163265306 0.3589041095890411
0 0.6091836734693877 0.2136986301369863 0.11224489795918367 0.3726027397260274
0 0.5428571428571428 0.2219178082191781 0.11020408163265306 0.36712328767123287
0 0.47551020408163264 0.4123287671232877 0.24489795918367346 0.8082191780821918
0 0.35918367346938773 0.38493150684931504 0.21224489795918366 0.6931506849315069
0 0.28469387755102044 0.3410958904109589 0.19795918367346937 0.6493150684931507
0 0.2193877551020408 0.37123287671232874 0.17346938775510204 0.5780821917808219
0 0.1489795918367347 0.3287671232876712 0.15918367346938775 0.5260273972602739
0 0.08979591836734693 0.2958904109589041 0.14285714285714285 0.4657534246575342
0 0.044897959183673466 0.273972602739726 0.08979591836734693 0.4273972602739726
2 0.16326530612244897 0.10410958904109589 0.053061224489795916 0.1095890410958904
