0 0.0528169014084507 0.5797373358348968 0.06056338028169014 0.1951219512195122
0 0.12323943661971831 0.5628517823639775 0.057746478873239436 0.19136960600375236
0 0.09859154929577464 0.5619136960600375 0.05352112676056338 0.17448405253283303
0 0.028169014084507043 0.575984990619137 0.056338028169014086 0.1951219512195122
0 0.02112676056338028 0.5656660412757973 0.04225352112676056 0.17073170731707318
0 0.1387323943661972 0.5647279549718575 0.04929577464788732 0.16135084427767354
0 0.17394366197183098 0.5450281425891182 0.04366197183098591 0.14071294559099437
0 0.07394366197183098 0.5431519699812383 0.04366197183098591 0.14071294559099437
0 0.19859154929577466 0.5422138836772983 0.04788732394366197 0.15384615384615385
0 0.21971830985915494 0.5534709193245778 0.061971830985915494 0.2026266416510319
0 0.23732394366197182 0.5647279549718575 0.054929577464788736 0.1801125703564728
0 0.2676056338028169 0.5647279549718575 0.056338028169014086 0.18761726078799248
0 0.29577464788732394 0.5675422138836773 0.061971830985915494 0.20825515947467166
0 0.32253521126760565 0.5544090056285178 0.056338028169014086 0.18198874296435272
0 0.3485915492957746 0.551594746716698 0.054929577464788736 0.18386491557223264
0 0.38098591549295774 0.5412757973733584 0.04084507042253521 0.13696060037523453
0 0.4028169014084507 0.5450281425891182 0.04225352112676056 0.14071294559099437
0 0.426056338028169 0.5572232645403377 0.057746478873239436 0.18761726078799248
0 0.43661971830985913 0.5590994371482176 0.05352112676056338 0.1801125703564728
0 0.46267605633802816 0.5525328330206379 0.054929577464788736 0.17823639774859287
0 0.4880281690140845 0.5525328330206379 0.06056338028169014 0.20075046904315197
0 0.5056338028169014 0.5647279549718575 0.056338028169014086 0.18386491557223264
0 0.5936619718309859 0.7429643527204502 0.15352112676056337 0.5028142589118199
0 0.5415492957746478 0.549718574108818 0.057746478873239436 0.18761726078799248
0 0.5704225352112676 0.5393996247654784 0.04225352112676056 0.14446529080675422
0 0.6267605633802817 0.5487804878048781 0.05352112676056338 0.17823639774859287
0 0.6570422535211268 0.5572232645403377 0.054929577464788736 0.1801125703564728
0 0.6915492957746479 0.5637898686679175 0.05070422535211268 0.1669793621013133
0 0.7366197183098592 0.599437148217636 0.061971830985915494 0.20825515947467166
0 0.7619718309859155 0.5572232645403377 0.05070422535211268 0.16885553470919323
0 0.7950704225352113 0.5675422138836773 0.04929577464788732 0.15947467166979362
0 0.8147887323943662 0.5637898686679175 0.05211267605633803 0.17073170731707318
0 0.854225352112676 0.5628517823639775 0.057746478873239436 0.18761726078799248
0 0.8316901408450704 0.573170731707317 0.05211267605633803 0.17073170731707318
0 0.8852112676056338 0.5637898686679175 0.06056338028169014 0.19699812382739212
0 0.9147887323943662 0.5703564727954972 0.054929577464788736 0.18386491557223264
0 0.9316901408450704 0.575984990619137 0.057746478873239436 0.18761726078799248
0 0.9584507042253522 0.575984990619137 0.06056338028169014 0.1951219512195122
0 0.9725352112676057 0.5778611632270169 0.054929577464788736 0.2026266416510319
0 0.7140845070422536 0.5478424015009381 0.05352112676056338 0.1726078799249531
2 0.8295774647887324 0.47560975609756095 0.028169014084507043 0.04690431519699812
2 0.5218309859154929 0.48405253283302063 0.01267605633802817 0.0450281425891182
2 0.5612676056338028 0.4727954971857411 0.023943661971830985 0.04878048780487805
2 0.6056338028169014 0.4774859287054409 0.022535211267605635 0.028142589118198873
