0 0.04727272727272727 0.4726027397260274 0.09454545454545454 0.4136986301369863
0 0.10818181818181818 0.5273972602739726 0.1290909090909091 0.473972602739726
0 0.3 0.6397260273972603 0.1890909090909091 0.6986301369863014
0 0.21636363636363637 0.4232876712328767 0.08727272727272728 0.32054794520547947
0 0.3927272727272727 0.4328767123287671 0.09818181818181818 0.36712328767123287
0 0.47909090909090907 0.40136986301369865 0.07454545454545454 0.27671232876712326
0 0.5136363636363637 0.34383561643835614 0.05272727272727273 0.2
0 0.6263636363636363 0.3767123287671233 0.06363636363636363 0.2328767123287671
0 0.6809090909090909 0.547945205479452 0.13636363636363635 0.4986301369863014
0 0.7727272727272727 0.39315068493150684 0.06909090909090909 0.2602739726027397
0 0.9336363636363636 0.473972602739726 0.07818181818181819 0.2958904109589041
0 0.8481818181818181 0.3917808219178082 0.056363636363636366 0.2136986301369863
0 0.89 0.3972602739726027 0.05272727272727273 0.20273972602739726
0 0.8345454545454546 0.3410958904109589 0.04 0.1506849315068493
0 0.42 0.33835616438356164 0.04363636363636364 0.16712328767123288
2 0.3109090909090909 0.29178082191780824 0.04727272727272727 0.1178082191780822
2 0.11454545454545455 0.29178082191780824 0.04 0.07945205479452055
2 0.9290909090909091 0.31917808219178084 0.04363636363636364 0.1232876712328767
3 0.1890909090909091 0.28904109589041094 0.04363636363636364 0.07945205479452055
