0 0.03363636363636364 0.7380952380952381 0.034545454545454546 0.13690476190476192
0 0.06454545454545454 0.7291666666666666 0.034545454545454546 0.1488095238095238
0 0.09545454545454546 0.71875 0.03090909090909091 0.12797619047619047
0 0.11818181818181818 0.7380952380952381 0.03272727272727273 0.13690476190476192
0 0.14 0.7276785714285714 0.03636363636363636 0.15178571428571427
0 0.16545454545454547 0.7142857142857143 0.03272727272727273 0.13095238095238096
0 0.18545454545454546 0.7752976190476191 0.04 0.15773809523809523
0 0.22363636363636363 0.7321428571428571 0.03272727272727273 0.13095238095238096
0 0.24272727272727274 0.71875 0.02727272727272727 0.11011904761904762
0 0.25545454545454543 0.7127976190476191 0.02727272727272727 0.11011904761904762
0 0.2909090909090909 0.7470238095238095 0.03272727272727273 0.13095238095238096
0 0.3109090909090909 0.7276785714285714 0.02909090909090909 0.11607142857142858
0 0.32 0.7217261904761905 0.025454545454545455 0.11011904761904762
0 0.3281818181818182 0.7202380952380952 0.02727272727272727 0.11904761904761904
0 0.3427272727272727 0.6994047619047619 0.02727272727272727 0.10714285714285714
0 0.35454545454545455 0.6904761904761905 0.02909090909090909 0.11904761904761904
0 0.37272727272727274 0.7485119047619048 0.03272727272727273 0.13988095238095238
0 0.38545454545454544 0.7336309523809523 0.03272727272727273 0.13988095238095238
0 0.4018181818181818 0.7172619047619048 0.02909090909090909 0.11904761904761904
0 0.41363636363636364 0.6979166666666666 0.02727272727272727 0.11607142857142858
0 0.4218181818181818 0.6889880952380952 0.02181818181818182 0.09821428571428571
0 0.43272727272727274 0.6815476190476191 0.02181818181818182 0.08928571428571429
0 0.44545454545454544 0.6741071428571429 0.01818181818181818 0.08035714285714286
0 0.4718181818181818 0.7351190476190477 0.038181818181818185 0.15476190476190477
0 0.5518181818181818 0.7410714285714286 0.04181818181818182 0.16666666666666666
0 0.6236363636363637 0.7529761904761905 0.03272727272727273 0.13690476190476192
0 0.7009090909090909 0.7485119047619048 0.034545454545454546 0.14583333333333334
0 0.69 0.7395833333333334 0.03090909090909091 0.13392857142857142
0 0.7990909090909091 0.7559523809523809 0.034545454545454546 0.1488095238095238
0 0.7781818181818182 0.7321428571428571 0.02909090909090909 0.125
0 0.89 0.7514880952380952 0.038181818181818185 0.15178571428571427
0 0.8618181818181818 0.7351190476190477 0.03636363636363636 0.1488095238095238
0 0.8427272727272728 0.7306547619047619 0.03090909090909091 0.13392857142857142
0 0.8281818181818181 0.7217261904761905 0.02727272727272727 0.11011904761904762
0 0.9754545454545455 0.75 0.034545454545454546 0.1488095238095238
0 0.9472727272727273 0.7395833333333334 0.03636363636363636 0.14583333333333334
0 0.9236363636363636 0.7291666666666666 0.02909090909090909 0.125
4 0.26272727272727275 0.6264880952380952 0.5072727272727273 0.0625
4 0.7618181818181818 0.6264880952380952 0.4727272727272727 0.09226190476190477
