0 0.12193627450980392 0.8374183006535948 0.09865196078431372 0.32189542483660133
0 0.3478860294117647 0.7916666666666666 0.07873774509803921 0.255718954248366
0 0.4811580882352941 0.7005718954248366 0.020526960784313725 0.06781045751633986
0 0.5004595588235294 0.7001633986928104 0.021139705882352942 0.07026143790849673
0 0.5301776960784313 0.6879084967320261 0.014399509803921568 0.04656862745098039
0 0.5669424019607843 0.6934232026143791 0.013786764705882353 0.04534313725490196
0 0.6170343137254902 0.701797385620915 0.0196078431372549 0.06372549019607843
0 0.5844056372549019 0.6776960784313726 0.008884803921568627 0.028594771241830064
0 0.4571078431372549 0.702001633986928 0.01838235294117647 0.06004901960784314
0 0.7627144607843137 0.8253676470588235 0.10018382352941177 0.3263888888888889
1 0.33609068627450983 0.7837009803921569 0.05698529411764706 0.18586601307189543
1 0.5580575980392157 0.6913807189542484 0.015012254901960785 0.04861111111111111
4 0.5658700980392157 0.6674836601307189 0.03615196078431373 0.022058823529411766
