0 0.13076923076923078 0.5093220338983051 0.14615384615384616 0.4728813559322034
0 0.3737179487179487 0.6483050847457628 0.17051282051282052 0.5508474576271186
0 0.6955128205128205 0.4406779661016949 0.16025641025641027 0.5152542372881356
0 0.8224358974358974 0.3677966101694915 0.1371794871794872 0.4406779661016949
0 0.8826923076923077 0.33728813559322035 0.11923076923076924 0.3898305084745763
0 0.9282051282051282 0.41440677966101697 0.14358974358974358 0.523728813559322
0 0.948076923076923 0.47966101694915253 0.10384615384615385 0.5661016949152542
0 0.5551282051282052 0.3254237288135593 0.12564102564102564 0.4067796610169492
0 0.5064102564102564 0.2966101694915254 0.08974358974358974 0.288135593220339
0 0.48525641025641025 0.18983050847457628 0.06282051282051282 0.20677966101694914
0 0.02564102564102564 0.26610169491525426 0.04871794871794872 0.16271186440677965
0 0.052564102564102565 0.6584745762711864 0.10512820512820513 0.6593220338983051
0 0.29423076923076924 0.4483050847457627 0.1141025641025641 0.3677966101694915
0 0.32756410256410257 0.46271186440677964 0.12179487179487179 0.39661016949152544
0 0.4583333333333333 0.46864406779661016 0.1141025641025641 0.3677966101694915
0 0.257051282051282 0.3771186440677966 0.09871794871794871 0.32372881355932204
0 0.16538461538461538 0.338135593220339 0.11538461538461539 0.37796610169491524
0 0.7262820512820513 0.2711864406779661 0.09102564102564102 0.2983050847457627
0 0.8314102564102565 0.1711864406779661 0.03717948717948718 0.11864406779661017
2 0.32884615384615384 0.2135593220338983 0.06794871794871794 0.16271186440677965
2 0.3 0.27033898305084747 0.04358974358974359 0.13728813559322034
2 0.37243589743589745 0.24915254237288137 0.047435897435897434 0.11186440677966102
2 0.9769230769230769 0.1864406779661017 0.046153846153846156 0.1152542372881356
2 0.2128205128205128 0.23559322033898306 0.041025641025641026 0.10847457627118644
2 0.25384615384615383 0.211864406779661 0.02564102564102564 0.05423728813559322
2 0.2692307692307692 0.22627118644067798 0.017948717948717947 0.06610169491525424
