0 0.157 0.5918674698795181 0.078 0.2921686746987952
0 0.186 0.5978915662650602 0.084 0.3102409638554217
0 0.035 0.8177710843373494 0.07 0.3463855421686747
0 0.237 0.7439759036144579 0.13 0.4759036144578313
0 0.338 0.7228915662650602 0.108 0.4036144578313253
0 0.396 0.7680722891566265 0.116 0.43373493975903615
0 0.469 0.786144578313253 0.11 0.40963855421686746
0 0.536 0.7801204819277109 0.116 0.42771084337349397
0 0.636 0.7545180722891566 0.124 0.4608433734939759
0 0.746 0.7801204819277109 0.12 0.4397590361445783
0 0.801 0.786144578313253 0.11 0.40963855421686746
0 0.917 0.7981927710843374 0.102 0.3855421686746988
0 0.324 0.588855421686747 0.076 0.286144578313253
0 0.285 0.5858433734939759 0.078 0.2921686746987952
0 0.592 0.733433734939759 0.128 0.47289156626506024
0 0.796 0.5933734939759037 0.092 0.3373493975903614
0 0.472 0.4894578313253012 0.044 0.16566265060240964
0 0.69 0.45180722891566266 0.036 0.13855421686746988
0 0.712 0.4623493975903614 0.036 0.1355421686746988
0 0.751 0.4563253012048193 0.038 0.14156626506024098
0 0.77 0.4442771084337349 0.032 0.12349397590361445
0 0.951 0.45481927710843373 0.038 0.15060240963855423
0 0.893 0.4503012048192771 0.03 0.11746987951807229
0 0.858 0.4457831325301205 0.032 0.12650602409638553
0 0.839 0.45331325301204817 0.03 0.11144578313253012
0 0.825 0.4503012048192771 0.026 0.09939759036144578
2 0.452 0.5436746987951807 0.048 0.07530120481927711
2 0.852 0.5120481927710844 0.052 0.1144578313253012
2 0.971 0.6490963855421686 0.05 0.23795180722891565
4 0.589 0.45481927710843373 0.13 0.1566265060240964
4 0.732 0.37801204819277107 0.056 0.05120481927710843
4 0.926 0.3825301204819277 0.028 0.060240963855421686
