0 0.7035647279549718 0.6575 0.1125703564727955 0.37
0 0.30206378986866794 0.5625 0.07879924953095685 0.26
0 0.3677298311444653 0.5425 0.0525328330206379 0.17
0 0.16135084427767354 0.54625 0.05628517823639775 0.1875
0 0.07692307692307693 0.51125 0.0375234521575985 0.1275
0 0.1200750469043152 0.51 0.03377110694183865 0.115
0 0.1397748592870544 0.51 0.03564727954971857 0.125
0 0.2073170731707317 0.5225 0.03564727954971857 0.125
0 0.24202626641651032 0.52125 0.03377110694183865 0.1125
0 0.2692307692307692 0.5175 0.03189493433395872 0.11
0 0.33864915572232646 0.5375 0.04690431519699812 0.15
0 0.398686679174484 0.52625 0.03564727954971857 0.1175
0 0.42120075046904315 0.52625 0.03189493433395872 0.1075
0 0.4530956848030019 0.525 0.03189493433395872 0.11
0 0.48592870544090055 0.5225 0.02626641651031895 0.095
0 0.5 0.5225 0.028142589118198873 0.09
0 0.5159474671669794 0.5225 0.02626641651031895 0.09
0 0.5440900562851783 0.52 0.0225140712945591 0.08
0 0.5666041275797373 0.52375 0.0225140712945591 0.0725
0 0.626641651031895 0.535 0.03377110694183865 0.11
0 0.5825515947467167 0.5275 0.024390243902439025 0.085
0 0.5938086303939962 0.52125 0.024390243902439025 0.0825
4 0.03470919324577861 0.4825 0.06191369606003752 0.09
4 0.6472795497185742 0.51125 0.0450281425891182 0.1125
4 0.8545966228893058 0.5175 0.275797373358349 0.11
