0 0.07333333333333333 0.5738434163701067 0.104 0.3398576512455516
0 0.12133333333333333 0.5818505338078291 0.09066666666666667 0.29537366548042704
0 0.18 0.5676156583629893 0.08266666666666667 0.2704626334519573
0 0.226 0.5845195729537367 0.07066666666666667 0.23665480427046262
0 0.2713333333333333 0.5818505338078291 0.07333333333333333 0.24555160142348753
0 0.31666666666666665 0.5676156583629893 0.076 0.2526690391459075
0 0.358 0.5622775800711743 0.08666666666666667 0.2846975088967972
0 0.416 0.594306049822064 0.072 0.23843416370106763
0 0.472 0.5702846975088968 0.08 0.26512455516014233
0 0.52 0.5791814946619217 0.06933333333333333 0.22597864768683273
0 0.7413333333333333 0.6023131672597865 0.09866666666666667 0.32562277580071175
0 0.7973333333333333 0.547153024911032 0.042666666666666665 0.14412811387900357
0 0.8286666666666667 0.5275800711743772 0.03866666666666667 0.12633451957295375
0 0.6953333333333334 0.5898576512455516 0.09466666666666666 0.30782918149466193
0 0.67 0.5827402135231317 0.08933333333333333 0.29359430604982206
0 0.5813333333333334 0.5827402135231317 0.06133333333333333 0.20106761565836298
2 0.142 0.6361209964412812 0.07866666666666666 0.22241992882562278
2 0.224 0.6290035587188612 0.06133333333333333 0.21530249110320285
2 0.29 0.6245551601423488 0.07333333333333333 0.19217081850533807
2 0.5066666666666667 0.6432384341637011 0.04533333333333334 0.17615658362989323
2 0.56 0.645017793594306 0.04533333333333334 0.22241992882562278
2 0.6286666666666667 0.6574733096085409 0.07066666666666667 0.23665480427046262
2 0.6273333333333333 0.5258007117437722 0.04666666666666667 0.11921708185053381
2 0.6433333333333333 0.45462633451957296 0.025333333333333333 0.051601423487544484
2 0.6606666666666666 0.4279359430604982 0.030666666666666665 0.04804270462633452
2 0.7233333333333334 0.44661921708185054 0.044 0.08185053380782918
2 0.8793333333333333 0.49555160142348753 0.017333333333333333 0.04804270462633452
2 0.6153333333333333 0.44483985765124556 0.030666666666666665 0.03914590747330961
2 0.58 0.4332740213523132 0.02666666666666667 0.04448398576512456
2 0.5733333333333334 0.4706405693950178 0.032 0.04448398576512456
2 0.5566666666666666 0.4804270462633452 0.03333333333333333 0.0711743772241993
2 0.5533333333333333 0.43416370106761565 0.04 0.03914590747330961
2 0.508 0.44395017793594305 0.032 0.0693950177935943
2 0.4266666666666667 0.4599644128113879 0.04 0.07651245551601424
2 0.4513333333333333 0.44395017793594305 0.02266666666666667 0.05871886120996441
2 0.4653333333333333 0.44661921708185054 0.016 0.03914590747330961
2 0.4206666666666667 0.44217081850533807 0.025333333333333333 0.05516014234875445
2 0.314 0.4279359430604982 0.052 0.07651245551601424
2 0.262 0.42526690391459077 0.036 0.05338078291814947
2 0.25 0.45373665480427045 0.025333333333333333 0.046263345195729534
2 0.294 0.452846975088968 0.02 0.033807829181494664
2 0.206 0.44483985765124556 0.03333333333333333 0.05338078291814947
2 0.23066666666666666 0.4599644128113879 0.029333333333333333 0.04804270462633452
2 0.15266666666666667 0.4483985765124555 0.04133333333333333 0.06405693950177936
4 0.016666666666666666 0.47597864768683273 0.03333333333333333 0.037366548042704624
