0 0.08 0.3887240356083086 0.12444444444444444 0.4094955489614243
0 0.29444444444444445 0.3798219584569733 0.10888888888888888 0.3560830860534125
0 0.25555555555555554 0.37091988130563797 0.09777777777777778 0.32047477744807124
0 0.38 0.3694362017804154 0.09777777777777778 0.3293768545994065
0 0.47555555555555556 0.37833827893175076 0.09333333333333334 0.3115727002967359
0 0.5522222222222222 0.36795252225519287 0.09555555555555556 0.314540059347181
0 0.6155555555555555 0.3768545994065282 0.09333333333333334 0.3086053412462908
0 0.6366666666666667 0.3560830860534125 0.08222222222222222 0.2789317507418398
0 0.7211111111111111 0.3397626112759644 0.10444444444444445 0.34718100890207715
0 0.7644444444444445 0.5489614243323442 0.10666666666666667 0.3560830860534125
0 0.8388888888888889 0.44807121661721067 0.08666666666666667 0.29080118694362017
2 0.16 0.8931750741839762 0.2577777777777778 0.20771513353115728
