0 0.4558333333333333 0.6988888888888889 0.075 0.24222222222222223
0 0.0425 0.7677777777777778 0.085 0.34444444444444444
0 0.11083333333333334 0.7344444444444445 0.105 0.3488888888888889
0 0.1475 0.6888888888888889 0.07166666666666667 0.23555555555555555
0 0.17916666666666667 0.6266666666666667 0.045 0.14666666666666667
0 0.27166666666666667 0.5844444444444444 0.03 0.10222222222222223
0 0.32 0.5677777777777778 0.016666666666666666 0.06
0 0.2475 0.56 0.015 0.04888888888888889
0 0.3375 0.5677777777777778 0.015 0.05555555555555555
0 0.36083333333333334 0.57 0.021666666666666667 0.06888888888888889
0 0.37833333333333335 0.5711111111111111 0.02 0.07111111111111111
0 0.40166666666666667 0.5811111111111111 0.023333333333333334 0.08222222222222222
0 0.42916666666666664 0.6133333333333333 0.03833333333333333 0.12444444444444444
0 0.7708333333333334 0.7266666666666667 0.08166666666666667 0.26666666666666666
0 0.815 0.6922222222222222 0.08333333333333333 0.2688888888888889
0 0.8775 0.6844444444444444 0.06166666666666667 0.20444444444444446
0 0.9458333333333333 0.76 0.085 0.28444444444444444
0 0.9066666666666666 0.7444444444444445 0.08666666666666667 0.28888888888888886
0 0.9716666666666667 0.7755555555555556 0.056666666666666664 0.32
0 0.9666666666666667 0.6588888888888889 0.06666666666666667 0.22
0 0.735 0.7022222222222222 0.06333333333333334 0.21333333333333335
0 0.715 0.6777777777777778 0.06666666666666667 0.2222222222222222
0 0.6575 0.6555555555555556 0.06166666666666667 0.2
0 0.6316666666666667 0.6377777777777778 0.06 0.19555555555555557
0 0.5925 0.6388888888888888 0.04833333333333333 0.15777777777777777
0 0.5575 0.6266666666666667 0.045 0.1511111111111111
0 0.5333333333333333 0.6277777777777778 0.043333333333333335 0.14444444444444443
0 0.4725 0.6244444444444445 0.041666666666666664 0.13777777777777778
0 0.5158333333333334 0.6155555555555555 0.041666666666666664 0.13777777777777778
0 0.49333333333333335 0.6044444444444445 0.03333333333333333 0.10666666666666667
0 0.6808333333333333 0.6055555555555555 0.028333333333333332 0.1
4 0.10083333333333333 0.5466666666666666 0.20166666666666666 0.05333333333333334
