0 0.046875 0.8234086242299795 0.04625 0.188911704312115
0 0.185 0.8809034907597536 0.0475 0.188911704312115
0 0.14625 0.8018480492813141 0.0425 0.17453798767967146
0 0.1975 0.7535934291581109 0.0525 0.21765913757700206
0 0.25 0.8470225872689938 0.055 0.22792607802874743
0 0.30375 0.8193018480492813 0.0525 0.2135523613963039
0 0.3525 0.7987679671457906 0.0525 0.2135523613963039
0 0.40625 0.7638603696098563 0.0475 0.188911704312115
0 0.468125 0.8336755646817249 0.05125 0.2053388090349076
0 0.530625 0.8141683778234087 0.04875 0.19917864476386038
0 0.59 0.7833675564681725 0.045 0.17864476386036962
0 0.649375 0.7464065708418891 0.04875 0.19917864476386038
0 0.688125 0.7186858316221766 0.04375 0.17659137577002054
0 0.71625 0.7895277207392197 0.0425 0.1704312114989733
0 0.770625 0.7320328542094456 0.04375 0.17864476386036962
0 0.82125 0.7494866529774127 0.05 0.2053388090349076
0 0.880625 0.8090349075975359 0.05375 0.21765913757700206
0 0.940625 0.8706365503080082 0.04125 0.17248459958932238
0 0.93375 0.7176591375770021 0.0475 0.19096509240246407
0 0.966875 0.8069815195071869 0.04875 0.1971252566735113
0 0.8725 0.7063655030800822 0.055 0.22176591375770022
0 0.7275 0.6611909650924025 0.0475 0.188911704312115
0 0.565625 0.7012320328542094 0.04875 0.19507186858316222
0 0.510625 0.7248459958932238 0.05125 0.2053388090349076
0 0.473125 0.7340862422997947 0.03625 0.1457905544147844
0 0.415 0.6570841889117043 0.0375 0.15195071868583163
0 0.461875 0.6427104722792608 0.03875 0.1601642710472279
0 0.13625 0.686858316221766 0.0375 0.14989733059548255
0 0.22875 0.6560574948665298 0.0325 0.13347022587268995
0 0.283125 0.6683778234086243 0.03625 0.1457905544147844
0 0.33375 0.6447638603696099 0.0425 0.16837782340862423
0 0.244375 0.10574948665297741 0.03875 0.15811088295687886
0 0.3075 0.3028747433264887 0.035 0.14168377823408623
0 0.355625 0.2464065708418891 0.04125 0.16837782340862423
0 0.405625 0.26078028747433263 0.04375 0.1806981519507187
0 0.45875 0.24948665297741274 0.04 0.16632443531827515
0 0.505625 0.29568788501026694 0.02875 0.11909650924024641
0 0.519375 0.23613963039014374 0.03625 0.14784394250513347
0 0.58 0.2351129363449692 0.045 0.17864476386036962
0 0.603125 0.25256673511293637 0.04125 0.16427104722792607
0 0.65875 0.2032854209445585 0.04 0.1601642710472279
0 0.72125 0.13141683778234087 0.0425 0.17248459958932238
0 0.824375 0.38501026694045176 0.05125 0.21149897330595482
0 0.815625 0.608829568788501 0.03625 0.14989733059548255
0 0.640625 0.5626283367556468 0.04375 0.17659137577002054
0 0.15125 0.5338809034907598 0.045 0.18480492813141683
0 0.230625 0.582135523613963 0.04875 0.19507186858316222
0 0.19125 0.40143737166324434 0.0425 0.1704312114989733
0 0.251875 0.46098562628336753 0.03625 0.14989733059548255
0 0.384375 0.6396303901437371 0.03625 0.1457905544147844
0 0.43625 0.38809034907597534 0.035 0.14784394250513347
0 0.48125 0.4004106776180698 0.035 0.1437371663244353
0 0.733125 0.37063655030800824 0.03625 0.14989733059548255
0 0.7825 0.41478439425051333 0.0375 0.15195071868583163
0 0.66625 0.6078028747433265 0.0275 0.11498973305954825
2 0.130625 0.5780287474332649 0.04875 0.09650924024640657
2 0.185625 0.5903490759753593 0.05375 0.08008213552361396
2 0.280625 0.5482546201232033 0.04625 0.08624229979466119
2 0.31125 0.5041067761806981 0.045 0.08008213552361396
2 0.301875 0.45687885010266943 0.04375 0.06776180698151951
2 0.164375 0.44455852156057496 0.04125 0.08008213552361396
2 0.218125 0.47638603696098564 0.05375 0.07392197125256673
2 0.266875 0.35626283367556466 0.06625 0.08418891170431211
2 0.305 0.40451745379876797 0.04 0.06981519507186858
2 0.36125 0.49589322381930184 0.05 0.08418891170431211
2 0.36125 0.5359342915811088 0.0375 0.04106776180698152
2 0.414375 0.5544147843942505 0.05625 0.061601642710472276
2 0.420625 0.5061601642710473 0.05125 0.059548254620123205
2 0.395 0.4548254620123203 0.045 0.055441478439425054
2 0.47375 0.5482546201232033 0.0425 0.061601642710472276
2 0.5125 0.5390143737166324 0.055 0.06776180698151951
2 0.563125 0.5616016427104723 0.05375 0.055441478439425054
2 0.515 0.6129363449691991 0.035 0.0513347022587269
2 0.595 0.6149897330595483 0.0475 0.08418891170431211
2 0.593125 0.5205338809034907 0.04625 0.11293634496919917
2 0.551875 0.47433264887063653 0.04625 0.07802874743326489
2 0.6125 0.47125256673511295 0.0325 0.0513347022587269
2 0.61625 0.42505133470225875 0.05 0.0944558521560575
2 0.53625 0.4240246406570842 0.0725 0.08418891170431211
2 0.49875 0.4753593429158111 0.0475 0.059548254620123205
2 0.456875 0.46303901437371664 0.03875 0.08829568788501027
2 0.3675 0.29876796714579057 0.0625 0.10472279260780287
2 0.44625 0.29055441478439425 0.0425 0.06365503080082136
2 0.533125 0.3593429158110883 0.04625 0.1026694045174538
2 0.631875 0.3347022587268994 0.04875 0.08624229979466119
2 0.67625 0.2997946611909651 0.0475 0.10677618069815195
2 0.686875 0.44763860369609854 0.06625 0.1026694045174538
2 0.71875 0.42813141683778233 0.0275 0.059548254620123205
2 0.75375 0.46303901437371664 0.045 0.10061601642710473
2 0.711875 0.5431211498973306 0.05875 0.06776180698151951
2 0.754375 0.5687885010266941 0.03125 0.09856262833675565
2 0.840625 0.4804928131416838 0.05125 0.09856262833675565
2 0.8875 0.5831622176591376 0.055 0.09856262833675565
