0 0.090625 0.7189695550351288 0.05625 0.2107728337236534
0 0.13671875 0.6768149882903981 0.0328125 0.12646370023419204
0 0.17421875 0.6592505854800936 0.0390625 0.14285714285714285
0 0.15703125 0.6709601873536299 0.0328125 0.1288056206088993
0 0.1765625 0.5456674473067916 0.034375 0.12646370023419204
0 0.20859375 0.6908665105386417 0.0453125 0.1686182669789227
0 0.2796875 0.7014051522248244 0.040625 0.1522248243559719
0 0.321875 0.6791569086651054 0.040625 0.15456674473067916
0 0.321875 0.6182669789227166 0.034375 0.13114754098360656
0 0.46484375 0.5409836065573771 0.0296875 0.10772833723653395
0 0.578125 0.5351288056206089 0.028125 0.10070257611241218
0 0.6109375 0.6569086651053864 0.0375 0.14285714285714285
0 0.55859375 0.6615925058548009 0.0390625 0.14285714285714285
0 0.4984375 0.6533957845433255 0.034375 0.13114754098360656
0 0.4359375 0.6592505854800936 0.034375 0.12412177985948478
0 0.73125 0.5960187353629977 0.025 0.09601873536299765
0 0.746875 0.5960187353629977 0.021875 0.08665105386416862
0 0.79453125 0.6651053864168618 0.0421875 0.1592505854800937
0 0.76328125 0.6533957845433255 0.0359375 0.1358313817330211
0 0.89453125 0.6510538641686182 0.0390625 0.14988290398126464
0 0.92734375 0.6182669789227166 0.0359375 0.1358313817330211
0 0.9203125 0.5199063231850117 0.025 0.0936768149882904
0 0.79921875 0.6135831381733021 0.0234375 0.08430913348946135
0 0.98515625 0.6498829039812647 0.0296875 0.14754098360655737
2 0.0453125 0.7903981264637002 0.078125 0.11475409836065574
2 0.18125 0.7892271662763466 0.084375 0.1405152224824356
2 0.3078125 0.7564402810304449 0.084375 0.11241217798594848
2 0.40859375 0.7517564402810304 0.0640625 0.10304449648711944
2 0.47109375 0.7728337236533958 0.0546875 0.1358313817330211
2 0.86875 0.7587822014051522 0.059375 0.11241217798594848
2 0.83359375 0.7271662763466042 0.0640625 0.11007025761124122
2 0.965625 0.7318501170960188 0.05625 0.1288056206088993
