0 0.055 0.71375 0.11 0.5025
0 0.07333333333333333 0.7025 0.11333333333333333 0.42
0 0.105 0.69625 0.12 0.4375
0 0.135 0.7 0.11 0.4
0 0.165 0.66625 0.11666666666666667 0.4325
0 0.2 0.6875 0.10333333333333333 0.385
0 0.2175 0.69 0.10166666666666667 0.375
0 0.28583333333333333 0.715 0.09166666666666666 0.34
0 0.3225 0.72375 0.075 0.2725
0 0.36083333333333334 0.7075 0.07833333333333334 0.295
0 0.3875 0.7075 0.07833333333333334 0.285
0 0.4075 0.7175 0.06833333333333333 0.255
0 0.43583333333333335 0.69625 0.075 0.2725
0 0.4675 0.705 0.06833333333333333 0.25
0 0.5091666666666667 0.69125 0.051666666666666666 0.1975
0 0.5241666666666667 0.6975 0.04833333333333333 0.185
0 0.5666666666666667 0.68875 0.05 0.1925
0 0.5933333333333334 0.69125 0.05333333333333334 0.2025
0 0.6425 0.6925 0.051666666666666666 0.195
0 0.6725 0.6875 0.04833333333333333 0.185
0 0.6975 0.68125 0.055 0.2025
0 0.7341666666666666 0.67875 0.058333333333333334 0.2225
0 0.7575 0.67375 0.051666666666666666 0.1975
0 0.7791666666666667 0.68125 0.058333333333333334 0.2125
0 0.8166666666666667 0.665 0.056666666666666664 0.215
0 0.8441666666666666 0.67125 0.065 0.2425
0 0.8858333333333334 0.67 0.065 0.24
0 0.9075 0.6725 0.06166666666666667 0.23
0 0.9441666666666667 0.6675 0.065 0.245
0 0.9691666666666666 0.6625 0.06166666666666667 0.26
0 0.23333333333333334 0.7325 0.03333333333333333 0.13
0 0.25583333333333336 0.71875 0.028333333333333332 0.1125
2 0.31583333333333335 0.78875 0.051666666666666666 0.2125
2 0.7008333333333333 0.745 0.041666666666666664 0.15
2 0.5308333333333334 0.44625 0.16833333333333333 0.3525
