0 0.7492211838006231 0.4476584022038568 0.0529595015576324 0.22865013774104684
0 0.8161993769470405 0.6019283746556474 0.06230529595015576 0.27823691460055094
0 0.7515576323987538 0.6308539944903582 0.06697819314641744 0.29201101928374656
0 0.7827102803738317 0.5606060606060606 0.03271028037383177 0.14600550964187328
0 0.7180685358255452 0.6225895316804407 0.06542056074766354 0.2809917355371901
0 0.6635514018691588 0.6129476584022039 0.06853582554517133 0.30578512396694213
0 0.6962616822429907 0.5785123966942148 0.03115264797507788 0.1322314049586777
0 0.6261682242990654 0.5550964187327824 0.028037383177570093 0.1184573002754821
0 0.6098130841121495 0.6060606060606061 0.06074766355140187 0.2644628099173554
0 0.6947040498442367 0.44490358126721763 0.04672897196261682 0.21212121212121213
0 0.6876947040498442 0.49586776859504134 0.03271028037383177 0.14325068870523416
0 0.6144859813084113 0.4807162534435262 0.029595015576323987 0.12947658402203857
0 0.6277258566978193 0.4490358126721763 0.04361370716510903 0.19834710743801653
0 0.5981308411214953 0.4366391184573003 0.0529595015576324 0.22865013774104684
0 0.5677570093457944 0.6074380165289256 0.045171339563862926 0.19559228650137742
0 0.5856697819314641 0.71900826446281 0.03426791277258567 0.1487603305785124
0 0.5669781931464174 0.4297520661157025 0.04361370716510903 0.18732782369146006
0 0.5404984423676013 0.39669421487603307 0.03115264797507788 0.14325068870523416
0 0.514797507788162 0.43526170798898073 0.03894080996884735 0.1763085399449036
0 0.4719626168224299 0.5909090909090909 0.059190031152647975 0.256198347107438
0 0.49221183800623053 0.5619834710743802 0.021806853582554516 0.1046831955922865
0 0.48753894080996885 0.43112947658402206 0.040498442367601244 0.17355371900826447
0 0.4338006230529595 0.4490358126721763 0.048286604361370715 0.209366391184573
0 0.19937694704049844 0.46143250688705234 0.0529595015576324 0.22865013774104684
0 0.1822429906542056 0.5950413223140496 0.06230529595015576 0.2699724517906336
0 0.220404984423676 0.5909090909090909 0.04205607476635514 0.19008264462809918
0 0.20482866043613707 0.5633608815426997 0.03271028037383177 0.14600550964187328
0 0.29361370716510904 0.5578512396694215 0.04205607476635514 0.1790633608815427
0 0.25934579439252337 0.4090909090909091 0.04205607476635514 0.18457300275482094
0 0.12461059190031153 0.731404958677686 0.04361370716510903 0.19559228650137742
0 0.4197819314641745 0.7148760330578512 0.04205607476635514 0.18457300275482094
0 0.5 0.7134986225895317 0.040498442367601244 0.1763085399449036
2 0.09735202492211838 0.7286501377410468 0.03582554517133956 0.20110192837465565
2 0.16355140186915887 0.7011019283746557 0.024922118380062305 0.21212121212121213
2 0.1939252336448598 0.7341597796143251 0.03271028037383177 0.16804407713498623
2 0.21417445482866043 0.7148760330578512 0.03582554517133956 0.17355371900826447
2 0.2554517133956386 0.7258953168044077 0.028037383177570093 0.15702479338842976
2 0.2468847352024922 0.6212121212121212 0.02336448598130841 0.06887052341597796
2 0.32320872274143303 0.6515151515151515 0.029595015576323987 0.15151515151515152
2 0.3652647975077882 0.7148760330578512 0.020249221183800622 0.15151515151515152
2 0.22585669781931464 0.40771349862258954 0.028037383177570093 0.11019283746556474
2 0.278816199376947 0.39807162534435264 0.03115264797507788 0.07988980716253444
2 0.3014018691588785 0.4118457300275482 0.02336448598130841 0.09090909090909091
2 0.3426791277258567 0.38980716253443526 0.04984423676012461 0.09090909090909091
2 0.338006230529595 0.44077134986225897 0.03115264797507788 0.049586776859504134
2 0.3294392523364486 0.5261707988980716 0.02336448598130841 0.11570247933884298
2 0.3590342679127726 0.5426997245179064 0.020249221183800622 0.11570247933884298
2 0.38006230529595014 0.5550964187327824 0.028037383177570093 0.162534435261708
2 0.40809968847352024 0.5482093663911846 0.03426791277258567 0.09366391184573003
2 0.4454828660436137 0.5110192837465565 0.018691588785046728 0.07988980716253444
2 0.45872274143302183 0.4573002754820937 0.0264797507788162 0.09366391184573003
2 0.39641744548286606 0.45454545454545453 0.03271028037383177 0.09917355371900827
2 0.40965732087227413 0.3925619834710744 0.03115264797507788 0.09641873278236915
2 0.3870716510903427 0.3856749311294766 0.029595015576323987 0.07162534435261708
2 0.40342679127725856 0.6308539944903582 0.024922118380062305 0.049586776859504134
2 0.4431464174454829 0.696969696969697 0.06697819314641744 0.2534435261707989
2 0.5272585669781932 0.721763085399449 0.045171339563862926 0.21487603305785125
2 0.6308411214953271 0.7341597796143251 0.03426791277258567 0.21763085399449036
2 0.5381619937694704 0.5275482093663911 0.020249221183800622 0.08539944903581267
