0 0.07888888888888888 0.69 0.15777777777777777 0.5933333333333334
0 0.19555555555555557 0.68 0.16444444444444445 0.6
0 0.29333333333333333 0.6616666666666666 0.16444444444444445 0.61
0 0.34555555555555556 0.685 0.16666666666666666 0.61
0 0.4622222222222222 0.7016666666666667 0.15555555555555556 0.5766666666666667
0 0.6022222222222222 0.6766666666666666 0.17333333333333334 0.64
0 0.7133333333333334 0.69 0.16 0.5933333333333334
0 0.8355555555555556 0.665 0.17333333333333334 0.6366666666666667
0 0.5655555555555556 0.655 0.1711111111111111 0.63
0 0.5366666666666666 0.6266666666666667 0.16666666666666666 0.6066666666666667
0 0.06 0.19666666666666666 0.035555555555555556 0.13333333333333333
0 0.38555555555555554 0.095 0.04666666666666667 0.17666666666666667
0 0.45555555555555555 0.06666666666666667 0.035555555555555556 0.13333333333333333
0 0.4888888888888889 0.07333333333333333 0.04 0.14666666666666667
0 0.77 0.075 0.03777777777777778 0.15
0 0.8033333333333333 0.08666666666666667 0.03777777777777778 0.14666666666666667
0 0.8388888888888889 0.08333333333333333 0.042222222222222223 0.16666666666666666
0 0.8611111111111112 0.085 0.028888888888888888 0.11
0 0.9722222222222222 0.058333333333333334 0.028888888888888888 0.11666666666666667
0 0.9755555555555555 0.5283333333333333 0.04888888888888889 0.27
2 0.1622222222222222 0.15666666666666668 0.06222222222222222 0.1
2 0.21 0.12666666666666668 0.042222222222222223 0.10666666666666667
2 0.22555555555555556 0.205 0.03333333333333333 0.06333333333333334
2 0.2577777777777778 0.20166666666666666 0.03111111111111111 0.06333333333333334
2 0.2966666666666667 0.17333333333333334 0.042222222222222223 0.10666666666666667
2 0.2644444444444444 0.1 0.035555555555555556 0.06666666666666667
2 0.4677777777777778 0.13833333333333334 0.04666666666666667 0.08333333333333333
2 0.5266666666666666 0.11166666666666666 0.022222222222222223 0.07666666666666666
2 0.5 0.12333333333333334 0.035555555555555556 0.07333333333333333
2 0.5466666666666666 0.09833333333333333 0.035555555555555556 0.09
2 0.5744444444444444 0.08166666666666667 0.03333333333333333 0.08333333333333333
2 0.6044444444444445 0.115 0.035555555555555556 0.10333333333333333
2 0.6355555555555555 0.11833333333333333 0.04 0.11
2 0.6644444444444444 0.12166666666666667 0.02666666666666667 0.10333333333333333
2 0.7144444444444444 0.12 0.03333333333333333 0.09333333333333334
2 0.7366666666666667 0.17 0.04666666666666667 0.08
2 0.7388888888888889 0.08166666666666667 0.028888888888888888 0.07
2 0.6977777777777778 0.37833333333333335 0.10222222222222223 0.14333333333333334
2 0.45666666666666667 0.36666666666666664 0.08222222222222222 0.11333333333333333
2 0.38666666666666666 0.4033333333333333 0.08888888888888889 0.13333333333333333
2 0.8888888888888888 0.08166666666666667 0.035555555555555556 0.07666666666666666
2 0.9244444444444444 0.07333333333333333 0.022222222222222223 0.04666666666666667
2 0.21888888888888888 0.425 0.051111111111111114 0.14333333333333334
