0 0.09230769230769231 0.5780346820809249 0.13076923076923078 0.48554913294797686
0 0.057692307692307696 0.5505780346820809 0.11538461538461539 0.45375722543352603
0 0.04326923076923077 0.5404624277456648 0.08653846153846154 0.42196531791907516
0 0.125 0.4653179190751445 0.07307692307692308 0.2658959537572254
0 0.18173076923076922 0.4667630057803468 0.0673076923076923 0.2514450867052023
0 0.29615384615384616 0.46098265895953755 0.06153846153846154 0.22832369942196531
0 0.33653846153846156 0.4421965317919075 0.05384615384615385 0.2023121387283237
0 0.3596153846153846 0.43641618497109824 0.05 0.1907514450867052
0 0.38269230769230766 0.4234104046242775 0.04230769230769231 0.1531791907514451
0 0.4009615384615385 0.4263005780346821 0.04038461538461539 0.14739884393063585
0 0.2048076923076923 0.3179190751445087 0.021153846153846155 0.08670520231213873
0 0.2403846153846154 0.33236994219653176 0.019230769230769232 0.07514450867052024
0 0.27692307692307694 0.32514450867052025 0.019230769230769232 0.07803468208092486
0 0.45384615384615384 0.5708092485549133 0.1346153846153846 0.5
0 0.5403846153846154 0.44508670520231214 0.06153846153846154 0.2254335260115607
0 0.6634615384615384 0.43786127167630057 0.06153846153846154 0.23410404624277456
0 0.6384615384615384 0.430635838150289 0.05384615384615385 0.2023121387283237
0 0.6182692307692308 0.41184971098265893 0.04423076923076923 0.17052023121387283
0 0.9230769230769231 0.44508670520231214 0.08076923076923077 0.3063583815028902
0 0.8144230769230769 0.4147398843930636 0.05961538461538462 0.21676300578034682
0 0.7413461538461539 0.3930635838150289 0.04423076923076923 0.16184971098265896
0 0.7125 0.3916184971098266 0.04038461538461539 0.14739884393063585
0 0.7663461538461539 0.3901734104046243 0.03653846153846154 0.13872832369942195
0 0.6028846153846154 0.3959537572254335 0.04807692307692308 0.18497109826589594
4 0.9634615384615385 0.33959537572254334 0.07307692307692308 0.07225433526011561
4 0.864423076923077 0.32514450867052025 0.08653846153846154 0.049132947976878616
4 0.7836538461538461 0.32947976878612717 0.025 0.03468208092485549
4 0.06634615384615385 0.18208092485549132 0.12884615384615383 0.14450867052023122
4 0.30673076923076925 0.3236994219653179 0.0673076923076923 0.06936416184971098
