0 0.186875 0.6819887429643527 0.15875 0.5797373358348968
0 0.26625 0.7288930581613509 0.1325 0.4896810506566604
0 0.31875 0.6782363977485929 0.1375 0.5046904315196998
0 0.395625 0.725140712945591 0.12875 0.47842401500938087
0 0.451875 0.7204502814258912 0.13875 0.5103189493433395
0 0.5675 0.7485928705440901 0.125 0.46153846153846156
0 0.639375 0.6716697936210131 0.16625 0.6116322701688556
0 0.730625 0.7185741088180112 0.14125 0.5178236397748592
0 0.83375 0.6350844277673546 0.1875 0.6848030018761726
2 0.076875 0.7673545966228893 0.14875 0.41275797373358347
2 0.024375 0.5347091932457786 0.04875 0.18761726078799248
2 0.1075 0.5150093808630394 0.0625 0.15572232645403378
2 0.391875 0.4174484052532833 0.06125 0.10318949343339587
2 0.494375 0.7176360225140713 0.06125 0.5046904315196998
2 0.768125 0.41088180112570355 0.03875 0.075046904315197
2 0.953125 0.5609756097560976 0.03625 0.16135084427767354
2 0.975625 0.7363977485928705 0.04625 0.3133208255159475
2 0.919375 0.4230769230769231 0.02625 0.05065666041275797
2 0.239375 0.4277673545966229 0.06375 0.0975609756097561
