0 0.042495479204339964 0.6 0.08499095840867993 0.3228915662650602
0 0.17902350813743217 0.6204819277108434 0.10849909584086799 0.35903614457831323
0 0.24773960216998192 0.5734939759036145 0.11573236889692586 0.3759036144578313
0 0.34086799276672697 0.6349397590361445 0.12477396021699819 0.4072289156626506
0 0.5 0.6373493975903615 0.14285714285714285 0.46987951807228917
0 0.7414104882459313 0.6518072289156627 0.13743218806509946 0.45542168674698796
0 0.5470162748643761 0.6012048192771084 0.12477396021699819 0.4072289156626506
0 0.5840867992766727 0.5879518072289157 0.09403254972875226 0.3132530120481928
0 0.4050632911392405 0.5975903614457831 0.10849909584086799 0.3614457831325301
0 0.12296564195298372 0.5759036144578313 0.09041591320072333 0.2987951807228916
2 0.028933092224231464 0.41807228915662653 0.02531645569620253 0.04578313253012048
2 0.15551537070524413 0.4397590361445783 0.028933092224231464 0.04096385542168675
2 0.31735985533453887 0.4542168674698795 0.023508137432188065 0.05542168674698795
2 0.29566003616636527 0.44457831325301206 0.019891500904159132 0.04578313253012048
2 0.4701627486437613 0.4578313253012048 0.03616636528028933 0.05301204819277108
2 0.6039783001808319 0.4614457831325301 0.018083182640144666 0.05060240963855422
2 0.6094032549728752 0.43855421686746987 0.028933092224231464 0.05301204819277108
2 0.6265822784810127 0.4542168674698795 0.0162748643761302 0.04578313253012048
2 0.6446654611211573 0.4566265060240964 0.023508137432188065 0.05542168674698795
2 0.6600361663652803 0.4506024096385542 0.0216998191681736 0.04819277108433735
2 0.6781193490054249 0.4433734939759036 0.0216998191681736 0.033734939759036145
2 0.7730560578661845 0.4457831325301205 0.045207956600361664 0.07228915662650602
2 0.7007233273056058 0.44216867469879517 0.012658227848101266 0.03614457831325301
2 0.7115732368896925 0.43614457831325304 0.0162748643761302 0.03855421686746988
2 0.445750452079566 0.4542168674698795 0.019891500904159132 0.04578313253012048
2 0.0108499095840868 0.45542168674698796 0.0216998191681736 0.05783132530120482
4 0.8679927667269439 0.4710843373493976 0.0325497287522604 0.10843373493975904
4 0.9710669077757685 0.5963855421686747 0.05063291139240506 0.39759036144578314
