0 0.06770833333333333 0.5875 0.09166666666666666 0.334375
0 0.10833333333333334 0.5921875 0.09166666666666666 0.340625
0 0.14791666666666667 0.596875 0.09791666666666667 0.359375
0 0.19270833333333334 0.6 0.10208333333333333 0.378125
0 0.2421875 0.6 0.103125 0.378125
0 0.28802083333333334 0.61640625 0.10520833333333333 0.3890625
0 0.3375 0.61015625 0.11041666666666666 0.4078125
0 0.38958333333333334 0.621875 0.11666666666666667 0.428125
0 0.459375 0.63359375 0.12291666666666666 0.4484375
0 0.5291666666666667 0.6421875 0.125 0.459375
0 0.6083333333333333 0.65234375 0.13125 0.4828125
0 0.6895833333333333 0.66015625 0.12708333333333333 0.4640625
0 0.7619791666666667 0.66484375 0.128125 0.4703125
0 0.8390625 0.6609375 0.128125 0.46875
0 0.9203125 0.66796875 0.12395833333333334 0.4546875
2 0.050520833333333334 0.43515625 0.03229166666666667 0.0578125
3 0.3890625 0.38984375 0.023958333333333335 0.0453125
3 0.4197916666666667 0.4375 0.04375 0.134375
3 0.4661458333333333 0.40234375 0.051041666666666666 0.0453125
