0 0.1826086956521739 0.675704989154013 0.14492753623188406 0.5314533622559653
0 0.3130434782608696 0.6008676789587852 0.09565217391304348 0.3557483731019523
0 0.4797101449275362 0.6464208242950108 0.18840579710144928 0.6941431670281996
0 0.6557971014492754 0.6681127982646421 0.15217391304347827 0.559652928416486
0 0.7376811594202899 0.5542299349240781 0.0782608695652174 0.2841648590021692
0 0.9094202898550725 0.6008676789587852 0.12318840579710146 0.4511930585683297
0 0.8101449275362319 0.5065075921908894 0.05507246376811594 0.20607375271149675
0 0.8260869565217391 0.482646420824295 0.04927536231884058 0.1843817787418655
0 0.7188405797101449 0.4956616052060738 0.05217391304347826 0.19739696312364424
0 0.5427536231884058 0.49891540130151846 0.04492753623188406 0.16919739696312364
0 0.5630434782608695 0.49891540130151846 0.04492753623188406 0.1648590021691974
0 0.6036231884057971 0.4566160520607375 0.021739130434782608 0.08026030368763558
0 0.2492753623188406 0.517353579175705 0.043478260869565216 0.16268980477223427
0 0.03188405797101449 0.5802603036876356 0.06376811594202898 0.34490238611713664
0 0.1144927536231884 0.5422993492407809 0.08115942028985507 0.2993492407809111
0 0.06811594202898551 0.5574837310195228 0.07246376811594203 0.26898047722342733
0 0.27898550724637683 0.5130151843817787 0.050724637681159424 0.19305856832971802
1 0.3717391304347826 0.5043383947939263 0.04492753623188406 0.16268980477223427
1 0.9818840579710145 0.4370932754880694 0.013043478260869565 0.0455531453362256
2 0.04420289855072464 0.4403470715835141 0.01884057971014493 0.026030368763557483
2 0.19782608695652174 0.4544468546637744 0.0391304347826087 0.1193058568329718
2 0.22971014492753622 0.4511930585683297 0.01884057971014493 0.03470715835140998
2 0.32608695652173914 0.43058568329718006 0.02318840579710145 0.049891540130151846
2 0.6876811594202898 0.4544468546637744 0.015942028985507246 0.09761388286334056
2 0.863768115942029 0.40997830802603036 0.02318840579710145 0.052060737527114966
2 0.8768115942028986 0.4078091106290672 0.028985507246376812 0.05639913232104121
2 0.4971014492753623 0.46203904555314534 0.034782608695652174 0.0824295010845987
