0 0.05434782608695652 0.4911504424778761 0.06521739130434782 0.24778761061946902
0 0.12971014492753624 0.47676991150442477 0.06231884057971015 0.23672566371681417
0 0.1782608695652174 0.5829646017699115 0.10434782608695652 0.38716814159292035
0 0.691304347826087 0.5331858407079646 0.1072463768115942 0.4026548672566372
0 0.9304347826086956 0.4823008849557522 0.07536231884057971 0.2831858407079646
0 0.8 0.4579646017699115 0.05507246376811594 0.2079646017699115
0 0.7528985507246376 0.44579646017699115 0.0391304347826087 0.14823008849557523
0 0.7746376811594203 0.4391592920353982 0.042028985507246375 0.1570796460176991
0 0.5833333333333334 0.4391592920353982 0.042028985507246375 0.1570796460176991
0 0.5362318840579711 0.4258849557522124 0.043478260869565216 0.16592920353982302
0 0.45507246376811594 0.43694690265486724 0.043478260869565216 0.16592920353982302
0 0.4036231884057971 0.46792035398230086 0.050724637681159424 0.19690265486725664
0 0.36231884057971014 0.46349557522123896 0.05507246376811594 0.21017699115044247
0 0.3739130434782609 0.4524336283185841 0.05217391304347826 0.19247787610619468
0 0.3159420289855073 0.44579646017699115 0.04927536231884058 0.1836283185840708
0 0.2920289855072464 0.4524336283185841 0.050724637681159424 0.19690265486725664
0 0.23115942028985506 0.5077433628318584 0.07681159420289856 0.2853982300884956
0 0.8282608695652174 0.4336283185840708 0.042028985507246375 0.1592920353982301
0 0.6318840579710145 0.4258849557522124 0.03188405797101449 0.1261061946902655
0 0.6028985507246377 0.4280973451327434 0.034782608695652174 0.13053097345132744
0 0.9036231884057971 0.42920353982300885 0.0391304347826087 0.1504424778761062
0 0.6550724637681159 0.413716814159292 0.028985507246376812 0.11504424778761062
0 0.8528985507246377 0.40707964601769914 0.02753623188405797 0.10619469026548672
2 0.18985507246376812 0.377212389380531 0.02318840579710145 0.033185840707964605
2 0.27898550724637683 0.5176991150442478 0.050724637681159424 0.11504424778761062
2 0.24565217391304348 0.3893805309734513 0.036231884057971016 0.084070796460177
2 0.4115942028985507 0.3827433628318584 0.03188405797101449 0.0752212389380531
2 0.4927536231884058 0.37168141592920356 0.02318840579710145 0.03982300884955752
2 0.5463768115942029 0.3805309734513274 0.020289855072463767 0.02654867256637168
2 0.553623188405797 0.35398230088495575 0.020289855072463767 0.030973451327433628
2 0.5717391304347826 0.36283185840707965 0.01884057971014493 0.03982300884955752
2 0.6695652173913044 0.38495575221238937 0.017391304347826087 0.03982300884955752
2 0.7123188405797102 0.415929203539823 0.01884057971014493 0.02654867256637168
2 0.717391304347826 0.3805309734513274 0.02318840579710145 0.03982300884955752
2 0.7297101449275363 0.37057522123893805 0.01884057971014493 0.028761061946902654
2 0.7340579710144928 0.3573008849557522 0.015942028985507246 0.01991150442477876
2 0.7471014492753624 0.3573008849557522 0.010144927536231883 0.028761061946902654
2 0.7579710144927536 0.36504424778761063 0.011594202898550725 0.017699115044247787
2 0.7673913043478261 0.36172566371681414 0.010144927536231883 0.028761061946902654
2 0.7884057971014493 0.3672566371681416 0.017391304347826087 0.02654867256637168
2 0.8471014492753624 0.4811946902654867 0.03333333333333333 0.06415929203539823
2 0.8615942028985507 0.4657079646017699 0.02463768115942029 0.059734513274336286
2 0.5028985507246376 0.4745575221238938 0.043478260869565216 0.046460176991150445
2 0.15072463768115943 0.41150442477876104 0.02608695652173913 0.07964601769911504
2 0.6543478260869565 0.33185840707964603 0.015942028985507246 0.02654867256637168
2 0.6413043478260869 0.35398230088495575 0.01884057971014493 0.030973451327433628
2 0.6333333333333333 0.33849557522123896 0.020289855072463767 0.02654867256637168
2 0.6173913043478261 0.3418141592920354 0.017391304347826087 0.01991150442477876
2 0.6057971014492753 0.3506637168141593 0.017391304347826087 0.015486725663716814
2 0.5942028985507246 0.334070796460177 0.020289855072463767 0.05309734513274336
2 0.6659420289855073 0.33185840707964603 0.010144927536231883 0.01327433628318584
2 0.6753623188405797 0.3252212389380531 0.014492753623188406 0.022123893805309734
2 0.6942028985507246 0.32853982300884954 0.020289855072463767 0.01991150442477876
2 0.7137681159420289 0.336283185840708 0.01884057971014493 0.02654867256637168
2 0.7289855072463768 0.3252212389380531 0.014492753623188406 0.030973451327433628
2 0.7442028985507246 0.32964601769911506 0.013043478260869565 0.022123893805309734
2 0.755072463768116 0.32632743362831856 0.017391304347826087 0.024336283185840708
2 0.7739130434782608 0.33517699115044247 0.014492753623188406 0.01991150442477876
2 0.7927536231884058 0.336283185840708 0.017391304347826087 0.017699115044247787
2 0.8181159420289855 0.34845132743362833 0.015942028985507246 0.028761061946902654
2 0.8340579710144927 0.33185840707964603 0.015942028985507246 0.022123893805309734
2 0.8478260869565217 0.336283185840708 0.014492753623188406 0.030973451327433628
2 0.8666666666666667 0.3495575221238938 0.014492753623188406 0.035398230088495575
2 0.8847826086956522 0.3694690265486726 0.01884057971014493 0.035398230088495575
2 0.8913043478260869 0.33849557522123896 0.020289855072463767 0.022123893805309734
2 0.9572463768115942 0.4314159292035398 0.021739130434782608 0.1902654867256637
