0 0.6954545454545454 0.5958904109589042 0.11454545454545455 0.4246575342465753
0 0.5309090909090909 0.5589041095890411 0.08727272727272728 0.3287671232876712
0 0.8981818181818182 0.3972602739726027 0.04727272727272727 0.18082191780821918
0 0.9454545454545454 0.4301369863013699 0.05090909090909091 0.1917808219178082
0 0.8290909090909091 0.4054794520547945 0.04727272727272727 0.18082191780821918
0 0.4036363636363636 0.7 0.15636363636363637 0.5780821917808219
0 0.2009090909090909 0.6315068493150685 0.11454545454545455 0.4301369863013699
0 0.5645454545454546 0.39863013698630134 0.04909090909090909 0.1780821917808219
0 0.6427272727272727 0.40684931506849314 0.045454545454545456 0.1726027397260274
0 0.7872727272727272 0.3698630136986301 0.03636363636363636 0.14246575342465753
0 0.9327272727272727 0.3178082191780822 0.01818181818181818 0.06575342465753424
2 0.14363636363636365 0.6013698630136987 0.05818181818181818 0.38082191780821917
2 0.1690909090909091 0.36575342465753424 0.06181818181818182 0.10684931506849316
2 0.3572727272727273 0.38767123287671235 0.045454545454545456 0.0684931506849315
2 0.38636363636363635 0.3767123287671233 0.038181818181818185 0.06301369863013699
2 0.6972727272727273 0.33424657534246577 0.03090909090909091 0.07123287671232877
2 0.7272727272727273 0.32054794520547947 0.02909090909090909 0.049315068493150684
2 0.7436363636363637 0.3356164383561644 0.04727272727272727 0.07397260273972603
2 0.8090909090909091 0.3013698630136986 0.02181818181818182 0.049315068493150684
2 0.8136363636363636 0.3821917808219178 0.023636363636363636 0.15616438356164383
2 0.8572727272727273 0.38493150684931504 0.038181818181818185 0.15616438356164383
2 0.85 0.3041095890410959 0.016363636363636365 0.038356164383561646
2 0.8654545454545455 0.31643835616438354 0.02181818181818182 0.04657534246575343
2 0.8845454545454545 0.3452054794520548 0.016363636363636365 0.10410958904109589
2 0.9836363636363636 0.34794520547945207 0.025454545454545455 0.09863013698630137
2 0.9427272727272727 0.29041095890410956 0.016363636363636365 0.021917808219178082
2 0.9354545454545454 0.31917808219178084 0.02727272727272727 0.052054794520547946
2 0.9563636363636364 0.31095890410958904 0.04 0.0684931506849315
2 0.9090909090909091 0.31095890410958904 0.02181818181818182 0.03561643835616438
2 0.7772727272727272 0.3561643835616438 0.016363636363636365 0.12054794520547946
2 0.9618181818181818 0.5808219178082191 0.06909090909090909 0.38904109589041097
