0 0.454833984375 0.8580729166666666 0.02783203125 0.09244791666666667
0 0.361328125 0.8597005208333334 0.0283203125 0.091796875
0 0.197998046875 0.765625 0.01416015625 0.045572916666666664
0 0.16650390625 0.8606770833333334 0.0283203125 0.09375
0 0.134765625 0.8681640625 0.025390625 0.08268229166666667
0 0.099609375 0.8701171875 0.0234375 0.07747395833333333
0 0.05224609375 0.8720703125 0.0224609375 0.07356770833333333
0 0.072265625 0.8518880208333334 0.017578125 0.059244791666666664
0 0.11474609375 0.8248697916666666 0.01171875 0.040364583333333336
0 0.028076171875 0.8707682291666666 0.01708984375 0.057942708333333336
0 0.008056640625 0.8678385416666666 0.01611328125 0.06640625
0 0.240234375 0.7587890625 0.0146484375 0.047526041666666664
1 0.091064453125 0.8489583333333334 0.01416015625 0.046875
2 0.099853515625 0.828125 0.01025390625 0.01171875
2 0.037109375 0.8430989583333334 0.0126953125 0.02734375
2 0.048095703125 0.8388671875 0.01220703125 0.016276041666666668
