0 0.147 0.5435540069686411 0.07 0.29965156794425085
0 0.217 0.5853658536585366 0.074 0.3205574912891986
0 0.258 0.5905923344947736 0.116 0.4912891986062718
0 0.293 0.5296167247386759 0.058 0.24390243902439024
0 0.344 0.5400696864111498 0.084 0.3554006968641115
0 0.4 0.5400696864111498 0.076 0.3344947735191638
0 0.47 0.6027874564459931 0.104 0.43902439024390244
0 0.502 0.5749128919860628 0.08 0.34843205574912894
0 0.568 0.6219512195121951 0.112 0.47735191637630664
0 0.614 0.5156794425087108 0.064 0.2787456445993031
0 0.636 0.5365853658536586 0.076 0.3344947735191638
0 0.698 0.627177700348432 0.132 0.5574912891986062
0 0.775 0.5209059233449478 0.074 0.3170731707317073
0 0.838 0.5557491289198606 0.088 0.3797909407665505
0 0.91 0.6306620209059234 0.132 0.5714285714285714
0 0.951 0.5331010452961672 0.082 0.34843205574912894
0 0.807 0.4076655052264808 0.018 0.08362369337979095
2 0.525 0.41986062717770034 0.05 0.1289198606271777
2 0.024 0.4442508710801394 0.032 0.08013937282229965
2 0.05 0.4442508710801394 0.036 0.07317073170731707
2 0.077 0.4564459930313589 0.03 0.041811846689895474
2 0.11 0.4529616724738676 0.036 0.04878048780487805
