0 0.0953125 0.4739583333333333 0.0625 0.20625
0 0.1515625 0.4708333333333333 0.065625 0.22083333333333333
0 0.20625 0.521875 0.05625 0.18958333333333333
0 0.43203125 0.50625 0.0671875 0.21666666666666667
0 0.54453125 0.41354166666666664 0.0203125 0.06458333333333334
0 0.6578125 0.41041666666666665 0.028125 0.09166666666666666
0 0.73203125 0.365625 0.0171875 0.06041666666666667
0 0.77265625 0.48020833333333335 0.0546875 0.18541666666666667
0 0.38203125 0.35 0.0171875 0.058333333333333334
0 0.42109375 0.35 0.0171875 0.05416666666666667
0 0.484375 0.33645833333333336 0.01875 0.06041666666666667
0 0.49375 0.3333333333333333 0.01875 0.0625
0 0.50390625 0.334375 0.0171875 0.05625
0 0.91640625 0.459375 0.1171875 0.3854166666666667
0 0.92890625 0.5645833333333333 0.1171875 0.37916666666666665
0 0.959375 0.47604166666666664 0.08125 0.4354166666666667
0 0.84453125 0.428125 0.0390625 0.12708333333333333
0 0.8234375 0.384375 0.034375 0.11458333333333333
0 0.80859375 0.3802083333333333 0.0328125 0.11458333333333333
0 0.78125 0.38958333333333334 0.021875 0.07083333333333333
0 0.8703125 0.42916666666666664 0.046875 0.15416666666666667
0 0.79609375 0.3614583333333333 0.0234375 0.08125
2 0.875 0.33229166666666665 0.025 0.04375
2 0.89609375 0.3104166666666667 0.0171875 0.029166666666666667
2 0.85546875 0.346875 0.0296875 0.052083333333333336
2 0.82890625 0.32083333333333336 0.0140625 0.029166666666666667
2 0.83984375 0.328125 0.0171875 0.035416666666666666
4 0.6 0.365625 0.115625 0.04375
4 0.7609375 0.3541666666666667 0.046875 0.04583333333333333
