0 0.12272727272727273 0.31929347826086957 0.14 0.5081521739130435
0 0.016363636363636365 0.2703804347826087 0.03272727272727273 0.14402173913043478
0 0.04181818181818182 0.25815217391304346 0.04363636363636364 0.16304347826086957
0 0.06363636363636363 0.24864130434782608 0.03636363636363636 0.13858695652173914
0 0.16 0.3070652173913043 0.08 0.29891304347826086
0 0.20636363636363636 0.28125 0.07454545454545454 0.27445652173913043
0 0.2636363636363636 0.25271739130434784 0.05818181818181818 0.21195652173913043
0 0.29363636363636364 0.2798913043478261 0.07818181818181819 0.29347826086956524
0 0.44363636363636366 0.2554347826086957 0.04727272727272727 0.1793478260869565
0 0.42454545454545456 0.2554347826086957 0.06 0.21739130434782608
0 0.37272727272727274 0.5543478260869565 0.1890909090909091 0.6902173913043478
0 0.48363636363636364 0.25271739130434784 0.06909090909090909 0.2554347826086957
0 0.5354545454545454 0.47690217391304346 0.19090909090909092 0.7038043478260869
0 0.6245454545454545 0.33967391304347827 0.13272727272727272 0.483695652173913
0 0.7118181818181818 0.40353260869565216 0.18727272727272729 0.6875
0 0.8090909090909091 0.3491847826086957 0.15272727272727274 0.5625
0 0.8790909090909091 0.31929347826086957 0.12181818181818181 0.453804347826087
0 0.9145454545454546 0.26902173913043476 0.09454545454545454 0.34782608695652173
0 0.8181818181818182 0.3138586956521739 0.12727272727272726 0.46467391304347827
0 0.9481818181818182 0.43070652173913043 0.10363636363636364 0.6331521739130435
2 0.24727272727272728 0.17255434782608695 0.02181818181818182 0.029891304347826088
2 0.4081818181818182 0.16847826086956522 0.034545454545454546 0.08152173913043478
2 0.38181818181818183 0.19429347826086957 0.08 0.17119565217391305
2 0.33454545454545453 0.21331521739130435 0.06181818181818182 0.1875
2 0.5872727272727273 0.17255434782608695 0.02909090909090909 0.07880434782608696
2 0.77 0.14673913043478262 0.056363636363636366 0.16847826086956522
2 0.8736363636363637 0.09239130434782608 0.034545454545454546 0.09239130434782608
2 0.9336363636363636 0.07608695652173914 0.038181818181818185 0.08695652173913043
2 0.97 0.09103260869565218 0.038181818181818185 0.09510869565217392
