0 0.09239940387481371 0.8300198807157058 0.06855439642324888 0.22465208747514911
0 0.11028315946348734 0.8548707753479126 0.06557377049180328 0.2147117296222664
0 0.37183308494783907 0.8359840954274353 0.05514157973174367 0.1848906560636183
0 0.4247391952309985 0.8320079522862823 0.05365126676602087 0.17693836978131214
0 0.6348733233979136 0.8479125248508946 0.03576751117734724 0.12127236580516898
0 0.6460506706408345 0.8170974155069582 0.02533532041728763 0.0874751491053678
0 0.6825633383010432 0.8230616302186878 0.05961251862891207 0.19483101391650098
0 0.7473919523099851 0.7872763419483101 0.03129657228017884 0.1073558648111332
0 0.7719821162444114 0.827037773359841 0.05365126676602087 0.1749502982107356
0 0.7995529061102832 0.8379721669980119 0.04918032786885246 0.16500994035785288
0 0.8040238450074516 0.7952286282306164 0.043219076005961254 0.13916500994035785
0 0.944113263785395 0.8598409542743539 0.06706408345752608 0.21669980119284293
0 0.9038748137108793 0.7852882703777336 0.037257824143070044 0.1272365805168986
0 0.8852459016393442 0.7872763419483101 0.03576751117734724 0.11928429423459244
0 0.856929955290611 0.7823061630218688 0.029806259314456036 0.10139165009940358
0 0.8710879284649776 0.7833001988071571 0.028315946348733235 0.09940357852882704
0 0.842026825633383 0.7872763419483101 0.02384500745156483 0.08349900596421471
0 0.8263785394932935 0.7862823061630219 0.028315946348733235 0.09343936381709742
2 0.6020864381520119 0.3250497017892644 0.020864381520119227 0.02186878727634195
2 0.6214605067064084 0.31709741550695825 0.020864381520119227 0.017892644135188866
2 0.04992548435171386 0.7504970178926441 0.019374068554396422 0.02186878727634195
2 0.08196721311475409 0.7504970178926441 0.011922503725782414 0.02584493041749503
2 0.7868852459016393 0.7445328031809145 0.026825633383010434 0.033797216699801194
