0 0.07090909090909091 0.4380165289256198 0.14181818181818182 0.7658402203856749
0 0.15363636363636363 0.4628099173553719 0.15818181818181817 0.5895316804407713
0 0.2390909090909091 0.4738292011019284 0.1509090909090909 0.5564738292011019
0 0.3245454545454545 0.4807162534435262 0.1509090909090909 0.5647382920110193
0 0.3981818181818182 0.4765840220385675 0.15636363636363637 0.5840220385674931
0 0.5018181818181818 0.4669421487603306 0.16727272727272727 0.6198347107438017
0 0.5772727272727273 0.47107438016528924 0.15818181818181817 0.5895316804407713
0 0.6809090909090909 0.4931129476584022 0.14727272727272728 0.5509641873278237
0 0.7627272727272727 0.48622589531680444 0.1509090909090909 0.5647382920110193
0 0.8490909090909091 0.465564738292011 0.16363636363636364 0.6060606060606061
0 0.9272727272727272 0.47796143250688705 0.14545454545454545 0.5922865013774105
0 0.6118181818181818 0.07300275482093664 0.038181818181818185 0.14600550964187328
0 0.7454545454545455 0.08402203856749312 0.04363636363636364 0.162534435261708
