0 0.26521739130434785 0.6666666666666666 0.020289855072463767 0.08278867102396514
0 0.6202898550724638 0.8017429193899782 0.06666666666666667 0.2440087145969499
0 0.6528985507246376 0.7962962962962963 0.05652173913043478 0.2113289760348584
0 0.5934782608695652 0.7603485838779956 0.04492753623188406 0.16993464052287582
0 0.5681159420289855 0.803921568627451 0.06086956521739131 0.2222222222222222
0 0.4927536231884058 0.7821350762527233 0.06666666666666667 0.24836601307189543
0 0.4492753623188406 0.8082788671023965 0.057971014492753624 0.2178649237472767
0 0.39855072463768115 0.7745098039215687 0.057971014492753624 0.21568627450980393
0 0.34202898550724636 0.7832244008714597 0.05217391304347826 0.19825708061002179
0 0.36086956521739133 0.7723311546840959 0.03768115942028986 0.14596949891067537
0 0.5260869565217391 0.7625272331154684 0.043478260869565216 0.16122004357298475
2 0.014492753623188406 0.7211328976034859 0.017391304347826087 0.04793028322440087
2 0.03188405797101449 0.7058823529411765 0.02318840579710145 0.04793028322440087
2 0.08623188405797101 0.7113289760348583 0.02463768115942029 0.07625272331154684
2 0.11739130434782609 0.7069716775599129 0.028985507246376812 0.05010893246187364
2 0.25507246376811593 0.840958605664488 0.06956521739130435 0.16122004357298475
2 0.7166666666666667 0.8289760348583878 0.07101449275362319 0.16339869281045752
2 0.7427536231884058 0.7952069716775599 0.0536231884057971 0.1394335511982571
2 0.7666666666666667 0.6459694989106753 0.028985507246376812 0.08061002178649238
2 0.9282608695652174 0.696078431372549 0.036231884057971016 0.07625272331154684
2 0.6434782608695652 0.6840958605664488 0.02608695652173913 0.04793028322440087
