0 0.04150943396226415 0.5050251256281407 0.0830188679245283 0.48743718592964824
0 0.14339622641509434 0.5917085427135679 0.16981132075471697 0.550251256281407
0 0.2 0.38819095477386933 0.03773584905660377 0.12814070351758794
0 0.24433962264150944 0.38567839195979897 0.04716981132075472 0.15829145728643215
0 0.280188679245283 0.3630653266331658 0.02830188679245283 0.09296482412060302
0 0.3745283018867924 0.5477386934673367 0.1792452830188679 0.5879396984924623
0 0.49433962264150944 0.592964824120603 0.22264150943396227 0.7236180904522613
0 0.5971698113207548 0.4535175879396985 0.1 0.3241206030150754
0 0.6462264150943396 0.3869346733668342 0.08490566037735849 0.27638190954773867
0 0.6820754716981132 0.4585427135678392 0.13018867924528302 0.42462311557788945
0 0.9037735849056604 0.47110552763819097 0.10566037735849057 0.3492462311557789
0 0.9669811320754716 0.4937185929648241 0.0660377358490566 0.38944723618090454
0 0.7481132075471698 0.664572864321608 0.2018867924528302 0.6557788944723618
2 0.5490566037735849 0.32160804020100503 0.052830188679245285 0.09045226130653267
2 0.7462264150943396 0.3379396984924623 0.062264150943396226 0.09798994974874371
2 0.7358490566037735 0.32160804020100503 0.026415094339622643 0.035175879396984924
