0 0.0517578125 0.76171875 0.009765625 0.03125
0 0.140625 0.798828125 0.04296875 0.14192708333333334
0 0.16162109375 0.7903645833333334 0.0458984375 0.15364583333333334
0 0.17236328125 0.7962239583333334 0.0322265625 0.10546875
0 0.19873046875 0.7955729166666666 0.0341796875 0.11197916666666667
0 0.2060546875 0.791015625 0.03515625 0.11588541666666667
0 0.236328125 0.8111979166666666 0.05078125 0.1640625
0 0.28857421875 0.7955729166666666 0.0361328125 0.1171875
0 0.32470703125 0.7897135416666666 0.0341796875 0.11328125
0 0.35400390625 0.8014322916666666 0.0439453125 0.14453125
0 0.3818359375 0.7825520833333334 0.02734375 0.09114583333333333
0 0.404296875 0.802734375 0.037109375 0.12109375
0 0.64697265625 0.8125 0.0361328125 0.11979166666666667
0 0.60400390625 0.8033854166666666 0.0439453125 0.14322916666666666
0 0.86181640625 0.810546875 0.0419921875 0.13932291666666666
2 0.42919921875 0.7903645833333334 0.0205078125 0.028645833333333332
2 0.44677734375 0.791015625 0.0146484375 0.03515625
3 0.23681640625 0.9075520833333334 0.0361328125 0.08854166666666667
3 0.8623046875 0.9231770833333334 0.044921875 0.09375
