0 0.095 0.48333333333333334 0.045 0.14666666666666667
0 0.3175 0.6933333333333334 0.115 0.37333333333333335
0 0.24375 0.47333333333333333 0.0525 0.17333333333333334
0 0.3225 0.475 0.055 0.18333333333333332
0 0.34375 0.4766666666666667 0.0475 0.16666666666666666
0 0.435 0.655 0.12 0.39666666666666667
0 0.5025 0.6383333333333333 0.1 0.3233333333333333
0 0.54625 0.645 0.1225 0.39666666666666667
0 0.575 0.625 0.105 0.35
0 0.77375 0.49166666666666664 0.0575 0.19666666666666666
0 0.8125 0.49166666666666664 0.07 0.23666666666666666
0 0.825 0.43333333333333335 0.08 0.26
0 0.87 0.45166666666666666 0.045 0.15666666666666668
0 0.8825 0.42833333333333334 0.045 0.15
0 0.9225 0.45 0.05 0.16
0 0.97375 0.405 0.0475 0.16333333333333333
0 0.98125 0.44333333333333336 0.0375 0.17333333333333334
0 0.1325 0.4633333333333333 0.02 0.07333333333333333
0 0.36875 0.45 0.0125 0.05333333333333334
0 0.37125 0.40166666666666667 0.0125 0.05
0 0.38875 0.4066666666666667 0.0175 0.06
0 0.4 0.43666666666666665 0.02 0.07333333333333333
0 0.42125 0.3983333333333333 0.0175 0.056666666666666664
0 0.43375 0.39666666666666667 0.0125 0.05333333333333334
0 0.44375 0.3933333333333333 0.0175 0.06
0 0.45125 0.43166666666666664 0.0175 0.06333333333333334
0 0.1875 0.47 0.025 0.08
0 0.4225 0.645 0.1 0.3233333333333333
2 0.5225 0.41 0.06 0.10666666666666667
4 0.05125 0.4533333333333333 0.0575 0.06
