0 0.7675 0.6696078431372549 0.1225 0.46862745098039216
0 0.85125 0.4166666666666667 0.05 0.19019607843137254
0 0.95 0.48137254901960785 0.07 0.26862745098039215
0 0.22125 0.6735294117647059 0.125 0.4803921568627451
0 0.070625 0.5372549019607843 0.08375 0.3254901960784314
0 0.0575 0.4117647058823529 0.0575 0.2235294117647059
0 0.10875 0.396078431372549 0.055 0.21176470588235294
0 0.146875 0.39705882352941174 0.05625 0.21372549019607842
0 0.208125 0.3911764705882353 0.05125 0.1980392156862745
0 0.245 0.3627450980392157 0.035 0.13725490196078433
0 0.270625 0.3627450980392157 0.03125 0.11764705882352941
0 0.299375 0.44019607843137254 0.05375 0.20980392156862746
0 0.3475 0.44019607843137254 0.0425 0.1627450980392157
0 0.360625 0.38235294117647056 0.04375 0.16862745098039217
0 0.464375 0.4068627450980392 0.04125 0.1627450980392157
0 0.344375 0.37254901960784315 0.04125 0.16470588235294117
3 0.341875 0.2754901960784314 0.00875 0.03333333333333333
3 0.354375 0.2833333333333333 0.01125 0.041176470588235294
3 0.365625 0.2852941176470588 0.01125 0.049019607843137254
3 0.37625 0.28823529411764703 0.01 0.050980392156862744
3 0.38875 0.29901960784313725 0.0125 0.041176470588235294
3 0.39875 0.29411764705882354 0.015 0.054901960784313725
3 0.4125 0.2911764705882353 0.0125 0.060784313725490195
