0 0.25708333333333333 0.581772784019975 0.004166666666666667 0.017478152309612985
0 0.26 0.5830212234706617 0.005 0.017478152309612985
0 0.295 0.5842696629213483 0.005 0.017478152309612985
0 0.29791666666666666 0.5830212234706617 0.004166666666666667 0.019975031210986267
0 0.30291666666666667 0.5848938826466916 0.004166666666666667 0.018726591760299626
0 0.4166666666666667 0.5905118601747815 0.005 0.02247191011235955
0 0.44583333333333336 0.6329588014981273 0.023333333333333334 0.0898876404494382
0 0.4683333333333333 0.6217228464419475 0.02 0.07240948813982521
0 0.48125 0.6248439450686641 0.0175 0.06367041198501873
0 0.5225 0.632334581772784 0.018333333333333333 0.066167290886392
0 0.53625 0.6329588014981273 0.019166666666666665 0.06991260923845194
0 0.5633333333333334 0.6354556803995006 0.016666666666666666 0.0599250936329588
0 0.59375 0.6048689138576779 0.009166666666666667 0.033707865168539325
0 0.6 0.599250936329588 0.01 0.03745318352059925
0 0.61125 0.5967540574282147 0.005833333333333334 0.024968789013732832
0 0.6254166666666666 0.5961298377028714 0.005833333333333334 0.02372034956304619
0 0.6316666666666667 0.5942571785268415 0.005 0.017478152309612985
0 0.6404166666666666 0.5948813982521848 0.005833333333333334 0.02372034956304619
0 0.6583333333333333 0.5948813982521848 0.006666666666666667 0.02372034956304619
0 0.67 0.5942571785268415 0.005 0.02247191011235955
0 0.6966666666666667 0.5861423220973783 0.005 0.02122347066167291
0 0.7020833333333333 0.5880149812734082 0.004166666666666667 0.017478152309612985
1 0.5016666666666667 0.6292134831460674 0.02 0.07240948813982521
2 0.6341666666666667 0.6273408239700374 0.013333333333333334 0.031210986267166042
2 0.6433333333333333 0.6285892634207241 0.011666666666666667 0.033707865168539325
2 0.69375 0.6260923845193508 0.0175 0.031210986267166042
2 0.34958333333333336 0.6260923845193508 0.015833333333333335 0.033707865168539325
2 0.36375 0.6260923845193508 0.015833333333333335 0.031210986267166042
2 0.47625 0.5905118601747815 0.010833333333333334 0.017478152309612985
2 0.485 0.5886392009987516 0.008333333333333333 0.016229712858926344
2 0.4945833333333333 0.5842696629213483 0.0075 0.012484394506866416
2 0.5104166666666666 0.5880149812734082 0.009166666666666667 0.019975031210986267
2 0.5166666666666667 0.5917602996254682 0.01 0.012484394506866416
2 0.5454166666666667 0.5923845193508115 0.0125 0.02372034956304619
2 0.5558333333333333 0.5967540574282147 0.011666666666666667 0.02247191011235955
2 0.5675 0.5986267166042447 0.01 0.018726591760299626
2 0.5770833333333333 0.5973782771535581 0.014166666666666666 0.02372034956304619
2 0.5866666666666667 0.5961298377028714 0.008333333333333333 0.02372034956304619
3 0.19416666666666665 0.6017478152309613 0.041666666666666664 0.08739076154806492
