0 0.7763636363636364 0.8486682808716707 0.08727272727272728 0.288135593220339
0 0.8236363636363636 0.7711864406779662 0.08 0.2687651331719128
0 0.8745454545454545 0.6924939467312349 0.06909090909090909 0.2324455205811138
0 0.9127272727272727 0.6404358353510896 0.06545454545454546 0.22033898305084745
0 0.9545454545454546 0.5750605326876513 0.06909090909090909 0.23002421307506055
0 0.9772727272727273 0.5169491525423728 0.045454545454545456 0.22033898305084745
0 0.5472727272727272 0.8256658595641646 0.07636363636363637 0.2566585956416465
0 0.600909090909091 0.7506053268765133 0.07454545454545454 0.2469733656174334
0 0.6536363636363637 0.6707021791767555 0.07090909090909091 0.23728813559322035
0 0.7018181818181818 0.5956416464891041 0.06545454545454546 0.2179176755447942
0 0.7445454545454545 0.5435835351089588 0.06727272727272728 0.22033898305084745
0 0.7845454545454545 0.49031476997578693 0.06363636363636363 0.20581113801452786
0 0.8181818181818182 0.44188861985472155 0.06545454545454546 0.2106537530266344
0 0.8618181818181818 0.3813559322033898 0.05818181818181818 0.19612590799031476
0 0.8972727272727272 0.33777239709443097 0.06 0.19612590799031476
0 0.9336363636363636 0.29055690072639223 0.056363636363636366 0.18401937046004843
0 0.9654545454545455 0.2506053268765133 0.05454545454545454 0.18159806295399517
0 0.2927272727272727 0.7808716707021792 0.08363636363636363 0.2736077481840194
0 0.37272727272727274 0.6949152542372882 0.08 0.26150121065375304
0 0.42363636363636364 0.635593220338983 0.07272727272727272 0.23486682808716708
0 0.48454545454545456 0.562953995157385 0.07090909090909091 0.23002421307506055
0 0.5372727272727272 0.5096852300242131 0.06727272727272728 0.22033898305084745
0 0.5827272727272728 0.45641646489104115 0.06363636363636363 0.2106537530266344
0 0.6263636363636363 0.40799031476997577 0.06363636363636363 0.2106537530266344
0 0.6636363636363637 0.3559322033898305 0.05818181818181818 0.18886198547215496
0 0.7118181818181818 0.31234866828087166 0.056363636363636366 0.18886198547215496
0 0.7518181818181818 0.2639225181598063 0.056363636363636366 0.18401937046004843
0 0.7881818181818182 0.2324455205811138 0.05272727272727273 0.17433414043583534
0 0.8190909090909091 0.19491525423728814 0.05272727272727273 0.17675544794188863
0 0.8427272727272728 0.16707021791767554 0.05272727272727273 0.17433414043583534
0 0.8736363636363637 0.1343825665859564 0.045454545454545456 0.15254237288135594
0 0.899090909090909 0.11016949152542373 0.04909090909090909 0.16707021791767554
0 0.92 0.08232445520581114 0.04727272727272727 0.15980629539951574
0 0.94 0.07021791767554479 0.04363636363636364 0.14043583535108958
0 0.02909090909090909 0.7348668280871671 0.05818181818181818 0.2639225181598063
0 0.11454545454545455 0.652542372881356 0.07272727272727272 0.2397094430992736
0 0.1918181818181818 0.5907990314769975 0.06727272727272728 0.22276029055690072
0 0.27090909090909093 0.5217917675544794 0.06909090909090909 0.22518159806295399
0 0.3327272727272727 0.47094430992736075 0.06181818181818182 0.20581113801452786
0 0.38272727272727275 0.4225181598062954 0.056363636363636366 0.19128329297820823
0 0.44181818181818183 0.3704600484261501 0.05454545454545454 0.18401937046004843
0 0.49818181818181817 0.33292978208232443 0.05454545454545454 0.17675544794188863
0 0.5518181818181818 0.288135593220339 0.056363636363636366 0.18401937046004843
0 0.5827272727272728 0.2506053268765133 0.056363636363636366 0.18159806295399517
0 0.6263636363636363 0.22033898305084745 0.04909090909090909 0.15980629539951574
0 0.6627272727272727 0.18765133171912832 0.056363636363636366 0.18159806295399517
0 0.6954545454545454 0.15375302663438256 0.04909090909090909 0.16707021791767554
0 0.7263636363636363 0.12227602905569007 0.045454545454545456 0.14769975786924938
0 0.7581818181818182 0.09443099273607748 0.05090909090909091 0.1694915254237288
0 0.7854545454545454 0.07627118644067797 0.04727272727272727 0.15254237288135594
0 0.8109090909090909 0.06174334140435835 0.03636363636363636 0.1234866828087167
0 0.8345454545454546 0.048426150121065374 0.02909090909090909 0.09685230024213075
0 0.023636363636363636 0.5411622276029056 0.04727272727272727 0.20581113801452786
0 0.09363636363636364 0.4915254237288136 0.06 0.2033898305084746
0 0.1481818181818182 0.44188861985472155 0.06363636363636363 0.20581113801452786
0 0.22181818181818183 0.387409200968523 0.05818181818181818 0.1937046004842615
0 0.27545454545454545 0.35108958837772397 0.06 0.1937046004842615
0 0.33454545454545453 0.29782082324455206 0.05090909090909091 0.1694915254237288
0 0.38545454545454544 0.2651331719128329 0.05090909090909091 0.17191283292978207
0 0.4381818181818182 0.22397094430992737 0.04727272727272727 0.15738498789346247
0 0.4727272727272727 0.2009685230024213 0.05090909090909091 0.1694915254237288
0 0.5154545454545455 0.162227602905569 0.04909090909090909 0.16464891041162227
0 0.5463636363636364 0.13317191283292978 0.045454545454545456 0.14527845036319612
0 0.5790909090909091 0.11138014527845036 0.045454545454545456 0.15012106537530268
0 0.6054545454545455 0.08958837772397095 0.04727272727272727 0.15980629539951574
0 0.6409090909090909 0.06174334140435835 0.038181818181818185 0.1234866828087167
0 0.04909090909090909 0.36803874092009686 0.05818181818181818 0.1937046004842615
0 0.10818181818181818 0.3341404358353511 0.06 0.2033898305084746
0 0.16454545454545455 0.29055690072639223 0.056363636363636366 0.18401937046004843
0 0.22090909090909092 0.25907990314769974 0.056363636363636366 0.18886198547215496
0 0.27090909090909093 0.2179176755447942 0.05454545454545454 0.1791767554479419
0 0.3190909090909091 0.18159806295399517 0.05272727272727273 0.1694915254237288
0 0.35818181818181816 0.15012106537530268 0.05090909090909091 0.16464891041162227
0 0.4027272727272727 0.11864406779661017 0.04909090909090909 0.16464891041162227
0 0.43636363636363634 0.09564164648910412 0.04727272727272727 0.15254237288135594
0 0.4690909090909091 0.07384987893462469 0.04363636363636364 0.14285714285714285
0 0.5027272727272727 0.06416464891041163 0.038181818181818185 0.12832929782082325
0 0.02 0.2736077481840194 0.04 0.18886198547215496
0 0.05272727272727273 0.2469733656174334 0.06181818181818182 0.2033898305084746
0 0.10545454545454545 0.20944309927360774 0.05090909090909091 0.17191283292978207
0 0.16818181818181818 0.17070217917675545 0.04909090909090909 0.162227602905569
0 0.20909090909090908 0.13075060532687652 0.04363636363636364 0.15012106537530268
0 0.25181818181818183 0.1053268765133172 0.045454545454545456 0.14769975786924938
0 0.2927272727272727 0.07506053268765134 0.04363636363636364 0.14043583535108958
0 0.3236363636363636 0.06779661016949153 0.04 0.13559322033898305
0 0.36272727272727273 0.05084745762711865 0.03090909090909091 0.1016949152542373
0 0.02090909090909091 0.1513317191283293 0.04181818181818182 0.15738498789346247
0 0.08181818181818182 0.12590799031476999 0.04727272727272727 0.1549636803874092
0 0.12818181818181817 0.09685230024213075 0.045454545454545456 0.15012106537530268
0 0.16454545454545455 0.07506053268765134 0.045454545454545456 0.14527845036319612
0 0.20363636363636364 0.05811138014527845 0.03636363636363636 0.1162227602905569
0 0.04454545454545455 0.06900726392251816 0.04181818181818182 0.13801452784503632
2 0.0890909090909091 0.02784503631961259 0.05090909090909091 0.05569007263922518
2 0.45636363636363636 0.9685230024213075 0.14181818181818182 0.05811138014527845
3 0.6536363636363637 0.8825665859564165 0.12181818181818181 0.2106537530266344
3 0.7118181818181818 0.8292978208232445 0.10363636363636364 0.1864406779661017
3 0.4081818181818182 0.8498789346246973 0.20909090909090908 0.13559322033898305
