0 0.18723404255319148 0.8439024390243902 0.08297872340425531 0.3089430894308943
0 0.475531914893617 0.8813008130081301 0.059574468085106386 0.22439024390243903
0 0.5893617021276596 0.8577235772357723 0.07021276595744681 0.26504065040650404
0 0.7085106382978723 0.8796747967479674 0.06382978723404255 0.23739837398373984
0 0.6585106382978724 0.859349593495935 0.07021276595744681 0.26504065040650404
0 0.31329787234042555 0.6682926829268293 0.06489361702127659 0.24715447154471545
0 0.35319148936170214 0.675609756097561 0.06595744680851064 0.24552845528455283
0 0.3872340425531915 0.6739837398373983 0.0574468085106383 0.21300813008130082
0 0.4117021276595745 0.6601626016260163 0.07021276595744681 0.26666666666666666
0 0.5111702127659574 0.6747967479674797 0.06914893617021277 0.25691056910569104
0 0.14680851063829786 0.8073170731707318 0.08723404255319149 0.3300813008130081
0 0.722872340425532 0.5715447154471545 0.05638297872340425 0.2097560975609756
0 0.9686170212765958 0.6926829268292682 0.0627659574468085 0.25040650406504067
0 0.10851063829787234 0.7073170731707317 0.07659574468085106 0.2861788617886179
0 0.07287234042553191 0.7105691056910569 0.07340425531914893 0.2731707317073171
0 0.5585106382978723 0.8471544715447155 0.07872340425531915 0.2959349593495935
0 0.5388297872340425 0.697560975609756 0.05851063829787234 0.22113821138211381
0 0.02446808510638298 0.8894308943089431 0.04893617021276596 0.2048780487804878
0 0.030851063829787233 0.6252032520325204 0.06170212765957447 0.23252032520325203
0 0.22287234042553192 0.683739837398374 0.07553191489361702 0.2845528455284553
0 0.2569148936170213 0.6886178861788618 0.07553191489361702 0.28780487804878047
0 0.29202127659574467 0.8642276422764228 0.06914893617021277 0.25853658536585367
0 0.44627659574468087 0.6308943089430894 0.06702127659574468 0.25365853658536586
0 0.9164893617021277 0.6471544715447154 0.05638297872340425 0.21138211382113822
2 0.09361702127659574 0.9284552845528455 0.07021276595744681 0.12357723577235773
2 0.16861702127659575 0.9317073170731708 0.07765957446808511 0.11056910569105691
2 0.2845744680851064 0.9528455284552846 0.05 0.08455284552845528
2 0.3851063829787234 0.959349593495935 0.04893617021276596 0.07479674796747968
2 0.4324468085106383 0.7837398373983739 0.09468085106382979 0.11707317073170732
2 0.06861702127659575 0.7943089430894309 0.07127659574468086 0.13821138211382114
2 0.15212765957446808 0.7861788617886178 0.031914893617021274 0.17398373983739837
2 0.24308510638297873 0.7495934959349594 0.043617021276595745 0.061788617886178863
2 0.22287234042553192 0.8032520325203252 0.043617021276595745 0.1821138211382114
2 0.17074468085106384 0.6463414634146342 0.047872340425531915 0.0959349593495935
2 0.07659574468085106 0.5552845528455285 0.04042553191489362 0.06666666666666667
2 0.1622340425531915 0.551219512195122 0.052127659574468084 0.055284552845528454
2 0.021808510638297873 0.7471544715447155 0.03297872340425532 0.06666666666666667
2 0.44148936170212766 0.6764227642276422 0.0851063829787234 0.0943089430894309
2 0.8138297872340425 0.9390243902439024 0.07659574468085106 0.10569105691056911
2 0.7553191489361702 0.8983739837398373 0.05531914893617021 0.15447154471544716
2 0.8941489361702127 0.9195121951219513 0.06063829787234042 0.16097560975609757
2 0.7824468085106383 0.8203252032520325 0.06489361702127659 0.12845528455284552
2 0.7398936170212767 0.7707317073170732 0.05425531914893617 0.0975609756097561
2 0.6962765957446808 0.7 0.0627659574468085 0.10894308943089431
2 0.5888297872340426 0.5975609756097561 0.047872340425531915 0.11544715447154472
2 0.6148936170212767 0.5634146341463414 0.05319148936170213 0.0991869918699187
2 0.6547872340425532 0.6252032520325204 0.05638297872340425 0.0959349593495935
2 0.6973404255319149 0.6154471544715447 0.04148936170212766 0.08617886178861789
2 0.7489361702127659 0.6804878048780488 0.06595744680851064 0.13495934959349593
2 0.8 0.6747967479674797 0.04893617021276596 0.11056910569105691
2 0.8101063829787234 0.7666666666666667 0.052127659574468084 0.08617886178861789
2 0.8297872340425532 0.8292682926829268 0.04042553191489362 0.14959349593495935
2 0.877127659574468 0.6699186991869919 0.05 0.13983739837398373
2 0.9132978723404256 0.6788617886178862 0.03723404255319149 0.10569105691056911
2 0.8787234042553191 0.5894308943089431 0.04893617021276596 0.09268292682926829
2 0.9026595744680851 0.5365853658536586 0.045744680851063826 0.05853658536585366
2 0.8053191489361702 0.5601626016260163 0.05106382978723404 0.07317073170731707
2 0.9042553191489362 0.7731707317073171 0.07446808510638298 0.14471544715447154
4 0.47819148936170214 0.3130081300813008 0.95 0.4146341463414634
