0 0.10416666666666667 0.69 0.18833333333333332 0.6155555555555555
0 0.1725 0.6755555555555556 0.16833333333333333 0.5555555555555556
0 0.20833333333333334 0.6055555555555555 0.09666666666666666 0.31777777777777777
0 0.2733333333333333 0.5666666666666667 0.09666666666666666 0.31555555555555553
0 0.22083333333333333 0.5544444444444444 0.075 0.2511111111111111
0 0.285 0.5644444444444444 0.06333333333333334 0.2088888888888889
0 0.30083333333333334 0.5433333333333333 0.06166666666666667 0.20222222222222222
0 0.3441666666666667 0.5555555555555556 0.06166666666666667 0.20444444444444446
0 0.36666666666666664 0.54 0.06333333333333334 0.20444444444444446
0 0.40166666666666667 0.5388888888888889 0.06333333333333334 0.20666666666666667
0 0.4508333333333333 0.5411111111111111 0.058333333333333334 0.19333333333333333
0 0.48583333333333334 0.5533333333333333 0.07166666666666667 0.24
0 0.5308333333333334 0.5355555555555556 0.06166666666666667 0.2088888888888889
0 0.5725 0.5377777777777778 0.065 0.21333333333333335
0 0.6158333333333333 0.5433333333333333 0.06166666666666667 0.20222222222222222
0 0.6541666666666667 0.5533333333333333 0.06166666666666667 0.20444444444444446
0 0.6875 0.5477777777777778 0.06166666666666667 0.20666666666666667
0 0.7291666666666666 0.5411111111111111 0.06166666666666667 0.20222222222222222
0 0.7625 0.5433333333333333 0.058333333333333334 0.18888888888888888
0 0.7875 0.5466666666666666 0.055 0.17777777777777778
0 0.8108333333333333 0.5488888888888889 0.055 0.18222222222222223
0 0.8466666666666667 0.5444444444444444 0.06 0.2
0 0.9058333333333334 0.5333333333333333 0.06833333333333333 0.22666666666666666
0 0.945 0.5377777777777778 0.06666666666666667 0.21777777777777776
0 0.025 0.5911111111111111 0.05 0.28
0 0.8608333333333333 0.54 0.058333333333333334 0.19555555555555557
0 0.9816666666666667 0.5488888888888889 0.03666666666666667 0.2088888888888889
2 0.0625 0.4811111111111111 0.065 0.18888888888888888
2 0.425 0.47 0.023333333333333334 0.03777777777777778
2 0.5125 0.4688888888888889 0.025 0.04888888888888889
2 0.6675 0.4677777777777778 0.03166666666666667 0.06888888888888889
2 0.705 0.4633333333333333 0.02 0.051111111111111114
2 0.7483333333333333 0.46111111111111114 0.02666666666666667 0.042222222222222223
