0 0.15188679245283018 0.4532710280373832 0.024528301886792454 0.10903426791277258
0 0.3443396226415094 0.4190031152647975 0.024528301886792454 0.09657320872274143
0 0.017924528301886792 0.6043613707165109 0.02830188679245283 0.12461059190031153
0 0.08867924528301886 0.6386292834890965 0.026415094339622643 0.11838006230529595
0 0.12830188679245283 0.5700934579439252 0.026415094339622643 0.11214953271028037
0 0.18962264150943398 0.5981308411214953 0.02830188679245283 0.11838006230529595
0 0.16132075471698112 0.6838006230529595 0.03207547169811321 0.1277258566978193
0 0.24056603773584906 0.721183800623053 0.03207547169811321 0.13395638629283488
0 0.27735849056603773 0.6277258566978193 0.03018867924528302 0.12149532710280374
0 0.26037735849056604 0.5186915887850467 0.03018867924528302 0.12149532710280374
0 0.32264150943396225 0.5498442367601246 0.026415094339622643 0.10903426791277258
0 0.33679245283018866 0.7663551401869159 0.03207547169811321 0.13707165109034267
0 0.3622641509433962 0.6542056074766355 0.033962264150943396 0.13707165109034267
0 0.3452830188679245 0.48286604361370716 0.026415094339622643 0.1059190031152648
0 0.3915094339622642 0.5809968847352025 0.02830188679245283 0.12149532710280374
0 0.4028301886792453 0.5171339563862928 0.02830188679245283 0.11838006230529595
0 0.41320754716981134 0.4672897196261682 0.026415094339622643 0.1059190031152648
0 0.44528301886792454 0.82398753894081 0.033962264150943396 0.14641744548286603
0 0.4556603773584906 0.7118380062305296 0.03207547169811321 0.13395638629283488
0 0.47264150943396227 0.6074766355140186 0.02830188679245283 0.12461059190031153
0 0.47830188679245284 0.557632398753894 0.03207547169811321 0.1308411214953271
0 0.4660377358490566 0.49221183800623053 0.022641509433962263 0.09345794392523364
0 0.47641509433962265 0.45638629283489096 0.024528301886792454 0.102803738317757
0 0.529245283018868 0.4735202492211838 0.020754716981132074 0.09345794392523364
0 0.5349056603773585 0.514018691588785 0.02830188679245283 0.11214953271028037
0 0.5518867924528302 0.5778816199376947 0.02830188679245283 0.11526479750778816
0 0.559433962264151 0.6433021806853583 0.024528301886792454 0.10903426791277258
0 0.5584905660377358 0.7523364485981309 0.033962264150943396 0.13395638629283488
0 0.6396226415094339 0.6105919003115264 0.026415094339622643 0.11838006230529595
0 0.6273584905660378 0.5482866043613707 0.02830188679245283 0.11838006230529595
0 0.6122641509433963 0.48598130841121495 0.024528301886792454 0.1059190031152648
0 0.6924528301886792 0.5218068535825545 0.026415094339622643 0.10903426791277258
0 0.7047169811320755 0.5747663551401869 0.02830188679245283 0.11526479750778816
0 0.6783018867924528 0.6978193146417445 0.03207547169811321 0.13707165109034267
0 0.7622641509433963 0.6557632398753894 0.033962264150943396 0.13395638629283488
0 0.7716981132075472 0.5420560747663551 0.03018867924528302 0.12461059190031153
0 0.8254716981132075 0.616822429906542 0.02830188679245283 0.12461059190031153
0 0.879245283018868 0.5903426791277259 0.026415094339622643 0.11526479750778816
0 0.9773584905660377 0.4423676012461059 0.022641509433962263 0.09968847352024922
0 0.9528301886792453 0.05763239875389408 0.011320754716981131 0.04672897196261682
0 0.8933962264150943 0.03271028037383177 0.009433962264150943 0.04672897196261682
0 0.5650943396226416 0.102803738317757 0.013207547169811321 0.056074766355140186
0 0.5509433962264151 0.09813084112149532 0.011320754716981131 0.0529595015576324
0 0.5575471698113208 0.11214953271028037 0.005660377358490566 0.03115264797507788
0 0.519811320754717 0.3115264797507788 0.020754716981132074 0.08722741433021806
0 0.47735849056603774 0.2601246105919003 0.018867924528301886 0.0778816199376947
0 0.45754716981132076 0.2570093457943925 0.020754716981132074 0.08411214953271028
0 0.44245283018867926 0.2585669781931464 0.020754716981132074 0.08099688473520249
0 0.41320754716981134 0.26479750778816197 0.01509433962264151 0.06230529595015576
0 0.39433962264150946 0.24299065420560748 0.018867924528301886 0.08099688473520249
0 0.3311320754716981 0.22897196261682243 0.020754716981132074 0.08411214953271028
0 0.35188679245283017 0.2367601246105919 0.016981132075471698 0.06853582554517133
0 0.2820754716981132 0.2632398753894081 0.016981132075471698 0.06542056074766354
0 0.1169811320754717 0.23052959501557632 0.01509433962264151 0.06853582554517133
0 0.15 0.26635514018691586 0.016981132075471698 0.0778816199376947
0 0.1641509433962264 0.24454828660436137 0.011320754716981131 0.0529595015576324
0 0.14245283018867924 0.14330218068535824 0.016981132075471698 0.06853582554517133
1 0.12169811320754717 0.102803738317757 0.013207547169811321 0.06230529595015576
1 0.2018867924528302 0.12149532710280374 0.01509433962264151 0.06230529595015576
1 0.5707547169811321 0.04361370716510903 0.009433962264150943 0.04984423676012461
1 0.5084905660377359 0.03582554517133956 0.009433962264150943 0.04672897196261682
2 0.5962264150943396 0.956386292834891 0.04905660377358491 0.08099688473520249
4 0.8160377358490566 0.8520249221183801 0.360377358490566 0.2834890965732087
4 0.7594339622641509 0.34579439252336447 0.47735849056603774 0.2616822429906542
4 0.280188679245283 0.23208722741433022 0.5528301886792453 0.14018691588785046
