0 0.47444444444444445 0.7640949554896143 0.07333333333333333 0.2403560830860534
0 0.5077777777777778 0.7344213649851632 0.07333333333333333 0.24629080118694363
0 0.5522222222222222 0.7136498516320475 0.06888888888888889 0.228486646884273
0 0.5844444444444444 0.6884272997032641 0.06666666666666667 0.2195845697329377
0 0.6122222222222222 0.672106824925816 0.06888888888888889 0.22255192878338279
0 0.6422222222222222 0.6543026706231454 0.06666666666666667 0.2166172106824926
0 0.6633333333333333 0.6335311572700296 0.06444444444444444 0.21068249258160238
0 0.023333333333333334 0.6305637982195845 0.04666666666666667 0.20474777448071216
0 0.05333333333333334 0.6068249258160238 0.05333333333333334 0.18100890207715134
0 0.10555555555555556 0.5919881305637982 0.05555555555555555 0.18694362017804153
0 0.14444444444444443 0.5637982195845698 0.044444444444444446 0.1543026706231454
0 0.08666666666666667 0.5623145400593472 0.04888888888888889 0.1572700296735905
0 0.49666666666666665 0.4599406528189911 0.05555555555555555 0.17804154302670624
0 0.44222222222222224 0.47774480712166173 0.05333333333333334 0.17804154302670624
0 0.38666666666666666 0.5074183976261127 0.05333333333333334 0.17210682492581603
0 0.7477777777777778 0.7774480712166172 0.08222222222222222 0.2789317507418398
0 0.6888888888888889 0.6172106824925816 0.06222222222222222 0.20178041543026706
0 0.7122222222222222 0.6943620178041543 0.07333333333333333 0.2433234421364985
0 0.77 0.6958456973293768 0.07333333333333333 0.2403560830860534
0 0.82 0.7210682492581603 0.07555555555555556 0.2551928783382789
0 0.8722222222222222 0.6928783382789317 0.07777777777777778 0.26409495548961426
0 0.9311111111111111 0.6973293768545994 0.08 0.26112759643916916
0 0.9733333333333334 0.7002967359050445 0.05333333333333334 0.26706231454005935
0 0.8744444444444445 0.2507418397626113 0.02 0.07418397626112759
0 0.6533333333333333 0.26409495548961426 0.017777777777777778 0.06528189910979229
0 0.6155555555555555 0.39465875370919884 0.03111111111111111 0.11275964391691394
0 0.6933333333333334 0.37388724035608306 0.035555555555555556 0.11869436201780416
0 0.7177777777777777 0.4035608308605341 0.035555555555555556 0.11869436201780416
0 0.12333333333333334 0.3249258160237389 0.028888888888888888 0.09198813056379822
0 0.5711111111111111 0.41543026706231456 0.04 0.13056379821958458
0 0.5533333333333333 0.41839762611275966 0.04 0.13056379821958458
2 0.5588888888888889 0.5474777448071216 0.06888888888888889 0.10979228486646884
2 0.3477777777777778 0.5281899109792285 0.04666666666666667 0.05934718100890208
2 0.23777777777777778 0.7166172106824926 0.08 0.1572700296735905
2 0.06222222222222222 0.6943620178041543 0.07555555555555556 0.14836795252225518
2 0.7222222222222222 0.3249258160237389 0.03111111111111111 0.04451038575667656
2 0.8622222222222222 0.3516320474777448 0.022222222222222223 0.07418397626112759
2 0.8788888888888889 0.35311572700296734 0.015555555555555555 0.06528189910979229
2 0.7311111111111112 0.5845697329376854 0.02666666666666667 0.05934718100890208
2 0.84 0.5905044510385756 0.03111111111111111 0.05934718100890208
2 0.8111111111111111 0.6023738872403561 0.03111111111111111 0.0830860534124629
2 0.9077777777777778 0.5816023738872403 0.03333333333333333 0.05934718100890208
2 0.7177777777777777 0.5296735905044511 0.035555555555555556 0.05637982195845697
2 0.7444444444444445 0.5148367952522255 0.035555555555555556 0.07418397626112759
2 0.12444444444444444 0.4896142433234421 0.02666666666666667 0.05934718100890208
2 0.1622222222222222 0.4629080118694362 0.03111111111111111 0.05341246290801187
2 0.1811111111111111 0.456973293768546 0.024444444444444446 0.05341246290801187
2 0.20555555555555555 0.4465875370919881 0.03777777777777778 0.05637982195845697
2 0.20222222222222222 0.5044510385756676 0.035555555555555556 0.0830860534124629
2 0.17 0.5207715133531158 0.04666666666666667 0.08011869436201781
2 0.22333333333333333 0.5044510385756676 0.03333333333333333 0.08902077151335312
2 0.24555555555555555 0.5014836795252225 0.03777777777777778 0.08902077151335312
2 0.024444444444444446 0.5192878338278932 0.04888888888888889 0.05934718100890208
2 0.02 0.4391691394658754 0.035555555555555556 0.05934718100890208
2 0.044444444444444446 0.4391691394658754 0.02666666666666667 0.04747774480712166
2 0.06666666666666667 0.4732937685459941 0.03111111111111111 0.050445103857566766
2 0.06888888888888889 0.4332344213649852 0.022222222222222223 0.03560830860534125
2 0.08888888888888889 0.45103857566765576 0.03111111111111111 0.04747774480712166
2 0.11444444444444445 0.43768545994065283 0.03333333333333333 0.05637982195845697
2 0.1411111111111111 0.44510385756676557 0.024444444444444446 0.05934718100890208
4 0.31666666666666665 0.2789317507418398 0.6333333333333333 0.14836795252225518
4 0.9355555555555556 0.30415430267062316 0.11555555555555555 0.13353115727002968
4 0.8633333333333333 0.46735905044510384 0.2688888888888889 0.18694362017804153
