0 0.03916666666666667 0.7048517520215634 0.07833333333333334 0.46630727762803237
0 0.0825 0.6320754716981132 0.10833333333333334 0.4339622641509434
0 0.49916666666666665 0.7169811320754716 0.13833333333333334 0.5444743935309974
0 0.375 0.7574123989218329 0.12 0.4743935309973046
0 0.20583333333333334 0.77088948787062 0.115 0.4528301886792453
0 0.5566666666666666 0.6172506738544474 0.08666666666666667 0.3504043126684636
0 0.6583333333333333 0.555256064690027 0.056666666666666664 0.22641509433962265
0 0.6175 0.5673854447439353 0.06166666666666667 0.24528301886792453
0 0.585 0.477088948787062 0.06 0.24258760107816713
0 0.4525 0.5026954177897575 0.06166666666666667 0.24528301886792453
0 0.435 0.4299191374663073 0.043333333333333335 0.16981132075471697
0 0.88 0.35714285714285715 0.02 0.08355795148247978
0 0.9083333333333333 0.36253369272237196 0.016666666666666666 0.07277628032345014
0 0.9016666666666666 0.3557951482479784 0.02 0.0862533692722372
0 0.9558333333333333 0.6886792452830188 0.08833333333333333 0.5417789757412399
2 0.14583333333333334 0.5997304582210242 0.085 0.18598382749326145
2 0.17 0.45417789757412397 0.06333333333333334 0.15902964959568733
2 0.24833333333333332 0.5592991913746631 0.08666666666666667 0.24528301886792453
2 0.31583333333333335 0.5741239892183289 0.07166666666666667 0.25336927223719674
2 0.395 0.4636118598382749 0.056666666666666664 0.14016172506738545
2 0.3358333333333333 0.4272237196765499 0.058333333333333334 0.1105121293800539
2 0.5075 0.4946091644204852 0.06833333333333333 0.15902964959568733
2 0.9266666666666666 0.9123989218328841 0.14 0.16981132075471697
2 0.7308333333333333 0.8247978436657682 0.2683333333333333 0.3288409703504043
2 0.87 0.7412398921832885 0.13333333333333333 0.2641509433962264
2 0.7875 0.6145552560646901 0.06833333333333333 0.18328840970350405
2 0.735 0.5795148247978437 0.07333333333333333 0.18328840970350405
2 0.865 0.5512129380053908 0.07333333333333333 0.261455525606469
2 0.7433333333333333 0.44070080862533695 0.04 0.06199460916442048
4 0.49916666666666665 0.35983827493261455 0.995 0.19137466307277629
