0 0.9580103359173127 0.7620137299771167 0.08397932816537468 0.4668192219679634
0 0.8171834625322998 0.7402745995423341 0.11498708010335917 0.4965675057208238
0 0.7532299741602068 0.7368421052631579 0.11886304909560723 0.5125858123569794
0 0.4748062015503876 0.7231121281464531 0.1227390180878553 0.5354691075514875
0 0.3578811369509044 0.7356979405034325 0.12144702842377261 0.5240274599542334
0 0.11950904392764858 0.7562929061784897 0.10981912144702842 0.482837528604119
0 0.1698966408268734 0.7311212814645309 0.11757105943152454 0.505720823798627
0 0.04521963824289406 0.7322654462242563 0.09043927648578812 0.5034324942791762
0 0.23901808785529716 0.6590389016018307 0.10594315245478036 0.4576659038901602
0 0.5458656330749354 0.6281464530892449 0.08656330749354005 0.38215102974828374
0 0.6595607235142119 0.631578947368421 0.08139534883720931 0.3524027459954233
0 0.6866925064599483 0.5835240274599542 0.08397932816537468 0.3707093821510298
2 0.29651162790697677 0.7974828375286042 0.15374677002583978 0.40045766590389015
2 0.29198966408268734 0.6258581235697941 0.08785529715762273 0.2494279176201373
2 0.6104651162790697 0.6052631578947368 0.11757105943152454 0.3135011441647597
2 0.9147286821705426 0.6189931350114416 0.07493540051679587 0.32265446224256294
2 0.8249354005167958 0.5423340961098398 0.10723514211886305 0.2379862700228833
2 0.7532299741602068 0.5148741418764302 0.06459948320413436 0.15560640732265446
2 0.047157622739018086 0.517162471395881 0.07881136950904392 0.20594965675057209
2 0.11692506459948321 0.5080091533180778 0.07881136950904392 0.21052631578947367
2 0.5077519379844961 0.488558352402746 0.05167958656330749 0.13043478260869565
2 0.28617571059431524 0.4862700228832952 0.05297157622739018 0.10755148741418764
2 0.17635658914728683 0.5068649885583524 0.08914728682170543 0.16704805491990846
4 0.5071059431524548 0.4096109839816934 0.9806201550387597 0.16475972540045766
