0 0.1411042944785276 0.5409836065573771 0.12678936605316973 0.41530054644808745
0 0.20961145194274028 0.5505464480874317 0.12883435582822086 0.42349726775956287
0 0.08793456032719836 0.5191256830601093 0.044989775051124746 0.15300546448087432
0 0.2668711656441718 0.5286885245901639 0.12883435582822086 0.42349726775956287
0 0.32004089979550104 0.5450819672131147 0.13701431492842536 0.4453551912568306
0 0.3343558282208589 0.5942622950819673 0.12065439672801637 0.3907103825136612
0 0.4376278118609407 0.5765027322404371 0.12269938650306748 0.3989071038251366
0 0.3967280163599182 0.5314207650273224 0.13496932515337423 0.43989071038251365
0 0.5194274028629857 0.5887978142076503 0.130879345603272 0.42896174863387976
0 0.6298568507157464 0.575136612021858 0.11451942740286299 0.3797814207650273
0 0.6820040899795501 0.5437158469945356 0.12883435582822086 0.4207650273224044
0 0.8047034764826176 0.5628415300546448 0.12474437627811862 0.41530054644808745
0 0.7801635991820041 0.5314207650273224 0.1329243353783231 0.4344262295081967
0 0.8813905930470347 0.5587431693989071 0.13496932515337423 0.4453551912568306
0 0.8619631901840491 0.5341530054644809 0.1329243353783231 0.43989071038251365
0 0.6012269938650306 0.5368852459016393 0.12678936605316973 0.42349726775956287
0 0.516359918200409 0.5191256830601093 0.1411042944785276 0.46994535519125685
2 0.4723926380368098 0.29918032786885246 0.0736196319018405 0.19398907103825136
2 0.14212678936605316 0.33469945355191255 0.1083844580777096 0.1721311475409836
