0 0.949 0.36666666666666664 0.102 0.488
0 0.917 0.368 0.134 0.43733333333333335
0 0.821 0.38266666666666665 0.142 0.4613333333333333
0 0.725 0.392 0.126 0.416
0 0.654 0.4066666666666667 0.108 0.34933333333333333
0 0.558 0.37733333333333335 0.128 0.4186666666666667
0 0.476 0.37066666666666664 0.12 0.4
0 0.385 0.4693333333333333 0.07 0.23466666666666666
0 0.323 0.41733333333333333 0.106 0.34933333333333333
0 0.355 0.4226666666666667 0.098 0.32266666666666666
0 0.381 0.416 0.102 0.33066666666666666
0 0.245 0.4026666666666667 0.13 0.432
0 0.208 0.44266666666666665 0.116 0.384
0 0.149 0.464 0.114 0.37333333333333335
0 0.079 0.4866666666666667 0.122 0.3973333333333333
0 0.042 0.488 0.084 0.3893333333333333
0 0.034 0.5026666666666667 0.068 0.3973333333333333
0 0.171 0.476 0.098 0.32266666666666666
2 0.44 0.32666666666666666 0.04 0.21066666666666667
2 0.683 0.24933333333333332 0.022 0.07733333333333334
2 0.661 0.25466666666666665 0.034 0.06666666666666667
2 0.772 0.23866666666666667 0.032 0.088
2 0.923 0.14933333333333335 0.146 0.18666666666666668
2 0.914 0.152 0.052 0.10666666666666667
2 0.175 0.32666666666666666 0.086 0.184
2 0.464 0.532 0.44 0.21066666666666667
