0 0.009 0.5230769230769231 0.018 0.0641025641025641
0 0.0475 0.5237179487179487 0.017 0.057692307692307696
0 0.064 0.5224358974358975 0.018 0.05512820512820513
0 0.082 0.5237179487179487 0.018 0.05512820512820513
0 0.109 0.6128205128205129 0.07 0.2205128205128205
0 0.1545 0.6506410256410257 0.047 0.14743589743589744
0 0.436 0.5147435897435897 0.018 0.057692307692307696
0 0.4475 0.5160256410256411 0.015 0.05
0 0.5865 0.5256410256410257 0.019 0.05897435897435897
0 0.597 0.5224358974358975 0.02 0.06538461538461539
0 0.671 0.5083333333333333 0.012 0.03717948717948718
0 0.6845 0.5102564102564102 0.011 0.038461538461538464
0 0.712 0.5641025641025641 0.04 0.1282051282051282
0 0.7465 0.5602564102564103 0.043 0.13846153846153847
0 0.7865 0.5288461538461539 0.021 0.06794871794871794
0 0.797 0.532051282051282 0.024 0.07692307692307693
0 0.816 0.6416666666666667 0.086 0.27307692307692305
2 0.6445 0.5429487179487179 0.029 0.07051282051282051
