0 0.44625 0.4856870229007634 0.4675 0.8721374045801527
0 0.05125 0.43702290076335876 0.0875 0.16412213740458015
0 0.25625 0.4398854961832061 0.0525 0.09732824427480916
0 0.2925 0.4360687022900763 0.085 0.15839694656488548
0 0.59125 0.4446564885496183 0.0575 0.11068702290076336
0 0.655 0.4398854961832061 0.065 0.12022900763358779
0 0.745 0.4398854961832061 0.065 0.12786259541984732
0 0.83 0.44274809160305345 0.06 0.11450381679389313
0 0.87 0.4437022900763359 0.065 0.12404580152671756
0 0.98375 0.4312977099236641 0.0325 0.0916030534351145
2 0.2025 0.4570610687022901 0.045 0.07824427480916031
2 0.6975 0.4675572519083969 0.045 0.05343511450381679
2 0.7825 0.4751908396946565 0.035 0.04198473282442748
