0 0.06315789473684211 0.6192733017377567 0.12631578947368421 0.5055292259083728
0 0.12210526315789473 0.6224328593996841 0.11578947368421053 0.4265402843601896
0 0.035789473684210524 0.6334913112164297 0.07157894736842105 0.26540284360189575
0 0.18 0.6232227488151659 0.06736842105263158 0.2480252764612954
0 0.2394736842105263 0.6129541864139021 0.07894736842105263 0.2938388625592417
0 0.27631578947368424 0.6153238546603476 0.11894736842105263 0.44075829383886256
0 0.2931578947368421 0.6113744075829384 0.10421052631578948 0.382306477093207
0 0.33421052631578946 0.6232227488151659 0.07263157894736842 0.27014218009478674
0 0.34578947368421054 0.6287519747235387 0.03894736842105263 0.1484992101105845
0 0.4421052631578947 0.6184834123222749 0.11368421052631579 0.4218009478672986
0 0.4284210526315789 0.6184834123222749 0.0968421052631579 0.35545023696682465
0 0.40789473684210525 0.6137440758293838 0.08526315789473685 0.31437598736176936
0 0.3857894736842105 0.6342812006319115 0.049473684210526316 0.18167456556082148
0 0.5057894736842106 0.6090047393364929 0.08105263157894736 0.30173775671406006
0 0.5626315789473684 0.6113744075829384 0.08315789473684211 0.30647709320695105
0 0.5921052631578947 0.6169036334913112 0.1 0.36808846761453395
0 0.6610526315789473 0.6232227488151659 0.07789473684210527 0.2890995260663507
0 0.7336842105263158 0.6161137440758294 0.08842105263157894 0.3222748815165877
0 0.8168421052631579 0.617693522906793 0.08210526315789474 0.30647709320695105
0 0.8894736842105263 0.6066350710900474 0.07368421052631578 0.27488151658767773
0 0.9721052631578947 0.6240126382306477 0.05578947368421053 0.2527646129541864
0 0.7568421052631579 0.6184834123222749 0.05894736842105263 0.21958925750394945
0 0.6857894736842105 0.617693522906793 0.07052631578947369 0.25908372827804105
2 0.3663157894736842 0.5742496050552922 0.010526315789473684 0.03317535545023697
2 0.6342105263157894 0.580568720379147 0.017894736842105262 0.0995260663507109
2 0.9478947368421052 0.6848341232227488 0.05789473684210526 0.15955766192733017
2 0.9410526315789474 0.5647709320695102 0.04421052631578947 0.12480252764612954
2 0.9021052631578947 0.542654028436019 0.02736842105263158 0.10584518167456557
