0 0.02125 0.5320833333333334 0.03 0.050833333333333335
0 0.068125 0.585 0.10375 0.16833333333333333
0 0.284375 0.5895833333333333 0.14125 0.23083333333333333
0 0.326875 0.5833333333333334 0.11625 0.19
0 0.386875 0.5695833333333333 0.08375 0.13916666666666666
0 0.413125 0.5670833333333334 0.07875 0.1275
0 0.549375 0.5683333333333334 0.07625 0.12666666666666668
0 0.535 0.5645833333333333 0.0775 0.1275
0 0.58375 0.54625 0.0475 0.0775
0 0.655 0.5266666666666666 0.035 0.056666666666666664
0 0.749375 0.5208333333333334 0.03625 0.06166666666666667
0 0.771875 0.6354166666666666 0.12875 0.2125
0 0.87 0.5720833333333334 0.09 0.14583333333333334
0 0.95875 0.5716666666666667 0.0825 0.16333333333333333
0 0.94 0.5783333333333334 0.0825 0.13666666666666666
0 0.79 0.525 0.0375 0.06333333333333334
2 0.818125 0.5075 0.02125 0.023333333333333334
2 0.84 0.48875 0.03 0.015833333333333335
2 0.84125 0.5066666666666667 0.02 0.013333333333333334
2 0.913125 0.5008333333333334 0.02625 0.013333333333333334
2 0.9375 0.5029166666666667 0.0275 0.0175
2 0.886875 0.5075 0.02625 0.02
2 0.615 0.5058333333333334 0.0375 0.021666666666666667
2 0.04375 0.51125 0.0175 0.010833333333333334
2 0.030625 0.5104166666666666 0.02625 0.015833333333333335
2 0.070625 0.37666666666666665 0.02125 0.011666666666666667
2 0.04 0.37583333333333335 0.0225 0.016666666666666666
2 0.01875 0.3729166666666667 0.015 0.0125
2 0.02375 0.4033333333333333 0.0225 0.02
2 0.048125 0.39958333333333335 0.01875 0.014166666666666666
2 0.0075 0.37625 0.0125 0.0175
