0 0.019166666666666665 0.48247978436657685 0.03833333333333333 0.21024258760107817
0 0.03916666666666667 0.5256064690026954 0.06833333333333333 0.2695417789757412
0 0.12333333333333334 0.49326145552560646 0.06666666666666667 0.2641509433962264
0 0.14166666666666666 0.5215633423180593 0.06 0.24528301886792453
0 0.1525 0.42048517520215634 0.028333333333333332 0.11320754716981132
0 0.18 0.48517520215633425 0.04666666666666667 0.18328840970350405
0 0.20583333333333334 0.4865229110512129 0.051666666666666666 0.21293800539083557
0 0.21333333333333335 0.49865229110512127 0.05333333333333334 0.21024258760107817
0 0.23416666666666666 0.5080862533692723 0.058333333333333334 0.23450134770889489
0 0.24833333333333332 0.522911051212938 0.05333333333333334 0.21024258760107817
0 0.2916666666666667 0.5390835579514824 0.07 0.2803234501347709
0 0.30333333333333334 0.522911051212938 0.06333333333333334 0.2587601078167116
0 0.43416666666666665 0.5134770889487871 0.058333333333333334 0.2398921832884097
0 0.46416666666666667 0.5309973045822103 0.06166666666666667 0.24797843665768193
0 0.3491666666666667 0.49595687331536387 0.06166666666666667 0.24258760107816713
0 0.39 0.5013477088948787 0.05333333333333334 0.21024258760107817
0 0.4766666666666667 0.49326145552560646 0.05333333333333334 0.215633423180593
0 0.5108333333333334 0.4919137466307278 0.051666666666666666 0.20754716981132076
0 0.5458333333333333 0.48517520215633425 0.051666666666666666 0.20485175202156333
0 0.565 0.49326145552560646 0.04666666666666667 0.18328840970350405
0 0.5891666666666666 0.48247978436657685 0.051666666666666666 0.21024258760107817
0 0.6175 0.48921832884097033 0.045 0.1752021563342318
0 0.6316666666666667 0.46900269541778977 0.04 0.15633423180592992
0 0.6491666666666667 0.49326145552560646 0.041666666666666664 0.1725067385444744
0 0.6608333333333334 0.46900269541778977 0.041666666666666664 0.1725067385444744
0 0.6775 0.4811320754716981 0.041666666666666664 0.16442048517520216
0 0.7066666666666667 0.4609164420485175 0.03333333333333333 0.1347708894878706
0 0.7191666666666666 0.4743935309973046 0.041666666666666664 0.16172506738544473
0 0.7441666666666666 0.48787061994609165 0.041666666666666664 0.16172506738544473
0 0.7825 0.4716981132075472 0.035 0.14555256064690028
0 0.8116666666666666 0.46765498652291104 0.043333333333333335 0.16981132075471697
0 0.8425 0.4757412398921833 0.04833333333333333 0.1967654986522911
0 0.8791666666666667 0.4919137466307278 0.051666666666666666 0.20215633423180593
0 0.8516666666666667 0.47304582210242585 0.03666666666666667 0.14824797843665768
0 0.9075 0.4784366576819407 0.045 0.18598382749326145
0 0.9716666666666667 0.4811320754716981 0.04666666666666667 0.19137466307277629
2 0.0425 0.36253369272237196 0.025 0.04582210242587601
2 0.04666666666666667 0.4123989218328841 0.023333333333333334 0.05390835579514825
2 0.10416666666666667 0.36792452830188677 0.021666666666666667 0.03504043126684636
2 0.25083333333333335 0.4002695417789757 0.018333333333333333 0.03504043126684636
2 0.27166666666666667 0.408355795148248 0.02 0.04582210242587601
2 0.26 0.3665768194070081 0.016666666666666666 0.03234501347708895
2 0.28583333333333333 0.37331536388140163 0.018333333333333333 0.029649595687331536
2 0.31 0.3746630727762803 0.013333333333333334 0.026954177897574125
2 0.31 0.4029649595687331 0.013333333333333334 0.03504043126684636
2 0.32666666666666666 0.4056603773584906 0.02 0.04043126684636118
2 0.325 0.37331536388140163 0.02 0.03504043126684636
2 0.38083333333333336 0.3948787061994609 0.025 0.029649595687331536
2 0.4058333333333333 0.3975741239892183 0.015 0.03504043126684636
2 0.43166666666666664 0.38409703504043125 0.02666666666666667 0.03504043126684636
2 0.4525 0.39622641509433965 0.015 0.03773584905660377
2 0.9425 0.42048517520215634 0.021666666666666667 0.05390835579514825
2 0.7491666666666666 0.3881401617250674 0.025 0.03234501347708895
2 0.735 0.40161725067385445 0.02 0.0431266846361186
2 0.63 0.3706199460916442 0.02666666666666667 0.029649595687331536
2 0.58 0.38544474393531 0.02666666666666667 0.03234501347708895
2 0.4925 0.37870619946091644 0.021666666666666667 0.04043126684636118
2 0.4841666666666667 0.4110512129380054 0.03166666666666667 0.03504043126684636
2 0.5308333333333334 0.4002695417789757 0.021666666666666667 0.03504043126684636
