0 0.09761904761904762 0.5419664268585132 0.05238095238095238 0.19664268585131894
0 0.2865079365079365 0.5455635491606715 0.049206349206349205 0.17985611510791366
0 0.41349206349206347 0.5431654676258992 0.049206349206349205 0.18944844124700239
0 0.5404761904761904 0.5695443645083933 0.04285714285714286 0.16546762589928057
0 0.7301587301587301 0.5515587529976019 0.050793650793650794 0.18705035971223022
0 0.9166666666666666 0.7769784172661871 0.06507936507936508 0.23980815347721823
0 0.7928571428571428 0.7805755395683454 0.06825396825396825 0.2565947242206235
0 0.6746031746031746 0.7865707434052758 0.06984126984126984 0.2637889688249401
0 0.6333333333333333 0.7805755395683454 0.06349206349206349 0.23741007194244604
0 0.5261904761904762 0.7853717026378897 0.07777777777777778 0.290167865707434
0 0.49206349206349204 0.7925659472422062 0.06349206349206349 0.2422062350119904
0 0.3603174603174603 0.7877697841726619 0.07301587301587302 0.2709832134292566
0 0.16984126984126985 0.7721822541966427 0.06984126984126984 0.2637889688249401
0 0.03650793650793651 0.7769784172661871 0.07301587301587302 0.27817745803357313
