0 0.952 0.49733333333333335 0.096 0.38666666666666666
0 0.907 0.5026666666666667 0.126 0.408
0 0.818 0.5173333333333333 0.128 0.416
0 0.731 0.5186666666666667 0.134 0.43466666666666665
0 0.669 0.5093333333333333 0.122 0.39466666666666667
0 0.643 0.5186666666666667 0.138 0.45066666666666666
0 0.588 0.5066666666666667 0.132 0.4266666666666667
0 0.551 0.5306666666666666 0.15 0.48533333333333334
0 0.494 0.5 0.14 0.456
0 0.454 0.5146666666666667 0.16 0.5226666666666666
0 0.355 0.5413333333333333 0.158 0.5226666666666666
0 0.234 0.5546666666666666 0.156 0.5173333333333333
0 0.093 0.5933333333333334 0.186 0.7866666666666666
2 0.189 0.332 0.05 0.136
2 0.293 0.32666666666666666 0.054 0.104
2 0.401 0.31066666666666665 0.054 0.104
2 0.758 0.3426666666666667 0.028 0.08266666666666667
