0 0.016666666666666666 0.35141509433962265 0.03333333333333333 0.18396226415094338
0 0.07777777777777778 0.30424528301886794 0.03888888888888889 0.1650943396226415
0 0.1736111111111111 0.23820754716981132 0.03611111111111111 0.15566037735849056
0 0.1375 0.4339622641509434 0.03611111111111111 0.16037735849056603
0 0.03333333333333333 0.7712264150943396 0.044444444444444446 0.18396226415094338
0 0.10972222222222222 0.7877358490566038 0.041666666666666664 0.1792452830188679
0 0.21805555555555556 0.8066037735849056 0.041666666666666664 0.18867924528301888
0 0.25277777777777777 0.6981132075471698 0.03888888888888889 0.16981132075471697
0 0.4888888888888889 0.6108490566037735 0.03888888888888889 0.17452830188679244
0 0.5388888888888889 0.6839622641509434 0.03888888888888889 0.16981132075471697
0 0.5972222222222222 0.5660377358490566 0.03333333333333333 0.1509433962264151
0 0.6361111111111111 0.4882075471698113 0.03333333333333333 0.15566037735849056
0 0.6097222222222223 0.4693396226415094 0.03611111111111111 0.15566037735849056
0 0.6625 0.5141509433962265 0.03611111111111111 0.1509433962264151
0 0.6819444444444445 0.4339622641509434 0.03611111111111111 0.16037735849056603
0 0.7 0.6650943396226415 0.05555555555555555 0.2358490566037736
0 0.6638888888888889 0.8254716981132075 0.03888888888888889 0.1792452830188679
0 0.7652777777777777 0.625 0.041666666666666664 0.18396226415094338
0 0.7541666666666667 0.7806603773584906 0.04722222222222222 0.19339622641509435
0 0.7916666666666666 0.6650943396226415 0.03888888888888889 0.16981132075471697
0 0.9166666666666666 0.4693396226415094 0.03333333333333333 0.14622641509433962
0 0.8666666666666667 0.5518867924528302 0.03888888888888889 0.16981132075471697
0 0.8694444444444445 0.41509433962264153 0.03888888888888889 0.16037735849056603
0 0.7680555555555556 0.43160377358490565 0.030555555555555555 0.12735849056603774
0 0.7430555555555556 0.12028301886792453 0.030555555555555555 0.13679245283018868
0 0.6944444444444444 0.11556603773584906 0.027777777777777776 0.12735849056603774
0 0.675 0.2099056603773585 0.027777777777777776 0.12735849056603774
0 0.5986111111111111 0.28537735849056606 0.030555555555555555 0.13679245283018868
0 0.5819444444444445 0.24764150943396226 0.03611111111111111 0.14622641509433962
0 0.6222222222222222 0.07311320754716981 0.027777777777777776 0.1179245283018868
0 0.5375 0.14858490566037735 0.025 0.1179245283018868
0 0.4847222222222222 0.10613207547169812 0.025 0.09905660377358491
0 0.3402777777777778 0.20047169811320756 0.03611111111111111 0.14622641509433962
0 0.26805555555555555 0.2665094339622642 0.03611111111111111 0.14622641509433962
0 0.2263888888888889 0.32547169811320753 0.030555555555555555 0.12264150943396226
1 0.8013888888888889 0.875 0.041666666666666664 0.17452830188679244
1 0.2847222222222222 0.9127358490566038 0.03611111111111111 0.14622641509433962
4 0.44305555555555554 0.35377358490566035 0.425 0.4339622641509434
