0 0.08583333333333333 0.15 0.058333333333333334 0.215
0 0.035833333333333335 0.3825 0.06166666666666667 0.225
0 0.07916666666666666 0.4775 0.07166666666666667 0.265
0 0.21416666666666667 0.68625 0.105 0.3825
0 0.2841666666666667 0.615 0.085 0.32
0 0.3441666666666667 0.595 0.085 0.31
0 0.42 0.67625 0.10333333333333333 0.3875
0 0.5391666666666667 0.56625 0.07833333333333334 0.2875
0 0.635 0.67875 0.1 0.3675
0 0.71 0.5875 0.08666666666666667 0.315
0 0.8641666666666666 0.6075 0.08833333333333333 0.325
0 0.9516666666666667 0.48375 0.09 0.3325
0 0.3575 0.13375 0.058333333333333334 0.2125
2 0.20416666666666666 0.285 0.058333333333333334 0.075
2 0.3308333333333333 0.28375 0.07166666666666667 0.0925
2 0.33 0.37625 0.06 0.0925
2 0.21583333333333332 0.4 0.075 0.14
