0 0.008 0.2736185383244207 0.016 0.11229946524064172
0 0.379 0.21122994652406418 0.016 0.06951871657754011
0 0.369 0.21301247771836007 0.014 0.0659536541889483
0 0.3585 0.21122994652406418 0.013 0.058823529411764705
0 0.3425 0.21836007130124777 0.015 0.06951871657754011
0 0.33 0.21836007130124777 0.014 0.062388591800356503
0 0.313 0.22192513368983957 0.014 0.062388591800356503
0 0.302 0.22192513368983957 0.012 0.05525846702317291
0 0.286 0.22192513368983957 0.014 0.0659536541889483
0 0.273 0.2192513368983957 0.012 0.0570409982174688
0 0.261 0.22103386809269163 0.014 0.06060606060606061
0 0.2345 0.22370766488413546 0.013 0.058823529411764705
0 0.2195 0.22549019607843138 0.013 0.05525846702317291
0 0.2435 0.22103386809269163 0.013 0.0570409982174688
0 0.1905 0.22459893048128343 0.011 0.049910873440285206
0 0.099 0.24598930481283424 0.016 0.07130124777183601
0 0.109 0.24777183600713013 0.02 0.0855614973262032
0 0.119 0.25044563279857396 0.02 0.0873440285204991
0 0.1285 0.2531194295900178 0.017 0.0748663101604278
0 0.138 0.2540106951871658 0.018 0.08377896613190731
0 0.1485 0.2620320855614973 0.019 0.08912655971479501
0 0.159 0.2638146167557932 0.018 0.08199643493761141
0 0.17 0.26737967914438504 0.016 0.07130124777183601
0 0.1795 0.26827094474153296 0.017 0.08021390374331551
0 0.193 0.27450980392156865 0.016 0.0748663101604278
0 0.2025 0.2736185383244207 0.019 0.0873440285204991
0 0.214 0.27718360071301246 0.02 0.09090909090909091
0 0.229 0.2825311942959002 0.02 0.09090909090909091
0 0.2415 0.2825311942959002 0.021 0.09090909090909091
0 0.2555 0.28520499108734404 0.021 0.09269162210338681
0 0.2685 0.2887700534759358 0.023 0.09982174688057041
0 0.279 0.29233511586452765 0.024 0.10338680926916222
0 0.2935 0.2994652406417112 0.023 0.10338680926916222
0 0.311 0.3057040998217469 0.022 0.09803921568627451
0 0.326 0.3074866310160428 0.024 0.1051693404634581
0 0.341 0.31283422459893045 0.022 0.10160427807486631
0 0.355 0.3146167557932264 0.022 0.10160427807486631
0 0.3725 0.3155080213903743 0.021 0.0962566844919786
0 0.3905 0.3226381461675579 0.023 0.09982174688057041
0 0.406 0.3235294117647059 0.024 0.1051693404634581
0 0.424 0.3342245989304813 0.024 0.1051693404634581
0 0.4395 0.33511586452762926 0.023 0.10338680926916222
0 0.4605 0.33511586452762926 0.023 0.10338680926916222
0 0.478 0.33868092691622104 0.026 0.1140819964349376
0 0.501 0.34402852049910876 0.024 0.11051693404634581
0 0.521 0.3493761140819964 0.028 0.12834224598930483
0 0.547 0.3600713012477718 0.028 0.12477718360071301
0 0.581 0.34670231729055256 0.028 0.1265597147950089
0 0.568 0.3663101604278075 0.026 0.11942959001782531
0 0.5925 0.37254901960784315 0.029 0.1319073083778966
0 0.616 0.3778966131907308 0.028 0.12477718360071301
0 0.6475 0.3805704099821747 0.025 0.11229946524064172
0 0.6695 0.38859180035650626 0.027 0.11764705882352941
0 0.693 0.39750445632798576 0.026 0.11764705882352941
0 0.721 0.40641711229946526 0.03 0.1319073083778966
0 0.754 0.40998217468805703 0.032 0.13903743315508021
0 0.783 0.4126559714795009 0.026 0.11942959001782531
0 0.8175 0.43404634581105167 0.031 0.1408199643493761
0 0.8555 0.44563279857397503 0.035 0.1568627450980392
0 0.8935 0.4358288770053476 0.039 0.16934046345811052
0 0.923 0.41622103386809267 0.036 0.1622103386809269
0 0.944 0.6007130124777184 0.054 0.23885918003565063
0 0.892 0.6185383244206774 0.058 0.2531194295900178
0 0.843 0.6497326203208557 0.06 0.26559714795008915
0 0.829 0.5650623885918004 0.052 0.22459893048128343
0 0.7815 0.5775401069518716 0.053 0.23172905525846701
0 0.7965 0.7067736185383244 0.067 0.29411764705882354
0 0.744 0.768270944741533 0.068 0.29590017825311943
0 0.724 0.6176470588235294 0.056 0.24420677361853832
0 0.7025 0.5552584670231729 0.045 0.19786096256684493
0 0.031 0.8484848484848485 0.062 0.27450980392156865
0 0.1415 0.8957219251336899 0.045 0.19786096256684493
0 0.2445 0.8992869875222816 0.043 0.19073083778966132
0 0.342 0.8645276292335116 0.06 0.26024955436720143
0 0.306 0.8003565062388592 0.074 0.32798573975044565
0 0.1795 0.7281639928698752 0.059 0.2620320855614973
0 0.102 0.6978609625668449 0.068 0.30124777183600715
0 0.1165 0.5454545454545454 0.047 0.20677361853832443
0 0.1795 0.5552584670231729 0.041 0.1836007130124777
0 0.224 0.5998217468805704 0.046 0.20499108734402852
0 0.306 0.6203208556149733 0.046 0.20320855614973263
0 0.3215 0.5677361853832442 0.047 0.20855614973262032
0 0.3735 0.6898395721925134 0.055 0.24242424242424243
0 0.4595 0.7165775401069518 0.057 0.24955436720142601
0 0.543 0.7566844919786097 0.068 0.29411764705882354
0 0.6475 0.8226381461675579 0.067 0.2976827094474153
0 0.667 0.6675579322638147 0.06 0.2620320855614973
0 0.586 0.6176470588235294 0.05 0.21568627450980393
0 0.5675 0.5481283422459893 0.043 0.18716577540106952
0 0.4675 0.44206773618538325 0.035 0.1568627450980392
0 0.504 0.5926916221033868 0.05 0.2192513368983957
0 0.402 0.48484848484848486 0.04 0.1746880570409982
0 0.3805 0.6033868092691622 0.049 0.2192513368983957
0 0.3355 0.5080213903743316 0.039 0.1746880570409982
0 0.2595 0.5311942959001783 0.043 0.1889483065953654
2 0.174 0.20766488413547238 0.018 0.023172905525846704
2 0.1405 0.20499108734402852 0.017 0.017825311942959002
2 0.7055 0.4358288770053476 0.031 0.044563279857397504
2 0.6375 0.40463458110516937 0.033 0.035650623885918005
2 0.646 0.44563279857397503 0.024 0.04634581105169341
2 0.6435 0.4964349376114082 0.027 0.0659536541889483
2 0.4505 0.41889483065953653 0.031 0.03208556149732621
2 0.4155 0.9162210338680927 0.053 0.0855614973262032
2 0.485 0.93048128342246 0.056 0.09982174688057041
2 0.4315 0.8110516934046346 0.053 0.08912655971479501
2 0.5845 0.4411764705882353 0.029 0.0659536541889483
2 0.569 0.3894830659536542 0.022 0.040998217468805706
2 0.516 0.3805704099821747 0.024 0.05169340463458111
2 0.514 0.4180035650623886 0.026 0.044563279857397504
2 0.5155 0.446524064171123 0.029 0.040998217468805706
2 0.214 0.4411764705882353 0.038 0.044563279857397504
2 0.283 0.42245989304812837 0.038 0.0570409982174688
2 0.3595 0.40998217468805703 0.025 0.04634581105169341
2 0.381 0.4554367201426025 0.04 0.06951871657754011
4 0.0805 0.12388591800356506 0.161 0.0766488413547237
4 0.2615 0.13012477718360071 0.135 0.0784313725490196
4 0.3955 0.12210338680926916 0.089 0.07308377896613191
4 0.499 0.12923351158645277 0.104 0.07308377896613191
4 0.6595 0.13012477718360071 0.189 0.0748663101604278
4 0.878 0.1354723707664884 0.24 0.08912655971479501
4 0.813 0.35294117647058826 0.37 0.34581105169340465
