0 0.085 0.4911111111111111 0.08142857142857143 0.3111111111111111
0 0.22214285714285714 0.5066666666666667 0.08428571428571428 0.3244444444444444
0 0.26357142857142857 0.5055555555555555 0.13 0.5
0 0.3414285714285714 0.4988888888888889 0.06285714285714286 0.24222222222222223
0 0.5492857142857143 0.5 0.05 0.19111111111111112
0 0.5907142857142857 0.49333333333333335 0.05285714285714286 0.2
0 0.605 0.49444444444444446 0.05 0.18888888888888888
0 0.6271428571428571 0.5022222222222222 0.04857142857142857 0.18222222222222223
0 0.6542857142857142 0.5088888888888888 0.04 0.1511111111111111
0 0.6742857142857143 0.49666666666666665 0.045714285714285714 0.17555555555555555
0 0.7135714285714285 0.5111111111111111 0.03571428571428571 0.13777777777777778
0 0.8071428571428572 0.5177777777777778 0.18285714285714286 0.7022222222222222
0 0.8928571428571429 0.5066666666666667 0.08857142857142856 0.3422222222222222
0 0.93 0.5044444444444445 0.06571428571428571 0.2577777777777778
0 0.9678571428571429 0.4988888888888889 0.024285714285714285 0.1
0 0.5221428571428571 0.25222222222222224 0.04428571428571428 0.17555555555555555
2 0.7592857142857142 0.24333333333333335 0.032857142857142856 0.06
2 0.6571428571428571 0.2111111111111111 0.037142857142857144 0.04
2 0.5721428571428572 0.2588888888888889 0.015714285714285715 0.03777777777777778
2 0.3821428571428571 0.20444444444444446 0.03571428571428571 0.05333333333333334
2 0.38857142857142857 0.24222222222222223 0.017142857142857144 0.05333333333333334
2 0.4042857142857143 0.27555555555555555 0.025714285714285714 0.044444444444444446
2 0.42642857142857143 0.3377777777777778 0.02142857142857143 0.04
2 0.4114285714285714 0.35444444444444445 0.017142857142857144 0.04666666666666667
2 0.43214285714285716 0.37777777777777777 0.02142857142857143 0.03111111111111111
2 0.485 0.39444444444444443 0.012857142857142857 0.03333333333333333
2 0.46785714285714286 0.33444444444444443 0.024285714285714285 0.06888888888888889
2 0.5085714285714286 0.3322222222222222 0.025714285714285714 0.05555555555555555
2 0.505 0.2822222222222222 0.03 0.06222222222222222
2 0.5578571428571428 0.3022222222222222 0.024285714285714285 0.044444444444444446
2 0.5507142857142857 0.3288888888888889 0.027142857142857142 0.05333333333333334
2 0.5385714285714286 0.3788888888888889 0.025714285714285714 0.042222222222222223
4 0.475 0.2011111111111111 0.34714285714285714 0.38
