0 0.9564285714285714 0.6115879828326181 0.08714285714285715 0.3261802575107296
0 0.054285714285714284 0.5504291845493562 0.022857142857142857 0.08369098712446352
0 0.06571428571428571 0.5407725321888412 0.02857142857142857 0.1072961373390558
0 0.08571428571428572 0.5472103004291845 0.025714285714285714 0.0944206008583691
0 0.10357142857142858 0.5504291845493562 0.03 0.10944206008583691
0 0.14642857142857144 0.546137339055794 0.03 0.10944206008583691
0 0.18428571428571427 0.5568669527896996 0.03142857142857143 0.11802575107296137
0 0.21357142857142858 0.5536480686695279 0.03571428571428571 0.12875536480686695
0 0.24857142857142858 0.5600858369098712 0.037142857142857144 0.14163090128755365
0 0.285 0.5675965665236051 0.03857142857142857 0.14377682403433475
0 0.34785714285714286 0.5590128755364807 0.04428571428571428 0.16952789699570817
0 0.44357142857142856 0.5675965665236051 0.047142857142857146 0.17381974248927037
0 0.5642857142857143 0.592274678111588 0.054285714285714284 0.20600858369098712
0 0.61 0.592274678111588 0.045714285714285714 0.17167381974248927
0 0.6435714285714286 0.5987124463519313 0.05285714285714286 0.19313304721030042
0 0.6907142857142857 0.5912017167381974 0.05857142857142857 0.2167381974248927
0 0.7192857142857143 0.6072961373390557 0.05285714285714286 0.19742489270386265
0 0.7792857142857142 0.6051502145922747 0.06142857142857143 0.2317596566523605
0 0.8228571428571428 0.6030042918454935 0.06285714285714286 0.2317596566523605
0 0.8528571428571429 0.5987124463519313 0.06 0.22317596566523606
0 0.8871428571428571 0.5944206008583691 0.06 0.22746781115879827
4 0.7971428571428572 0.48819742489270385 0.39714285714285713 0.07081545064377683
4 0.4542857142857143 0.5064377682403434 0.28 0.055793991416309016
4 0.20785714285714285 0.5139484978540773 0.21285714285714286 0.032188841201716736
