0 0.8114583333333333 0.8944444444444445 0.06041666666666667 0.20555555555555555
0 0.8552083333333333 0.8138888888888889 0.03125 0.10555555555555556
0 0.7645833333333333 0.8236111111111111 0.0375 0.11944444444444445
0 0.7427083333333333 0.8236111111111111 0.035416666666666666 0.11944444444444445
0 0.6822916666666666 0.8125 0.04375 0.1527777777777778
0 0.653125 0.7986111111111112 0.03125 0.10833333333333334
0 0.6166666666666667 0.8041666666666667 0.029166666666666667 0.10277777777777777
0 0.59375 0.8069444444444445 0.029166666666666667 0.10277777777777777
0 0.5697916666666667 0.7930555555555555 0.022916666666666665 0.08055555555555556
0 0.5520833333333334 0.7930555555555555 0.0375 0.11944444444444445
0 0.48020833333333335 0.7875 0.03125 0.10277777777777777
0 0.41041666666666665 0.7902777777777777 0.025 0.08611111111111111
0 0.32083333333333336 0.7527777777777778 0.020833333333333332 0.06666666666666667
0 0.3375 0.7652777777777777 0.0125 0.041666666666666664
0 0.3572916666666667 0.7583333333333333 0.014583333333333334 0.05555555555555555
4 0.4041666666666667 0.7222222222222222 0.07916666666666666 0.044444444444444446
4 0.49375 0.725 0.04583333333333333 0.044444444444444446
4 0.565625 0.7208333333333333 0.06875 0.03611111111111111
4 0.8041666666666667 0.7388888888888889 0.3125 0.044444444444444446
4 0.165625 0.7458333333333333 0.027083333333333334 0.058333333333333334
