0 0.6394366197183099 0.4744186046511628 0.05070422535211268 0.20930232558139536
0 0.6147887323943662 0.4325581395348837 0.035211267605633804 0.14418604651162792
0 0.5211267605633803 0.4511627906976744 0.04788732394366197 0.19534883720930232
0 0.3936619718309859 0.42441860465116277 0.023943661971830985 0.1
0 0.3387323943661972 0.44069767441860463 0.038028169014084505 0.1558139534883721
0 0.2880281690140845 0.4744186046511628 0.04084507042253521 0.16279069767441862
0 0.23873239436619717 0.4558139534883721 0.04647887323943662 0.19534883720930232
0 0.19295774647887323 0.4569767441860465 0.05070422535211268 0.2116279069767442
0 0.14507042253521127 0.413953488372093 0.028169014084507043 0.11627906976744186
0 0.12042253521126761 0.4662790697674419 0.04929577464788732 0.19767441860465115
0 0.07112676056338028 0.4790697674418605 0.04647887323943662 0.19534883720930232
0 0.04295774647887324 0.5104651162790698 0.06056338028169014 0.2441860465116279
0 0.021830985915492956 0.4965116279069767 0.04366197183098591 0.29534883720930233
0 0.680281690140845 0.43488372093023253 0.028169014084507043 0.12093023255813953
0 0.7098591549295775 0.43953488372093025 0.030985915492957747 0.13023255813953488
0 0.7464788732394366 0.44302325581395346 0.028169014084507043 0.11395348837209303
0 0.7880281690140845 0.43372093023255814 0.029577464788732393 0.12790697674418605
0 0.8450704225352113 0.47093023255813954 0.05070422535211268 0.20232558139534884
