0 0.646875 0.6712204007285975 0.12625 0.44990892531876137
0 0.364375 0.7003642987249544 0.11875 0.42805100182149364
0 0.088125 0.48178506375227687 0.09375 0.3333333333333333
0 0.15625 0.4890710382513661 0.07 0.25318761384335153
0 0.314375 0.5182149362477231 0.04375 0.15482695810564662
0 0.26375 0.4581056466302368 0.0425 0.15482695810564662
0 0.245625 0.38524590163934425 0.03875 0.14025500910746813
0 0.356875 0.49089253187613846 0.04375 0.15482695810564662
0 0.41625 0.5628415300546448 0.0975 0.3460837887067395
0 0.75625 0.5382513661202186 0.05 0.18032786885245902
0 0.765625 0.49453551912568305 0.05125 0.18397085610200364
0 0.851875 0.5892531876138434 0.07125 0.2568306010928962
0 0.918125 0.6020036429872495 0.06625 0.24225865209471767
0 0.830625 0.4972677595628415 0.05125 0.18579234972677597
0 0.02375 0.3533697632058288 0.0275 0.09836065573770492
4 0.359375 0.3888888888888889 0.15625 0.08196721311475409
4 0.60375 0.45719489981785066 0.2625 0.22586520947176686
4 0.870625 0.41712204007285975 0.25625 0.12386156648451731
