0 0.57 0.75 0.09666666666666666 0.31333333333333335
0 0.5408333333333334 0.7066666666666667 0.06833333333333333 0.22666666666666666
0 0.4766666666666667 0.7422222222222222 0.07 0.23555555555555555
0 0.5116666666666667 0.7266666666666667 0.06 0.2
0 0.4025 0.7344444444444445 0.09166666666666666 0.3
0 0.8508333333333333 0.7555555555555555 0.09166666666666666 0.29777777777777775
0 0.76 0.7355555555555555 0.056666666666666664 0.18222222222222223
0 0.795 0.7122222222222222 0.056666666666666664 0.18888888888888888
0 0.6858333333333333 0.7177777777777777 0.06833333333333333 0.2222222222222222
0 0.6025 0.7522222222222222 0.055 0.18
0 0.3283333333333333 0.7755555555555556 0.07333333333333333 0.24444444444444444
0 0.37666666666666665 0.74 0.06333333333333334 0.21333333333333335
0 0.31583333333333335 0.75 0.06833333333333333 0.22444444444444445
0 0.27416666666666667 0.7511111111111111 0.058333333333333334 0.19555555555555557
0 0.245 0.74 0.06333333333333334 0.2088888888888889
0 0.1825 0.7666666666666667 0.07833333333333334 0.26222222222222225
0 0.17083333333333334 0.7755555555555556 0.07166666666666667 0.23555555555555555
0 0.13416666666666666 0.7666666666666667 0.041666666666666664 0.13777777777777778
0 0.0825 0.7177777777777777 0.04833333333333333 0.16
0 0.03333333333333333 0.7844444444444445 0.06666666666666667 0.25333333333333335
0 0.13166666666666665 0.6577777777777778 0.023333333333333334 0.08444444444444445
0 0.9083333333333333 0.6722222222222223 0.05 0.16666666666666666
0 0.9558333333333333 0.6811111111111111 0.041666666666666664 0.14
