0 0.2974137931034483 0.6010362694300518 0.12241379310344827 0.45595854922279794
0 0.49137931034482757 0.5984455958549223 0.15172413793103448 0.5595854922279793
0 0.6043103448275862 0.5712435233160622 0.12241379310344827 0.4481865284974093
0 0.7034482758620689 0.5569948186528497 0.10344827586206896 0.38860103626943004
0 0.8284482758620689 0.5194300518134715 0.1396551724137931 0.5155440414507773
0 0.9146551724137931 0.47538860103626945 0.10172413793103448 0.3704663212435233
0 0.9594827586206897 0.45984455958549225 0.08103448275862069 0.3238341968911917
0 0.5439655172413793 0.5751295336787565 0.10862068965517241 0.39896373056994816
0 0.6387931034482759 0.5479274611398963 0.10517241379310345 0.3860103626943005
0 0.3586206896551724 0.5621761658031088 0.10344827586206896 0.38341968911917096
0 0.20172413793103447 0.5686528497409327 0.08275862068965517 0.3082901554404145
0 0.1353448275862069 0.5531088082901554 0.0706896551724138 0.266839378238342
0 0.4206896551724138 0.533678756476684 0.07931034482758621 0.29533678756476683
0 0.7706896551724138 0.5194300518134715 0.10689655172413794 0.4015544041450777
0 0.6681034482758621 0.5194300518134715 0.08448275862068966 0.31865284974093266
0 0.7275862068965517 0.5181347150259067 0.09655172413793103 0.35233160621761656
2 0.04655172413793104 0.7085492227979274 0.09310344827586207 0.5569948186528497
4 0.2508620689655172 0.5531088082901554 0.29482758620689653 0.3549222797927461
4 0.5224137931034483 0.3898963730569948 0.2482758620689655 0.08031088082901554
4 0.9293103448275862 0.33549222797927464 0.13793103448275862 0.09585492227979274
