0 0.058673469387755105 0.6833333333333333 0.10714285714285714 0.425
0 0.14668367346938777 0.68125 0.10459183673469388 0.42083333333333334
0 0.2423469387755102 0.6833333333333333 0.10714285714285714 0.43333333333333335
0 0.3278061224489796 0.6958333333333333 0.09438775510204081 0.39166666666666666
0 0.4221938775510204 0.6958333333333333 0.09948979591836735 0.4083333333333333
0 0.5012755102040817 0.6916666666666667 0.10459183673469388 0.425
0 0.5803571428571429 0.6958333333333333 0.09948979591836735 0.4083333333333333
0 0.6709183673469388 0.6916666666666667 0.10204081632653061 0.4166666666666667
0 0.7665816326530612 0.6895833333333333 0.1096938775510204 0.4375
0 0.8520408163265306 0.7041666666666667 0.10714285714285714 0.425
0 0.9400510204081632 0.6979166666666666 0.10459183673469388 0.42916666666666664
