0 0.8841354723707665 0.6453333333333333 0.1319073083778966 0.49066666666666664
0 0.7718360071301248 0.6266666666666667 0.11764705882352941 0.43733333333333335
0 0.6622103386809269 0.6213333333333333 0.1051693404634581 0.3893333333333333
0 0.533868092691622 0.604 0.1051693404634581 0.38133333333333336
0 0.43315508021390375 0.5826666666666667 0.0962566844919786 0.34933333333333333
0 0.32798573975044565 0.5813333333333334 0.0748663101604278 0.2773333333333333
0 0.25935828877005346 0.5813333333333334 0.08021390374331551 0.29333333333333333
0 0.23440285204991088 0.5746666666666667 0.07308377896613191 0.27466666666666667
0 0.20053475935828877 0.5706666666666667 0.06951871657754011 0.256
0 0.14884135472370766 0.5653333333333334 0.07308377896613191 0.272
0 0.13636363636363635 0.5653333333333334 0.0659536541889483 0.24
0 0.11051693404634581 0.5586666666666666 0.053475935828877004 0.20533333333333334
0 0.09536541889483066 0.5466666666666666 0.05169340463458111 0.19733333333333333
0 0.05258467023172905 0.5373333333333333 0.040998217468805706 0.152
0 0.2967914438502674 0.5533333333333333 0.0659536541889483 0.24266666666666667
0 0.3582887700534759 0.5653333333333334 0.08199643493761141 0.2986666666666667
0 0.5008912655971479 0.5733333333333334 0.0784313725490196 0.29333333333333333
0 0.9393939393939394 0.5746666666666667 0.09982174688057041 0.36533333333333334
0 0.9634581105169341 0.624 0.07308377896613191 0.4
2 0.7450980392156863 0.468 0.0285204991087344 0.06133333333333333
2 0.7245989304812834 0.48 0.026737967914438502 0.05333333333333334
2 0.6390374331550802 0.448 0.030303030303030304 0.09066666666666667
4 0.01693404634581105 0.5373333333333333 0.0338680926916221 0.14133333333333334
