0 0.50703125 0.5938967136150235 0.1859375 0.6854460093896714
0 0.67890625 0.5352112676056338 0.1265625 0.4694835680751174
0 0.7484375 0.5105633802816901 0.11875 0.43896713615023475
0 0.62734375 0.49295774647887325 0.0984375 0.36619718309859156
0 0.57421875 0.47769953051643194 0.0890625 0.32629107981220656
0 0.5421875 0.5011737089201878 0.13125 0.4859154929577465
0 0.37421875 0.4847417840375587 0.0984375 0.3591549295774648
0 0.33125 0.45422535211267606 0.071875 0.2652582159624413
0 0.26640625 0.4413145539906103 0.0703125 0.25821596244131456
0 0.2375 0.43427230046948356 0.0625 0.2300469483568075
0 0.14765625 0.42488262910798125 0.0640625 0.23943661971830985
0 0.42890625 0.42018779342723006 0.0671875 0.2535211267605634
0 0.76953125 0.4647887323943662 0.0921875 0.3427230046948357
0 0.19375 0.20305164319248825 0.040625 0.1572769953051643
0 0.15078125 0.17253521126760563 0.0453125 0.16666666666666666
0 0.12578125 0.18192488262910797 0.0390625 0.1431924882629108
0 0.09765625 0.17488262910798122 0.0453125 0.17136150234741784
0 0.06171875 0.18192488262910797 0.0390625 0.14788732394366197
0 0.253125 0.1643192488262911 0.05 0.18779342723004694
0 0.240625 0.26173708920187794 0.046875 0.1807511737089202
0 0.2671875 0.23708920187793428 0.04375 0.1643192488262911
2 0.27734375 0.31220657276995306 0.0359375 0.13145539906103287
2 0.3359375 0.24061032863849766 0.03125 0.1056338028169014
2 0.34609375 0.2746478873239437 0.0453125 0.056338028169014086
2 0.34765625 0.31572769953051644 0.0359375 0.08215962441314555
2 0.4125 0.3051643192488263 0.03125 0.07511737089201878
2 0.3953125 0.3286384976525822 0.03125 0.07042253521126761
2 0.45546875 0.43661971830985913 0.0609375 0.25821596244131456
