0 0.24072265625 0.698377581120944 0.1611328125 0.5973451327433629
0 0.36376953125 0.6792035398230089 0.1728515625 0.6386430678466076
0 0.48828125 0.6887905604719764 0.16796875 0.6194690265486725
0 0.6171875 0.700589970501475 0.162109375 0.5988200589970502
0 0.7421875 0.6998525073746312 0.16015625 0.5943952802359882
2 0.12939453125 0.6187315634218289 0.0849609375 0.14601769911504425
2 0.07763671875 0.6187315634218289 0.0595703125 0.10766961651917405
2 0.0869140625 0.5457227138643068 0.05859375 0.10029498525073746
2 0.14111328125 0.5346607669616519 0.0771484375 0.12536873156342182
2 0.5498046875 0.5287610619469026 0.033203125 0.11946902654867257
2 0.66015625 0.49557522123893805 0.029296875 0.06784660766961652
2 0.7060546875 0.504424778761062 0.04296875 0.07669616519174041
2 0.8525390625 0.5206489675516224 0.052734375 0.12094395280235988
2 0.89453125 0.5014749262536873 0.03515625 0.11209439528023599
2 0.9375 0.5081120943952803 0.041015625 0.09292035398230089
2 0.81005859375 0.5051622418879056 0.0263671875 0.06637168141592921
2 0.78857421875 0.504424778761062 0.0205078125 0.0471976401179941
2 0.77099609375 0.5022123893805309 0.0126953125 0.03982300884955752
2 0.76953125 0.4823008849557522 0.0234375 0.038348082595870206
4 0.4345703125 0.471976401179941 0.0546875 0.058997050147492625
4 0.54931640625 0.47640117994100295 0.0888671875 0.07374631268436578
