0 0.22545454545454546 0.5710382513661202 0.18181818181818182 0.6666666666666666
0 0.639090909090909 0.5396174863387978 0.14 0.5163934426229508
0 0.9127272727272727 0.49453551912568305 0.12 0.4426229508196721
0 0.47363636363636363 0.43169398907103823 0.0890909090909091 0.32786885245901637
0 0.3981818181818182 0.4057377049180328 0.06909090909090909 0.25956284153005466
0 0.5545454545454546 0.3866120218579235 0.06545454545454546 0.23770491803278687
0 0.7318181818181818 0.38114754098360654 0.056363636363636366 0.21584699453551912
0 0.8590909090909091 0.412568306010929 0.06727272727272728 0.2568306010928962
0 0.8272727272727273 0.3729508196721312 0.05090909090909091 0.1885245901639344
0 0.09636363636363636 0.28005464480874315 0.014545454545454545 0.06284153005464481
2 0.21545454545454545 0.27595628415300544 0.05272727272727273 0.10382513661202186
2 0.18 0.2691256830601093 0.02909090909090909 0.07923497267759563
2 0.3009090909090909 0.24043715846994534 0.02727272727272727 0.0546448087431694
2 0.3390909090909091 0.24043715846994534 0.034545454545454546 0.04371584699453552
2 0.3790909090909091 0.28415300546448086 0.038181818181818185 0.1092896174863388
2 0.45181818181818184 0.2814207650273224 0.034545454545454546 0.0546448087431694
2 0.8290909090909091 0.2896174863387978 0.03272727272727273 0.04918032786885246
2 0.8136363636363636 0.2773224043715847 0.02 0.03551912568306011
2 0.7709090909090909 0.2937158469945355 0.025454545454545455 0.06284153005464481
2 0.01 0.2691256830601093 0.02 0.07923497267759563
2 0.02 0.25956284153005466 0.025454545454545455 0.04918032786885246
2 0.14727272727272728 0.25546448087431695 0.014545454545454545 0.04644808743169399
4 0.08727272727272728 0.226775956284153 0.10181818181818182 0.08196721311475409
4 0.5790909090909091 0.24726775956284153 0.34 0.06830601092896176
