0 0.0775 0.6109022556390977 0.045 0.2518796992481203
0 0.10833333333333334 0.6052631578947368 0.043333333333333335 0.24060150375939848
0 0.14166666666666666 0.5770676691729323 0.043333333333333335 0.24436090225563908
0 0.17416666666666666 0.5864661654135338 0.041666666666666664 0.24060150375939848
0 0.20333333333333334 0.5845864661654135 0.04 0.22180451127819548
0 0.21916666666666668 0.5582706766917294 0.03833333333333333 0.22180451127819548
0 0.23916666666666667 0.5469924812030075 0.041666666666666664 0.22932330827067668
0 0.2758333333333333 0.5958646616541353 0.045 0.2518796992481203
0 0.32 0.5939849624060151 0.04666666666666667 0.2556390977443609
0 0.3625 0.599624060150376 0.045 0.24436090225563908
0 0.4058333333333333 0.6165413533834586 0.041666666666666664 0.23308270676691728
0 0.30666666666666664 0.5469924812030075 0.04 0.22180451127819548
0 0.3466666666666667 0.543233082706767 0.04 0.22932330827067668
0 0.38333333333333336 0.5375939849624061 0.04 0.23308270676691728
0 0.41833333333333333 0.5413533834586466 0.03666666666666667 0.21052631578947367
0 0.45416666666666666 0.5319548872180451 0.03833333333333333 0.22180451127819548
0 0.49833333333333335 0.5263157894736842 0.04 0.21804511278195488
0 0.5333333333333333 0.5451127819548872 0.03666666666666667 0.21052631578947367
0 0.5691666666666667 0.543233082706767 0.045 0.24436090225563908
0 0.6033333333333334 0.6146616541353384 0.043333333333333335 0.24436090225563908
0 0.6533333333333333 0.6353383458646616 0.043333333333333335 0.24812030075187969
0 0.6258333333333334 0.5451127819548872 0.035 0.19548872180451127
0 0.6708333333333333 0.5375939849624061 0.03833333333333333 0.21052631578947367
0 0.7075 0.6259398496240601 0.045 0.24436090225563908
0 0.7175 0.5733082706766918 0.035 0.20676691729323307
0 0.7733333333333333 0.6372180451127819 0.043333333333333335 0.24436090225563908
0 0.825 0.5827067669172933 0.04 0.22556390977443608
0 0.8866666666666667 0.6146616541353384 0.03666666666666667 0.21428571428571427
0 0.9316666666666666 0.6259398496240601 0.03666666666666667 0.21428571428571427
0 0.9508333333333333 0.706766917293233 0.041666666666666664 0.24060150375939848
2 0.2683333333333333 0.4492481203007519 0.023333333333333334 0.04887218045112782
2 0.5933333333333334 0.4755639097744361 0.023333333333333334 0.10902255639097744
2 0.7691666666666667 0.4849624060150376 0.028333333333333332 0.07518796992481203
2 0.9458333333333333 0.5582706766917294 0.015 0.04887218045112782
2 0.9791666666666666 0.6052631578947368 0.021666666666666667 0.07518796992481203
2 0.9808333333333333 0.6804511278195489 0.03166666666666667 0.14285714285714285
2 0.9508333333333333 0.7086466165413534 0.03833333333333333 0.15413533834586465
2 0.0475 0.5451127819548872 0.015 0.06015037593984962
2 0.056666666666666664 0.5714285714285714 0.016666666666666666 0.09022556390977443
2 0.07 0.5921052631578947 0.02 0.10902255639097744
2 0.045 0.7387218045112782 0.056666666666666664 0.20676691729323307
2 0.019166666666666665 0.8421052631578947 0.03166666666666667 0.12781954887218044
2 0.04416666666666667 0.8796992481203008 0.06166666666666667 0.18796992481203006
2 0.07916666666666666 0.9454887218045113 0.03166666666666667 0.07894736842105263
2 0.06833333333333333 0.8890977443609023 0.023333333333333334 0.06390977443609022
2 0.09666666666666666 0.9323308270676691 0.02666666666666667 0.11278195488721804
2 0.115 0.8139097744360902 0.06 0.06390977443609022
2 0.1125 0.8646616541353384 0.025 0.05263157894736842
2 0.13583333333333333 0.9078947368421053 0.03166666666666667 0.11654135338345864
2 0.1725 0.900375939849624 0.03166666666666667 0.12406015037593984
2 0.18083333333333335 0.9548872180451128 0.03166666666666667 0.08270676691729323
2 0.19833333333333333 0.9417293233082706 0.03333333333333333 0.07894736842105263
2 0.20416666666666666 0.8552631578947368 0.025 0.06390977443609022
2 0.22416666666666665 0.8665413533834586 0.021666666666666667 0.041353383458646614
2 0.23583333333333334 0.9210526315789473 0.03833333333333333 0.10526315789473684
2 0.26416666666666666 0.9492481203007519 0.021666666666666667 0.06390977443609022
2 0.27166666666666667 0.8966165413533834 0.03333333333333333 0.10150375939849623
2 0.24833333333333332 0.8665413533834586 0.02666666666666667 0.08646616541353383
2 0.2325 0.8007518796992481 0.03166666666666667 0.07518796992481203
2 0.2991666666666667 0.7706766917293233 0.045 0.06015037593984962
2 0.2866666666666667 0.8139097744360902 0.02 0.07142857142857142
2 0.31083333333333335 0.8421052631578947 0.015 0.06015037593984962
2 0.32166666666666666 0.9492481203007519 0.02666666666666667 0.07894736842105263
2 0.3325 0.8890977443609023 0.028333333333333332 0.10150375939849623
2 0.3458333333333333 0.8345864661654135 0.018333333333333333 0.05263157894736842
2 0.36 0.825187969924812 0.03 0.06390977443609022
2 0.3825 0.881578947368421 0.03166666666666667 0.10902255639097744
2 0.4225 0.9454887218045113 0.041666666666666664 0.07142857142857142
2 0.4558333333333333 0.9116541353383458 0.03833333333333333 0.11654135338345864
2 0.4141666666666667 0.8703007518796992 0.021666666666666667 0.06390977443609022
2 0.42833333333333334 0.8571428571428571 0.02 0.06015037593984962
2 0.43416666666666665 0.8270676691729323 0.025 0.06015037593984962
2 0.4875 0.9229323308270677 0.03833333333333333 0.10902255639097744
2 0.5241666666666667 0.9530075187969925 0.03166666666666667 0.07142857142857142
2 0.525 0.8834586466165414 0.03333333333333333 0.08270676691729323
2 0.49333333333333335 0.8458646616541353 0.02 0.045112781954887216
2 0.4975 0.8139097744360902 0.015 0.04887218045112782
2 0.5125 0.8289473684210527 0.015 0.041353383458646614
2 0.47583333333333333 0.6466165413533834 0.025 0.05263157894736842
2 0.4825 0.7180451127819549 0.035 0.09774436090225563
2 0.5166666666666667 0.7048872180451128 0.03333333333333333 0.12406015037593984
2 0.5533333333333333 0.6710526315789473 0.043333333333333335 0.08646616541353383
2 0.5566666666666666 0.6973684210526315 0.04666666666666667 0.08646616541353383
2 0.5658333333333333 0.7274436090225563 0.041666666666666664 0.08646616541353383
2 0.5583333333333333 0.7048872180451128 0.04666666666666667 0.07894736842105263
2 0.5441666666666667 0.8120300751879699 0.025 0.06766917293233082
2 0.585 0.8853383458646616 0.03666666666666667 0.13909774436090225
2 0.6033333333333334 0.8289473684210527 0.03333333333333333 0.09398496240601503
2 0.5625 0.8590225563909775 0.018333333333333333 0.03383458646616541
2 0.63 0.8571428571428571 0.02666666666666667 0.06766917293233082
2 0.6233333333333333 0.9078947368421053 0.02 0.041353383458646614
2 0.6141666666666666 0.9398496240601504 0.025 0.05263157894736842
2 0.6333333333333333 0.9624060150375939 0.02 0.06015037593984962
2 0.6458333333333334 0.8421052631578947 0.015 0.03759398496240601
2 0.6516666666666666 0.8609022556390977 0.02 0.06766917293233082
2 0.6616666666666666 0.9379699248120301 0.02 0.06390977443609022
2 0.6858333333333333 0.9718045112781954 0.025 0.041353383458646614
2 0.7041666666666667 0.924812030075188 0.03833333333333333 0.10526315789473684
2 0.7333333333333333 0.9530075187969925 0.02666666666666667 0.07894736842105263
2 0.685 0.8421052631578947 0.02666666666666667 0.06015037593984962
2 0.7208333333333333 0.8458646616541353 0.025 0.09022556390977443
2 0.7441666666666666 0.8928571428571429 0.021666666666666667 0.09398496240601503
2 0.76 0.9586466165413534 0.023333333333333334 0.06015037593984962
2 0.79 0.9530075187969925 0.043333333333333335 0.08646616541353383
2 0.8 0.8515037593984962 0.03 0.07894736842105263
2 0.8325 0.9379699248120301 0.03166666666666667 0.08646616541353383
2 0.8658333333333333 0.9511278195488722 0.03833333333333333 0.07518796992481203
2 0.8975 0.9360902255639098 0.028333333333333332 0.08270676691729323
2 0.9541666666666667 0.956766917293233 0.035 0.06390977443609022
2 0.9616666666666667 0.9041353383458647 0.03666666666666667 0.08646616541353383
2 0.9666666666666667 0.8627819548872181 0.02666666666666667 0.07894736842105263
2 0.9783333333333334 0.8477443609022557 0.03666666666666667 0.10902255639097744
2 0.8358333333333333 0.650375939849624 0.025 0.06766917293233082
2 0.86 0.6616541353383458 0.04 0.09022556390977443
2 0.8741666666666666 0.7011278195488722 0.04833333333333333 0.08646616541353383
2 0.8758333333333334 0.75 0.058333333333333334 0.09398496240601503
