0 0.0876736111111111 0.5950520833333334 0.05381944444444445 0.20052083333333334
0 0.15538194444444445 0.5885416666666666 0.057291666666666664 0.21354166666666666
0 0.23177083333333334 0.5846354166666666 0.057291666666666664 0.21614583333333334
0 0.3836805555555556 0.5872395833333334 0.052083333333333336 0.19010416666666666
0 0.4461805555555556 0.5768229166666666 0.06944444444444445 0.2578125
0 0.5321180555555556 0.5677083333333334 0.07465277777777778 0.2708333333333333
0 0.6128472222222222 0.5677083333333334 0.06944444444444445 0.2552083333333333
0 0.5911458333333334 0.5859375 0.050347222222222224 0.19270833333333334
0 0.6692708333333334 0.5755208333333334 0.05381944444444445 0.203125
0 0.7994791666666666 0.5703125 0.05381944444444445 0.19791666666666666
0 0.8585069444444444 0.5625 0.050347222222222224 0.1875
0 0.9166666666666666 0.5572916666666666 0.05555555555555555 0.203125
0 0.9479166666666666 0.56640625 0.041666666666666664 0.15364583333333334
0 0.9748263888888888 0.5611979166666666 0.050347222222222224 0.19010416666666666
2 0.008680555555555556 0.64453125 0.017361111111111112 0.08072916666666667
2 0.6380208333333334 0.5807291666666666 0.029513888888888888 0.17708333333333334
2 0.8203125 0.6002604166666666 0.012152777777777778 0.11197916666666667
