0 0.06818181818181818 0.5705128205128205 0.13636363636363635 0.8076923076923077
0 0.2009090909090909 0.6121794871794872 0.16545454545454547 0.7115384615384616
0 0.3481818181818182 0.5753205128205128 0.17272727272727273 0.7467948717948718
0 0.47545454545454546 0.6073717948717948 0.15454545454545454 0.6762820512820513
0 0.6254545454545455 0.5737179487179487 0.17454545454545456 0.7628205128205128
0 0.7572727272727273 0.6105769230769231 0.1618181818181818 0.7019230769230769
0 0.9127272727272727 0.5961538461538461 0.1709090909090909 0.7435897435897436
0 0.4172727272727273 0.5112179487179487 0.13636363636363635 0.5865384615384616
0 0.5063636363636363 0.4807692307692308 0.15454545454545454 0.6666666666666666
0 0.28363636363636363 0.3685897435897436 0.09818181818181818 0.4230769230769231
0 0.11 0.3942307692307692 0.12181818181818181 0.5256410256410257
2 0.01818181818181818 0.1233974358974359 0.03272727272727273 0.07371794871794872
2 0.07363636363636364 0.17467948717948717 0.02727272727272727 0.13782051282051283
2 0.15545454545454546 0.21153846153846154 0.04909090909090909 0.2564102564102564
2 0.19818181818181818 0.16346153846153846 0.04363636363636364 0.1346153846153846
2 0.22727272727272727 0.16025641025641027 0.05090909090909091 0.16666666666666666
2 0.31727272727272726 0.1794871794871795 0.034545454545454546 0.08333333333333333
2 0.33454545454545453 0.13942307692307693 0.02909090909090909 0.08012820512820513
2 0.3654545454545455 0.14423076923076922 0.03636363636363636 0.11538461538461539
2 0.3936363636363636 0.15224358974358973 0.02727272727272727 0.060897435897435896
2 0.4090909090909091 0.1971153846153846 0.06545454545454546 0.16346153846153846
2 0.4718181818181818 0.13942307692307693 0.02727272727272727 0.0673076923076923
2 0.47363636363636363 0.09935897435897435 0.016363636363636365 0.03205128205128205
2 0.4863636363636364 0.11698717948717949 0.02 0.04807692307692308
2 0.5636363636363636 0.20352564102564102 0.07636363636363637 0.15064102564102563
2 0.6918181818181818 0.2532051282051282 0.09272727272727273 0.1987179487179487
2 0.6909090909090909 0.18108974358974358 0.07636363636363637 0.15064102564102563
