0 0.179 0.6027190332326284 0.206 0.7583081570996979
0 0.244 0.5861027190332326 0.168 0.6163141993957704
0 0.295 0.5498489425981873 0.122 0.459214501510574
0 0.42 0.5453172205438066 0.1 0.3716012084592145
0 0.514 0.5619335347432024 0.168 0.6283987915407855
0 0.612 0.5589123867069486 0.14 0.513595166163142
0 0.692 0.5649546827794562 0.124 0.459214501510574
0 0.755 0.5181268882175226 0.074 0.27492447129909364
0 0.832 0.5287009063444109 0.068 0.2598187311178248
0 0.956 0.5196374622356495 0.08 0.3021148036253776
0 0.37 0.540785498489426 0.096 0.36253776435045315
0 0.9 0.5075528700906344 0.052 0.19939577039274925
0 0.319 0.48942598187311176 0.05 0.18126888217522658
0 0.866 0.5 0.056 0.2084592145015106
0 0.981 0.49244712990936557 0.038 0.21148036253776434
0 0.81 0.5 0.052 0.1903323262839879
0 0.792 0.5015105740181269 0.048 0.18731117824773413
0 0.777 0.527190332326284 0.07 0.2628398791540785
0 0.087 0.5740181268882175 0.13 0.48942598187311176
2 0.34 0.4199395770392749 0.016 0.04229607250755287
2 0.571 0.39123867069486407 0.014 0.0755287009063444
2 0.71 0.4123867069486405 0.012 0.03927492447129909
2 0.736 0.4108761329305136 0.02 0.02416918429003021
2 0.88 0.4108761329305136 0.016 0.030211480362537766
2 0.548 0.3957703927492447 0.024 0.08459214501510574
