0 0.2 0.6888361045130641 0.11 0.38004750593824227
0 0.035 0.6330166270783848 0.06 0.2161520190023753
0 0.3416666666666667 0.6995249406175772 0.14 0.48693586698337293
0 0.5141666666666667 0.6995249406175772 0.14166666666666666 0.49643705463182897
0 0.7666666666666667 0.6484560570071259 0.09333333333333334 0.32779097387173395
0 0.835 0.7007125890736342 0.13 0.4513064133016627
0 0.14583333333333334 0.6199524940617577 0.07166666666666667 0.25653206650831356
0 0.17583333333333334 0.49524940617577196 0.025 0.09263657957244656
0 0.2633333333333333 0.49643705463182897 0.02666666666666667 0.09501187648456057
0 0.08666666666666667 0.5083135391923991 0.02666666666666667 0.0997624703087886
0 0.045 0.497624703087886 0.02666666666666667 0.09738717339667459
0 0.4216666666666667 0.49524940617577196 0.02666666666666667 0.09263657957244656
0 0.4633333333333333 0.4809976247030879 0.023333333333333334 0.0831353919239905
0 0.5633333333333334 0.48693586698337293 0.02666666666666667 0.09501187648456057
0 0.6025 0.48693586698337293 0.028333333333333332 0.0997624703087886
0 0.6208333333333333 0.4857482185273159 0.028333333333333332 0.09738717339667459
0 0.6283333333333333 0.4916864608076009 0.023333333333333334 0.0855106888361045
0 0.6458333333333334 0.4916864608076009 0.025 0.0855106888361045
0 0.2375 0.49643705463182897 0.028333333333333332 0.0997624703087886
0 0.43833333333333335 0.49287410926365793 0.023333333333333334 0.08788598574821853
2 0.4091666666666667 0.7541567695961995 0.09166666666666666 0.2826603325415677
2 0.9775 0.7755344418052257 0.035 0.27315914489311166
2 0.015 0.4655581947743468 0.02 0.047505938242280284
2 0.1475 0.47268408551068886 0.018333333333333333 0.052256532066508314
2 0.1275 0.49524940617577196 0.015 0.0831353919239905
2 0.16583333333333333 0.4679334916864608 0.015 0.04275534441805225
2 0.2175 0.47268408551068886 0.021666666666666667 0.06175771971496437
2 0.1875 0.5071258907363421 0.025 0.0688836104513064
2 0.30333333333333334 0.4667458432304038 0.02 0.05463182897862233
2 0.3283333333333333 0.4691211401425178 0.02 0.040380047505938245
2 0.2875 0.4584323040380047 0.015 0.04275534441805225
2 0.2775 0.47030878859857483 0.018333333333333333 0.057007125890736345
2 0.36916666666666664 0.47624703087885983 0.015 0.0498812351543943
2 0.38166666666666665 0.47862232779097386 0.016666666666666666 0.06413301662707839
2 0.39 0.497624703087886 0.02 0.1021377672209026
2 0.535 0.4857482185273159 0.016666666666666666 0.08788598574821853
2 0.49333333333333335 0.47149643705463185 0.016666666666666666 0.05938242280285035
2 0.5433333333333333 0.45486935866983375 0.013333333333333334 0.035629453681710214
2 0.6641666666666667 0.4691211401425178 0.021666666666666667 0.06413301662707839
2 0.6775 0.46199524940617576 0.021666666666666667 0.05463182897862233
2 0.7133333333333334 0.45368171021377673 0.02 0.047505938242280284
2 0.7525 0.4489311163895487 0.021666666666666667 0.047505938242280284
2 0.7891666666666667 0.45605700712589076 0.021666666666666667 0.052256532066508314
2 0.8008333333333333 0.45486935866983375 0.011666666666666667 0.026128266033254157
