0 0.17214285714285715 0.552801724137931 0.11571428571428571 0.42887931034482757
0 0.04428571428571428 0.49461206896551724 0.037142857142857144 0.1400862068965517
0 0.22 0.5086206896551724 0.09142857142857143 0.34051724137931033
0 0.8378571428571429 0.4892241379310345 0.10142857142857142 0.3793103448275862
0 0.6964285714285714 0.4816810344827586 0.07857142857142857 0.29094827586206895
0 0.5685714285714286 0.4838362068965517 0.06 0.22629310344827586
0 0.5435714285714286 0.4827586206896552 0.05285714285714286 0.19827586206896552
0 0.4735714285714286 0.4827586206896552 0.041428571428571426 0.15517241379310345
0 0.44357142857142856 0.48060344827586204 0.03571428571428571 0.1336206896551724
0 0.42428571428571427 0.4827586206896552 0.025714285714285714 0.09482758620689655
0 0.4007142857142857 0.47629310344827586 0.027142857142857142 0.10344827586206896
0 0.07571428571428572 0.47844827586206895 0.02857142857142857 0.10775862068965517
0 0.09928571428571428 0.48814655172413796 0.027142857142857142 0.10129310344827586
0 0.935 0.47844827586206895 0.05285714285714286 0.1939655172413793
0 0.5114285714285715 0.47629310344827586 0.02 0.07758620689655173
2 0.014285714285714285 0.4827586206896552 0.02857142857142857 0.09051724137931035
2 0.3271428571428571 0.4956896551724138 0.12 0.2629310344827586
2 0.6235714285714286 0.4795258620689655 0.03857142857142857 0.10560344827586207
2 0.7635714285714286 0.5043103448275862 0.03857142857142857 0.10775862068965517
