0 0.03142857142857143 0.6857142857142857 0.06285714285714286 0.25142857142857145
0 0.13285714285714287 0.6295238095238095 0.06857142857142857 0.22285714285714286
0 0.22071428571428572 0.6114285714285714 0.06428571428571428 0.21333333333333335
0 0.3242857142857143 0.56 0.06285714285714286 0.2057142857142857
0 0.3757142857142857 0.5266666666666666 0.06 0.1961904761904762
0 0.45 0.5019047619047619 0.05714285714285714 0.18857142857142858
0 0.5264285714285715 0.4895238095238095 0.05857142857142857 0.19428571428571428
0 0.665 0.4895238095238095 0.06142857142857143 0.1980952380952381
0 0.7042857142857143 0.5247619047619048 0.05714285714285714 0.19238095238095237
0 0.7335714285714285 0.5447619047619048 0.06428571428571428 0.20952380952380953
0 0.7685714285714286 0.5857142857142857 0.06285714285714286 0.2038095238095238
0 0.8042857142857143 0.6323809523809524 0.06571428571428571 0.22095238095238096
0 0.8364285714285714 0.680952380952381 0.07 0.22666666666666666
0 0.8864285714285715 0.7742857142857142 0.07 0.22666666666666666
2 0.97 0.8257142857142857 0.04857142857142857 0.2723809523809524
