0 0.046875 0.59875 0.03375 0.05583333333333333
0 0.061875 0.6008333333333333 0.02875 0.04666666666666667
0 0.223125 0.5966666666666667 0.02125 0.03666666666666667
0 0.234375 0.5966666666666667 0.02125 0.03666666666666667
0 0.286875 0.59625 0.01875 0.0325
0 0.3425 0.5991666666666666 0.0175 0.03166666666666667
0 0.37625 0.6133333333333333 0.035 0.06
0 0.385625 0.6016666666666667 0.02375 0.041666666666666664
0 0.405625 0.6025 0.02875 0.04666666666666667
0 0.51 0.6091666666666666 0.0275 0.045
0 0.919375 0.6358333333333334 0.04625 0.07833333333333334
0 0.971875 0.6333333333333333 0.05125 0.08333333333333333
0 0.4575 0.5895833333333333 0.015 0.024166666666666666
0 0.444375 0.5866666666666667 0.01625 0.02666666666666667
0 0.514375 0.5833333333333334 0.01125 0.02
0 0.588125 0.5858333333333333 0.00875 0.016666666666666666
0 0.5975 0.5866666666666667 0.0125 0.021666666666666667
0 0.60625 0.5866666666666667 0.0075 0.015
0 0.75375 0.62 0.055 0.09
2 0.625 0.6125 0.0275 0.028333333333333332
2 0.645 0.615 0.015 0.02
2 0.119375 0.5716666666666667 0.00875 0.013333333333333334
2 0.203125 0.5716666666666667 0.01125 0.016666666666666666
2 0.569375 0.5858333333333333 0.01625 0.02
