0 0.41433662280701755 0.6043494152046783 0.12911184210526316 0.4199561403508772
0 0.4836896929824561 0.6266447368421053 0.11430921052631579 0.3717105263157895
0 0.5556469298245614 0.6297514619883041 0.1162280701754386 0.37792397660818716
0 0.6173245614035088 0.6290204678362573 0.1112938596491228 0.36257309941520466
2 0.08758223684210527 0.5127923976608187 0.060032894736842105 0.20906432748538012
2 0.15625 0.5182748538011696 0.06030701754385965 0.19956140350877194
2 0.2147752192982456 0.5232090643274854 0.05674342105263158 0.19042397660818713
2 0.17941337719298245 0.41246345029239767 0.05071271929824561 0.09904970760233918
2 0.24067982456140352 0.4102704678362573 0.046600877192982455 0.08808479532163743
2 0.2593201754385965 0.547514619883041 0.049342105263157895 0.19371345029239767
2 0.3031798245614035 0.5500730994152047 0.048793859649122806 0.1878654970760234
2 0.35759320175438597 0.5423976608187134 0.06387061403508772 0.20394736842105263
2 0.29660087719298245 0.40423976608187134 0.047697368421052634 0.08698830409356725
2 0.34155701754385964 0.4067982456140351 0.047697368421052634 0.08845029239766082
2 0.3985745614035088 0.4110014619883041 0.05866228070175439 0.09320175438596491
2 0.4699835526315789 0.3994883040935672 0.05893640350877193 0.08260233918128655
2 0.5308388157894737 0.43530701754385964 0.06387061403508772 0.1608187134502924
2 0.5874451754385965 0.4365862573099415 0.06195175438596491 0.13121345029239767
2 0.6359649122807017 0.41136695906432746 0.06414473684210527 0.11147660818713451
2 0.6866776315789473 0.5374634502923976 0.07291666666666667 0.241593567251462
2 0.7526041666666666 0.5466008771929824 0.05345394736842105 0.2225877192982456
2 0.7970120614035088 0.5493421052631579 0.05290570175438596 0.21710526315789475
2 0.8333333333333334 0.5451388888888888 0.051535087719298246 0.22551169590643275
2 0.6859923245614035 0.4237938596491228 0.057839912280701754 0.11220760233918128
2 0.7349232456140351 0.43494152046783624 0.054276315789473686 0.13450292397660818
2 0.7798793859649122 0.4418859649122807 0.05537280701754386 0.12207602339181287
2 0.8763706140350878 0.5537280701754386 0.051535087719298246 0.22660818713450293
2 0.9288651315789473 0.5546418128654971 0.055098684210526314 0.22185672514619884
2 0.9490131578947368 0.537828947368421 0.07072368421052631 0.2576754385964912
2 0.8575932017543859 0.4203216374269006 0.060032894736842105 0.12134502923976608
