0 0.91375 0.24581939799331104 0.0425 0.1505016722408027
0 0.84375 0.18394648829431437 0.0375 0.12709030100334448
0 0.80625 0.1605351170568562 0.0425 0.14715719063545152
0 0.71375 0.11036789297658862 0.0325 0.10702341137123746
0 0.66625 0.10702341137123746 0.0375 0.12709030100334448
0 0.3425 0.1454849498327759 0.035 0.12374581939799331
0 0.26375 0.14214046822742474 0.0425 0.13712374581939799
0 0.1075 0.3411371237458194 0.055 0.18729096989966554
0 0.07375 0.4531772575250836 0.0525 0.18394648829431437
0 0.04125 0.7993311036789298 0.0825 0.3076923076923077
0 0.12375 0.6655518394648829 0.0825 0.27424749163879597
0 0.20375 0.7525083612040134 0.0775 0.25418060200668896
0 0.25 0.7993311036789298 0.08 0.2608695652173913
0 0.1875 0.7290969899665551 0.07 0.2408026755852843
0 0.335 0.842809364548495 0.08 0.26755852842809363
0 0.37 0.8695652173913043 0.07 0.2408026755852843
0 0.4075 0.754180602006689 0.075 0.2508361204013378
0 0.47875 0.7274247491638796 0.0825 0.27759197324414714
0 0.555 0.705685618729097 0.07 0.2408026755852843
0 0.6 0.7341137123745819 0.08 0.26421404682274247
0 0.66875 0.7842809364548495 0.0675 0.22408026755852842
0 0.68 0.7341137123745819 0.085 0.2842809364548495
0 0.63875 0.6739130434782609 0.0675 0.22408026755852842
0 0.73125 0.6739130434782609 0.0725 0.24414715719063546
0 0.69375 0.6939799331103679 0.0675 0.23076923076923078
0 0.81125 0.6889632107023411 0.0775 0.2608695652173913
0 0.78 0.6622073578595318 0.07 0.2408026755852843
0 0.87625 0.6638795986622074 0.0775 0.2508361204013378
0 0.95625 0.5167224080267558 0.0625 0.21070234113712374
0 0.91125 0.6153846153846154 0.0675 0.22742474916387959
0 0.84625 0.6036789297658863 0.0625 0.21070234113712374
0 0.8 0.5234113712374582 0.05 0.1705685618729097
0 0.7025 0.34782608695652173 0.045 0.15384615384615385
0 0.40125 0.4782608695652174 0.0475 0.1605351170568562
0 0.48375 0.45484949832775917 0.0475 0.16722408026755853
0 0.455 0.45819397993311034 0.05 0.16722408026755853
0 0.52 0.4414715719063545 0.05 0.1605351170568562
0 0.58875 0.4765886287625418 0.0425 0.1505016722408027
0 0.62 0.43478260869565216 0.05 0.1605351170568562
0 0.56625 0.4397993311036789 0.0425 0.14381270903010032
0 0.2975 0.6989966555183946 0.07 0.23411371237458195
0 0.15 0.5752508361204013 0.055 0.18729096989966554
0 0.16375 0.6187290969899666 0.0675 0.22073578595317725
0 0.85625 0.2625418060200669 0.0325 0.10367892976588629
0 0.255 0.023411371237458192 0.01 0.04013377926421405
0 0.4925 0.6789297658862876 0.08 0.2608695652173913
2 0.0125 0.056856187290969896 0.02 0.033444816053511704
2 0.01375 0.0451505016722408 0.0125 0.016722408026755852
2 0.02625 0.06020066889632107 0.0175 0.033444816053511704
2 0.03625 0.033444816053511704 0.0175 0.033444816053511704
2 0.10375 0.033444816053511704 0.0125 0.033444816053511704
2 0.11625 0.03511705685618729 0.0175 0.023411371237458192
2 0.1375 0.03678929765886288 0.015 0.020066889632107024
2 0.155 0.033444816053511704 0.02 0.033444816053511704
2 0.19 0.028428093645484948 0.015 0.030100334448160536
2 0.20375 0.030100334448160536 0.0125 0.020066889632107024
2 0.215 0.023411371237458192 0.015 0.026755852842809364
2 0.405 0.01839464882943144 0.02 0.030100334448160536
2 0.425 0.020066889632107024 0.01 0.026755852842809364
2 0.43625 0.016722408026755852 0.0125 0.026755852842809364
2 0.50875 0.021739130434782608 0.0225 0.043478260869565216
2 0.52125 0.013377926421404682 0.0125 0.026755852842809364
2 0.54 0.01839464882943144 0.015 0.03678929765886288
2 0.5525 0.020066889632107024 0.01 0.026755852842809364
2 0.56125 0.01839464882943144 0.0075 0.030100334448160536
2 0.68375 0.02508361204013378 0.0175 0.030100334448160536
2 0.7125 0.02508361204013378 0.025 0.030100334448160536
2 0.87625 0.010033444816053512 0.0125 0.020066889632107024
2 0.94625 0.3996655518394649 0.0525 0.07692307692307693
2 0.885 0.4765886287625418 0.03 0.06354515050167224
2 0.92375 0.4882943143812709 0.0375 0.0802675585284281
2 0.265 0.3110367892976589 0.07 0.07357859531772576
2 0.25 0.34448160535117056 0.035 0.06020066889632107
2 0.57875 0.2508361204013378 0.0575 0.08695652173913043
2 0.5625 0.27759197324414714 0.035 0.05351170568561873
2 0.5825 0.30267558528428096 0.04 0.06354515050167224
2 0.615 0.32441471571906355 0.035 0.07357859531772576
2 0.67 0.33612040133779264 0.04 0.06354515050167224
2 0.6675 0.30434782608695654 0.03 0.06020066889632107
2 0.73125 0.3528428093645485 0.0325 0.07023411371237458
2 0.745 0.33444816053511706 0.03 0.06688963210702341
2 0.77375 0.33277591973244147 0.0225 0.07023411371237458
2 0.79125 0.3595317725752508 0.0275 0.043478260869565216
2 0.79625 0.3311036789297659 0.0275 0.05351170568561873
2 0.84125 0.3695652173913043 0.0325 0.056856187290969896
2 0.84125 0.40301003344481606 0.0325 0.056856187290969896
2 0.86 0.42474916387959866 0.03 0.046822742474916385
2 0.85375 0.4498327759197324 0.0225 0.056856187290969896
2 0.79625 0.3996655518394649 0.0325 0.056856187290969896
2 0.78 0.44481605351170567 0.045 0.06688963210702341
2 0.735 0.4397993311036789 0.035 0.07023411371237458
2 0.73 0.41471571906354515 0.025 0.05351170568561873
2 0.67125 0.44481605351170567 0.0325 0.0802675585284281
2 0.68375 0.411371237458194 0.0275 0.06688963210702341
2 0.67125 0.3896321070234114 0.0275 0.056856187290969896
2 0.6475 0.3729096989966555 0.02 0.043478260869565216
2 0.5975 0.35785953177257523 0.035 0.06020066889632107
2 0.57 0.3511705685618729 0.025 0.046822742474916385
2 0.56125 0.3193979933110368 0.0275 0.03678929765886288
2 0.54625 0.3528428093645485 0.0275 0.056856187290969896
2 0.51875 0.31438127090301005 0.0425 0.046822742474916385
2 0.5225 0.34615384615384615 0.035 0.05016722408026756
2 0.49875 0.34782608695652173 0.0275 0.04013377926421405
2 0.48 0.33277591973244147 0.03 0.06354515050167224
2 0.4525 0.3210702341137124 0.04 0.046822742474916385
2 0.45 0.2976588628762542 0.03 0.04013377926421405
2 0.41875 0.3277591973244147 0.0325 0.06020066889632107
2 0.38625 0.3494983277591973 0.0375 0.05016722408026756
2 0.37125 0.3411371237458194 0.0325 0.04013377926421405
2 0.3675 0.39464882943143814 0.035 0.06020066889632107
2 0.425 0.3862876254180602 0.03 0.043478260869565216
2 0.40875 0.39297658862876256 0.0275 0.05016722408026756
2 0.32125 0.3712374581939799 0.0375 0.046822742474916385
2 0.32375 0.34615384615384615 0.0375 0.05016722408026756
2 0.285 0.36789297658862874 0.035 0.046822742474916385
2 0.30125 0.3896321070234114 0.0375 0.043478260869565216
2 0.35375 0.4682274247491639 0.0375 0.0802675585284281
2 0.32 0.4331103678929766 0.035 0.05016722408026756
2 0.35 0.41471571906354515 0.035 0.04013377926421405
2 0.30375 0.4498327759197324 0.0425 0.056856187290969896
2 0.29375 0.4882943143812709 0.0375 0.046822742474916385
2 0.26 0.4665551839464883 0.025 0.043478260869565216
2 0.26875 0.40635451505016723 0.0275 0.05016722408026756
2 0.25875 0.4297658862876254 0.0325 0.056856187290969896
2 0.22625 0.3896321070234114 0.0475 0.07692307692307693
2 0.19375 0.41471571906354515 0.0325 0.07357859531772576
2 0.22 0.4297658862876254 0.03 0.03678929765886288
2 0.1725 0.391304347826087 0.025 0.05351170568561873
2 0.15625 0.4280936454849498 0.0425 0.08695652173913043
2 0.16625 0.45484949832775917 0.0275 0.05351170568561873
2 0.18625 0.4682274247491639 0.0275 0.06688963210702341
2 0.22 0.4983277591973244 0.025 0.04013377926421405
2 0.2425 0.49665551839464883 0.02 0.05016722408026756
2 0.22625 0.46153846153846156 0.0325 0.033444816053511704
2 0.18875 0.5418060200668896 0.0275 0.07357859531772576
2 0.2175 0.5451505016722408 0.035 0.06020066889632107
2 0.26625 0.5551839464882943 0.0275 0.06020066889632107
2 0.3 0.5301003344481605 0.035 0.05016722408026756
2 0.32375 0.5217391304347826 0.0325 0.046822742474916385
2 0.35375 0.520066889632107 0.0425 0.05016722408026756
2 0.37625 0.5334448160535117 0.0275 0.056856187290969896
2 0.36375 0.5652173913043478 0.0275 0.06688963210702341
2 0.3375 0.6070234113712375 0.05 0.05016722408026756
2 0.615 0.5484949832775919 0.04 0.07357859531772576
2 0.66625 0.5150501672240803 0.0475 0.05351170568561873
2 0.70375 0.5167224080267558 0.0625 0.056856187290969896
2 0.6775 0.5535117056856187 0.045 0.056856187290969896
2 0.5525 0.5535117056856187 0.06 0.043478260869565216
2 0.53375 0.48494983277591974 0.0525 0.0802675585284281
2 0.01625 0.6204013377926422 0.0275 0.12374581939799331
2 0.41625 0.1688963210702341 0.0475 0.11705685618729098
2 0.00375 0.030100334448160536 0.0075 0.026755852842809364
