0 0.1025 0.4552238805970149 0.058333333333333334 0.21890547263681592
0 0.16833333333333333 0.4639303482587065 0.056666666666666664 0.2064676616915423
0 0.23333333333333334 0.44776119402985076 0.05 0.1890547263681592
0 0.2975 0.4552238805970149 0.045 0.16417910447761194
0 0.38166666666666665 0.44776119402985076 0.043333333333333335 0.16417910447761194
0 0.35833333333333334 0.4465174129353234 0.043333333333333335 0.16666666666666666
0 0.455 0.4577114427860697 0.043333333333333335 0.15920398009950248
0 0.5241666666666667 0.4577114427860697 0.03833333333333333 0.14427860696517414
0 0.6166666666666667 0.4564676616915423 0.04 0.14676616915422885
0 0.7216666666666667 0.458955223880597 0.04 0.14676616915422885
0 0.805 0.4651741293532338 0.04 0.15422885572139303
0 0.8966666666666666 0.4626865671641791 0.05 0.18407960199004975
2 0.03916666666666667 0.4017412935323383 0.018333333333333333 0.05721393034825871
2 0.06 0.40049751243781095 0.02 0.04477611940298507
2 0.9566666666666667 0.40422885572139305 0.04666666666666667 0.06716417910447761
2 0.9891666666666666 0.3706467661691542 0.018333333333333333 0.06467661691542288
