0 0.40087890625 0.5285087719298246 0.2158203125 0.7909356725146199
0 0.5947265625 0.5328947368421053 0.12890625 0.4692982456140351
0 0.71484375 0.4853801169590643 0.224609375 0.8187134502923976
0 0.8310546875 0.4619883040935672 0.14453125 0.5263157894736842
0 0.96875 0.5007309941520468 0.060546875 0.2236842105263158
0 0.9404296875 0.5080409356725146 0.037109375 0.13596491228070176
0 0.9072265625 0.5131578947368421 0.0546875 0.2046783625730994
0 0.55322265625 0.5467836257309941 0.0458984375 0.16666666666666666
0 0.52001953125 0.543859649122807 0.0419921875 0.15204678362573099
0 0.4912109375 0.4956140350877193 0.06640625 0.24269005847953215
0 0.228515625 0.5628654970760234 0.078125 0.28654970760233917
0 0.18212890625 0.5577485380116959 0.0673828125 0.25
0 0.1513671875 0.5906432748538012 0.04296875 0.15789473684210525
0 0.12548828125 0.6001461988304093 0.0478515625 0.1739766081871345
0 0.0546875 0.5972222222222222 0.048828125 0.1827485380116959
0 0.03076171875 0.597953216374269 0.0458984375 0.16666666666666666
2 0.30908203125 0.48099415204678364 0.0771484375 0.14912280701754385
2 0.2802734375 0.554093567251462 0.025390625 0.049707602339181284
2 0.25537109375 0.5387426900584795 0.0224609375 0.05116959064327485
2 0.2431640625 0.543859649122807 0.0234375 0.16374269005847952
2 0.19580078125 0.6191520467836257 0.0302734375 0.10087719298245613
2 0.99169921875 0.472953216374269 0.0166015625 0.16228070175438597
2 0.88330078125 0.44956140350877194 0.0244140625 0.0804093567251462
2 0.87353515625 0.5043859649122807 0.0830078125 0.3304093567251462
2 0.78759765625 0.5160818713450293 0.0322265625 0.22514619883040934
2 0.666015625 0.5562865497076024 0.037109375 0.17982456140350878
2 0.6513671875 0.5738304093567251 0.0234375 0.1067251461988304
2 0.6025390625 0.6059941520467836 0.03515625 0.0891812865497076
2 0.53564453125 0.5599415204678363 0.0244140625 0.15204678362573099
2 0.1015625 0.6381578947368421 0.01953125 0.03070175438596491
2 0.06005859375 0.6461988304093568 0.0224609375 0.03216374269005848
2 0.12744140625 0.6352339181286549 0.0185546875 0.033625730994152045
2 0.1689453125 0.6359649122807017 0.03125 0.03216374269005848
3 0.23046875 0.9093567251461988 0.37109375 0.08771929824561403
3 0.51220703125 0.8633040935672515 0.4033203125 0.0804093567251462
3 0.9287109375 0.9671052631578947 0.138671875 0.059941520467836254
3 0.67724609375 0.7207602339181286 0.2900390625 0.02631578947368421
3 0.4931640625 0.7580409356725146 0.25390625 0.03654970760233918
3 0.7294921875 0.6937134502923976 0.2265625 0.01023391812865497
3 0.1650390625 0.7134502923976608 0.1171875 0.0029239766081871343
3 0.130859375 0.6966374269005848 0.08984375 0.01023391812865497
