0 0.165 0.51125 0.03666666666666667 0.1375
0 0.25166666666666665 0.5125 0.03666666666666667 0.14
0 0.315 0.51375 0.03666666666666667 0.1375
0 0.33666666666666667 0.5025 0.043333333333333335 0.165
0 0.37416666666666665 0.515 0.03833333333333333 0.145
0 0.3825 0.46875 0.021666666666666667 0.0775
0 0.43083333333333335 0.5175 0.041666666666666664 0.15
0 0.46 0.5175 0.04 0.15
0 0.495 0.5125 0.04 0.15
0 0.4791666666666667 0.4975 0.028333333333333332 0.11
0 0.4816666666666667 0.3675 0.023333333333333334 0.09
0 0.545 0.39 0.016666666666666666 0.07
0 0.5508333333333333 0.51125 0.03833333333333333 0.1475
0 0.5366666666666666 0.52125 0.043333333333333335 0.1675
0 0.5183333333333333 0.515 0.04 0.145
0 0.5683333333333334 0.51125 0.043333333333333335 0.1625
0 0.585 0.51 0.04 0.155
0 0.6091666666666666 0.52125 0.095 0.3475
0 0.895 0.4825 0.19333333333333333 0.71
0 0.7425 0.56 0.165 0.605
0 0.9833333333333333 0.51625 0.03333333333333333 0.1625
0 0.7191666666666666 0.51 0.051666666666666666 0.195
0 0.7066666666666667 0.515 0.03333333333333333 0.13
2 0.4625 0.4275 0.025 0.045
2 0.5866666666666667 0.43 0.02 0.05
2 0.6191666666666666 0.37875 0.015 0.0425
2 0.6408333333333334 0.40125 0.015 0.0575
2 0.6608333333333334 0.4125 0.018333333333333333 0.085
2 0.6775 0.48375 0.025 0.0925
2 0.6466666666666666 0.57375 0.09666666666666666 0.1875
3 0.30833333333333335 0.1025 0.02 0.075
3 0.3441666666666667 0.15625 0.03166666666666667 0.0725
3 0.37083333333333335 0.1625 0.028333333333333332 0.075
3 0.4 0.145 0.02 0.06
3 0.45 0.14125 0.016666666666666666 0.0525
3 0.4825 0.18125 0.025 0.0725
3 0.5183333333333333 0.145 0.02 0.05
3 0.5341666666666667 0.14375 0.011666666666666667 0.0575
3 0.5733333333333334 0.18875 0.03 0.0675
3 0.5608333333333333 0.1875 0.021666666666666667 0.055
3 0.6233333333333333 0.13125 0.02 0.0725
3 0.6741666666666667 0.17125 0.03833333333333333 0.0725
3 0.6875 0.09125 0.03166666666666667 0.0525
3 0.7183333333333334 0.1325 0.013333333333333334 0.045
