0 0.7881205673758865 0.8306666666666667 0.047872340425531915 0.184
0 0.8803191489361702 0.812 0.047872340425531915 0.17333333333333334
0 0.9193262411347518 0.792 0.040780141843971635 0.14933333333333335
0 0.9512411347517731 0.6666666666666666 0.030141843971631204 0.11733333333333333
0 0.9654255319148937 0.6666666666666666 0.03368794326241135 0.13333333333333333
0 0.9326241134751773 0.6853333333333333 0.028368794326241134 0.10666666666666667
0 0.9131205673758865 0.696 0.024822695035460994 0.10133333333333333
0 0.8377659574468085 0.768 0.03723404255319149 0.13866666666666666
0 0.8546099290780141 0.7506666666666667 0.03546099290780142 0.13066666666666665
0 0.8164893617021277 0.6813333333333333 0.03723404255319149 0.136
0 0.8023049645390071 0.6733333333333333 0.02304964539007092 0.088
0 0.7703900709219859 0.6533333333333333 0.03368794326241135 0.12266666666666666
0 0.6560283687943262 0.7533333333333333 0.031914893617021274 0.11466666666666667
0 0.7198581560283688 0.6133333333333333 0.010638297872340425 0.037333333333333336
0 0.976063829787234 0.5586666666666666 0.01950354609929078 0.072
0 0.9574468085106383 0.5693333333333334 0.014184397163120567 0.056
0 0.9379432624113475 0.5666666666666667 0.02127659574468085 0.07733333333333334
0 0.648936170212766 0.49466666666666664 0.014184397163120567 0.050666666666666665
0 0.598404255319149 0.6173333333333333 0.026595744680851064 0.09866666666666667
0 0.5718085106382979 0.5706666666666667 0.01950354609929078 0.08
0 0.5567375886524822 0.556 0.02127659574468085 0.07733333333333334
0 0.5079787234042553 0.608 0.026595744680851064 0.096
0 0.5186170212765957 0.5746666666666667 0.02304964539007092 0.08266666666666667
0 0.48226950354609927 0.552 0.01773049645390071 0.07466666666666667
0 0.4299645390070922 0.6626666666666666 0.030141843971631204 0.12
0 0.4237588652482269 0.596 0.02127659574468085 0.088
0 0.4157801418439716 0.5693333333333334 0.02304964539007092 0.08266666666666667
0 0.3475177304964539 0.5893333333333334 0.024822695035460994 0.10133333333333333
0 0.3342198581560284 0.5653333333333334 0.02304964539007092 0.08533333333333333
0 0.2845744680851064 0.676 0.030141843971631204 0.12
0 0.2783687943262411 0.548 0.01773049645390071 0.072
0 0.23049645390070922 0.5666666666666667 0.02127659574468085 0.08266666666666667
0 0.19060283687943264 0.636 0.030141843971631204 0.11466666666666667
0 0.20212765957446807 0.6026666666666667 0.024822695035460994 0.09066666666666667
0 0.16046099290780141 0.68 0.026595744680851064 0.096
0 0.0398936170212766 0.564 0.015957446808510637 0.06666666666666667
0 0.15691489361702127 0.44533333333333336 0.015957446808510637 0.058666666666666666
0 0.14716312056737588 0.45066666666666666 0.014184397163120567 0.058666666666666666
0 0.4095744680851064 0.452 0.01773049645390071 0.06666666666666667
0 0.4308510638297872 0.44666666666666666 0.010638297872340425 0.04533333333333334
0 0.4423758865248227 0.4533333333333333 0.008865248226950355 0.037333333333333336
0 0.8679078014184397 0.6306666666666667 0.02304964539007092 0.09333333333333334
0 0.975177304964539 0.44266666666666665 0.0070921985815602835 0.032
2 0.6294326241134752 0.9333333333333333 0.08865248226950355 0.128
2 0.7101063829787234 0.9093333333333333 0.0797872340425532 0.16
2 0.5540780141843972 0.976 0.040780141843971635 0.042666666666666665
2 0.41312056737588654 0.9453333333333334 0.03900709219858156 0.072
2 0.399822695035461 0.9413333333333334 0.06914893617021277 0.10133333333333333
2 0.3333333333333333 0.944 0.0673758865248227 0.10666666666666667
2 0.9858156028368794 0.8066666666666666 0.024822695035460994 0.088
2 0.7136524822695035 0.676 0.02304964539007092 0.06133333333333333
2 0.7225177304964538 0.6666666666666666 0.02304964539007092 0.06933333333333333
2 0.7331560283687943 0.656 0.01950354609929078 0.058666666666666666
2 0.7180851063829787 0.5666666666666667 0.010638297872340425 0.029333333333333333
2 0.7287234042553191 0.5786666666666667 0.010638297872340425 0.037333333333333336
2 0.6932624113475178 0.696 0.024822695035460994 0.07466666666666667
2 0.6781914893617021 0.7 0.026595744680851064 0.07733333333333334
2 0.6648936170212766 0.7 0.02127659574468085 0.050666666666666665
2 0.6418439716312057 0.7133333333333334 0.02127659574468085 0.06133333333333333
2 0.6108156028368794 0.7306666666666667 0.03368794326241135 0.08533333333333333
2 0.5709219858156028 0.7373333333333333 0.0425531914893617 0.09333333333333334
2 0.5141843971631206 0.7533333333333333 0.03900709219858156 0.088
2 0.43617021276595747 0.7613333333333333 0.0425531914893617 0.10933333333333334
2 0.399822695035461 0.7693333333333333 0.051418439716312055 0.10933333333333334
2 0.2721631205673759 0.772 0.0549645390070922 0.09866666666666667
2 0.21365248226950354 0.748 0.040780141843971635 0.09866666666666667
2 0.15070921985815602 0.732 0.0425531914893617 0.104
2 0.11790780141843972 0.732 0.044326241134751775 0.104
2 0.08421985815602837 0.7186666666666667 0.03723404255319149 0.088
2 0.04609929078014184 0.716 0.04609929078014184 0.09333333333333334
2 0.012411347517730497 0.536 0.014184397163120567 0.05333333333333334
2 0.044326241134751775 0.528 0.024822695035460994 0.048
2 0.06028368794326241 0.5253333333333333 0.02127659574468085 0.042666666666666665
2 0.1374113475177305 0.5026666666666667 0.01950354609929078 0.04533333333333334
2 0.125 0.5706666666666667 0.030141843971631204 0.058666666666666666
2 0.1400709219858156 0.5666666666666667 0.014184397163120567 0.050666666666666665
2 0.1524822695035461 0.5613333333333334 0.02127659574468085 0.050666666666666665
2 0.057624113475177305 0.6013333333333334 0.012411347517730497 0.029333333333333333
2 0.05319148936170213 0.6266666666666667 0.01773049645390071 0.021333333333333333
2 0.07624113475177305 0.6066666666666667 0.010638297872340425 0.04
2 0.3102836879432624 0.5133333333333333 0.02127659574468085 0.04533333333333334
2 0.2969858156028369 0.5253333333333333 0.015957446808510637 0.042666666666666665
2 0.3262411347517731 0.52 0.01773049645390071 0.05333333333333334
2 0.29521276595744683 0.484 0.015957446808510637 0.04
2 0.274822695035461 0.48933333333333334 0.01773049645390071 0.029333333333333333
2 0.30939716312056736 0.47733333333333333 0.012411347517730497 0.032
2 0.2783687943262411 0.43066666666666664 0.02127659574468085 0.04533333333333334
2 0.2579787234042553 0.43066666666666664 0.01950354609929078 0.04
2 0.24379432624113476 0.43066666666666664 0.015957446808510637 0.034666666666666665
2 0.2225177304964539 0.44266666666666665 0.015957446808510637 0.037333333333333336
2 0.2074468085106383 0.444 0.01773049645390071 0.029333333333333333
2 0.19148936170212766 0.44 0.01773049645390071 0.02666666666666667
2 0.1950354609929078 0.4226666666666667 0.010638297872340425 0.029333333333333333
2 0.17907801418439717 0.44133333333333336 0.014184397163120567 0.029333333333333333
2 0.10815602836879433 0.45066666666666666 0.010638297872340425 0.032
2 0.13297872340425532 0.44266666666666665 0.010638297872340425 0.032
2 0.9166666666666666 0.5466666666666666 0.010638297872340425 0.02666666666666667
2 0.9104609929078015 0.536 0.012411347517730497 0.037333333333333336
2 0.9140070921985816 0.5973333333333334 0.02304964539007092 0.058666666666666666
2 0.9911347517730497 0.548 0.014184397163120567 0.04
2 0.9920212765957447 0.5786666666666667 0.008865248226950355 0.037333333333333336
2 0.9875886524822695 0.52 0.014184397163120567 0.042666666666666665
2 0.9796099290780141 0.484 0.015957446808510637 0.04
2 0.9273049645390071 0.49466666666666664 0.014184397163120567 0.029333333333333333
2 0.8643617021276596 0.5186666666666667 0.02304964539007092 0.029333333333333333
2 0.849290780141844 0.528 0.01773049645390071 0.032
2 0.8226950354609929 0.52 0.01773049645390071 0.037333333333333336
2 0.8324468085106383 0.5293333333333333 0.015957446808510637 0.034666666666666665
2 0.8138297872340425 0.5533333333333333 0.014184397163120567 0.04533333333333334
2 0.7952127659574468 0.556 0.012411347517730497 0.04533333333333334
2 0.7845744680851063 0.5493333333333333 0.012411347517730497 0.05333333333333334
2 0.7659574468085106 0.5533333333333333 0.014184397163120567 0.056
2 0.7579787234042553 0.54 0.012411347517730497 0.04
2 0.7473404255319149 0.5293333333333333 0.015957446808510637 0.050666666666666665
2 0.7313829787234043 0.524 0.008865248226950355 0.04
2 0.7198581560283688 0.516 0.01773049645390071 0.034666666666666665
2 0.7083333333333334 0.5146666666666667 0.015957446808510637 0.048
2 0.7012411347517731 0.4573333333333333 0.015957446808510637 0.029333333333333333
2 0.6773049645390071 0.45466666666666666 0.014184397163120567 0.04
2 0.8014184397163121 0.472 0.01773049645390071 0.037333333333333336
2 0.8173758865248227 0.4706666666666667 0.014184397163120567 0.029333333333333333
2 0.8838652482269503 0.6213333333333333 0.012411347517730497 0.05333333333333334
2 0.8617021276595744 0.5973333333333334 0.014184397163120567 0.048
2 0.8359929078014184 0.588 0.015957446808510637 0.056
2 0.5381205673758865 0.5146666666666667 0.012411347517730497 0.048
2 0.5212765957446809 0.52 0.01773049645390071 0.042666666666666665
2 0.500886524822695 0.5133333333333333 0.012411347517730497 0.034666666666666665
2 0.4875886524822695 0.5013333333333333 0.010638297872340425 0.021333333333333333
2 0.45478723404255317 0.5026666666666667 0.015957446808510637 0.04533333333333334
2 0.4441489361702128 0.5066666666666667 0.02304964539007092 0.042666666666666665
2 0.4583333333333333 0.464 0.012411347517730497 0.021333333333333333
2 0.475177304964539 0.4693333333333333 0.0070921985815602835 0.016
2 0.6595744680851063 0.5466666666666666 0.02127659574468085 0.048
2 0.6471631205673759 0.544 0.010638297872340425 0.058666666666666666
2 0.6356382978723404 0.54 0.012411347517730497 0.04
2 0.6223404255319149 0.5253333333333333 0.0070921985815602835 0.02666666666666667
2 0.6054964539007093 0.52 0.012411347517730497 0.037333333333333336
2 0.5895390070921985 0.4866666666666667 0.012411347517730497 0.024
2 0.6037234042553191 0.48933333333333334 0.015957446808510637 0.024
2 0.6400709219858156 0.49066666666666664 0.014184397163120567 0.037333333333333336
2 0.6693262411347518 0.48933333333333334 0.012411347517730497 0.029333333333333333
2 0.6773049645390071 0.5106666666666667 0.010638297872340425 0.034666666666666665
2 0.6852836879432624 0.49466666666666664 0.012411347517730497 0.04
2 0.6950354609929078 0.5146666666666667 0.014184397163120567 0.058666666666666666
4 0.499113475177305 0.52 0.9946808510638298 0.25066666666666665
4 0.057624113475177305 0.636 0.06560283687943262 0.06133333333333333
