0 0.05588235294117647 0.4462457337883959 0.11176470588235295 0.5648464163822525
0 0.06294117647058824 0.431740614334471 0.12588235294117647 0.45051194539249145
0 0.09 0.4453924914675768 0.10705882352941176 0.378839590443686
0 0.15588235294117647 0.4684300341296928 0.16588235294117648 0.5921501706484642
0 0.2823529411764706 0.5597269624573379 0.18823529411764706 0.6689419795221843
0 0.3423529411764706 0.5307167235494881 0.13647058823529412 0.48464163822525597
0 0.37411764705882355 0.4812286689419795 0.1223529411764706 0.43686006825938567
0 0.44176470588235295 0.5068259385665529 0.14705882352941177 0.5221843003412969
0 0.4647058823529412 0.5059726962457338 0.11764705882352941 0.41467576791808874
0 0.5070588235294118 0.5008532423208191 0.10823529411764705 0.3873720136518771
0 0.5658823529411765 0.49402730375426623 0.1388235294117647 0.49658703071672355
0 0.5970588235294118 0.5 0.1188235294117647 0.4197952218430034
0 0.6729411764705883 0.46245733788395904 0.15294117647058825 0.5426621160409556
0 0.7529411764705882 0.5622866894197952 0.16 0.5716723549488054
0 0.9294117647058824 0.4803754266211604 0.1411764705882353 0.5819112627986348
0 0.89 0.4991467576791809 0.11647058823529412 0.4180887372013652
0 0.908235294117647 0.45307167235494883 0.11294117647058824 0.40102389078498296
0 0.851764705882353 0.49573378839590443 0.11058823529411765 0.39078498293515357
0 0.7970588235294118 0.4872013651877133 0.12823529411764706 0.45563139931740615
2 0.17647058823529413 0.3302047781569966 0.0611764705882353 0.1621160409556314
2 0.2664705882352941 0.28498293515358364 0.10705882352941176 0.22525597269624573
2 0.7694117647058824 0.30887372013651876 0.03058823529411765 0.08873720136518772
2 0.7405882352941177 0.5136518771331058 0.05764705882352941 0.43686006825938567
2 0.6823529411764706 0.6271331058020477 0.04470588235294118 0.1962457337883959
2 0.8211764705882353 0.2986348122866894 0.02588235294117647 0.05460750853242321
2 0.8505882352941176 0.302901023890785 0.02588235294117647 0.059726962457337884
2 0.9347058823529412 0.3216723549488055 0.03882352941176471 0.11092150170648464
2 0.9770588235294118 0.20819112627986347 0.04352941176470588 0.11945392491467577
2 0.9852941176470589 0.7465870307167235 0.029411764705882353 0.09044368600682594
2 0.9841176470588235 0.8831058020477816 0.027058823529411764 0.2167235494880546
