0 0.03942307692307692 0.6102564102564103 0.07884615384615384 0.28205128205128205
0 0.125 0.5743589743589743 0.06538461538461539 0.21025641025641026
0 0.35 0.5551282051282052 0.057692307692307696 0.19230769230769232
0 0.40576923076923077 0.5807692307692308 0.07692307692307693 0.258974358974359
0 0.6067307692307692 0.5384615384615384 0.05576923076923077 0.18461538461538463
0 0.7826923076923077 0.6102564102564103 0.16153846153846155 0.5333333333333333
0 0.8663461538461539 0.5282051282051282 0.05961538461538462 0.19487179487179487
0 0.9221153846153847 0.532051282051282 0.08269230769230769 0.2743589743589744
0 0.48846153846153845 0.4564102564102564 0.015384615384615385 0.05641025641025641
0 0.3019230769230769 0.44358974358974357 0.03461538461538462 0.11282051282051282
2 0.0057692307692307696 0.541025641025641 0.007692307692307693 0.13846153846153847
2 0.0625 0.4897435897435897 0.028846153846153848 0.06666666666666667
2 0.1 0.48717948717948717 0.026923076923076925 0.05641025641025641
2 0.11346153846153846 0.4666666666666667 0.019230769230769232 0.06153846153846154
2 0.12788461538461537 0.4807692307692308 0.028846153846153848 0.04871794871794872
2 0.17307692307692307 0.44871794871794873 0.019230769230769232 0.046153846153846156
2 0.19038461538461537 0.4666666666666667 0.03076923076923077 0.07179487179487179
2 0.18173076923076922 0.5217948717948718 0.04423076923076923 0.09487179487179487
2 0.23076923076923078 0.5064102564102564 0.038461538461538464 0.11538461538461539
2 0.22115384615384615 0.441025641025641 0.03076923076923077 0.06666666666666667
2 0.31634615384615383 0.4653846153846154 0.028846153846153848 0.05384615384615385
2 0.3451923076923077 0.4423076923076923 0.021153846153846155 0.05897435897435897
2 0.3557692307692308 0.43974358974358974 0.023076923076923078 0.04871794871794872
2 0.38076923076923075 0.46153846153846156 0.023076923076923078 0.06153846153846154
2 0.3769230769230769 0.39615384615384613 0.03461538461538462 0.05897435897435897
2 0.4269230769230769 0.46794871794871795 0.04230769230769231 0.08461538461538462
2 0.5230769230769231 0.46153846153846156 0.03076923076923077 0.06153846153846154
2 0.5365384615384615 0.46923076923076923 0.015384615384615385 0.041025641025641026
2 0.5451923076923076 0.46794871794871795 0.01730769230769231 0.04358974358974359
2 0.8461538461538461 0.4371794871794872 0.03076923076923077 0.06923076923076923
2 0.9730769230769231 0.4282051282051282 0.026923076923076925 0.08717948717948718
2 0.9913461538461539 0.44743589743589746 0.013461538461538462 0.07435897435897436
