0 0.03125 0.5734375 0.0625 0.303125
0 0.10833333333333334 0.5421875 0.058333333333333334 0.221875
0 0.175 0.5375 0.058333333333333334 0.225
0 0.228125 0.5328125 0.06041666666666667 0.228125
0 0.29583333333333334 0.528125 0.0625 0.23125
0 0.371875 0.5140625 0.05625 0.203125
0 0.4583333333333333 0.6109375 0.1625 0.603125
0 0.5333333333333333 0.5203125 0.075 0.271875
0 0.603125 0.51875 0.07291666666666667 0.275
0 0.6791666666666667 0.5203125 0.09166666666666666 0.334375
0 0.7302083333333333 0.5359375 0.08125 0.303125
0 0.7635416666666667 0.5640625 0.10208333333333333 0.371875
0 0.7958333333333333 0.55625 0.08333333333333333 0.30625
0 0.86875 0.5828125 0.12916666666666668 0.478125
0 0.90625 0.5703125 0.1125 0.421875
2 0.9770833333333333 0.6703125 0.041666666666666664 0.615625
2 0.49166666666666664 0.634375 0.04583333333333333 0.1125
2 0.008333333333333333 0.8546875 0.016666666666666666 0.034375
