0 0.975 0.634009009009009 0.05 0.21846846846846846
0 0.9691666666666666 0.6272522522522522 0.058333333333333334 0.20045045045045046
0 0.9516666666666667 0.6261261261261262 0.06 0.20270270270270271
0 0.9258333333333333 0.6227477477477478 0.055 0.18243243243243243
0 0.895 0.6306306306306306 0.05333333333333334 0.17567567567567569
0 0.8583333333333333 0.6283783783783784 0.05333333333333334 0.18018018018018017
0 0.8341666666666666 0.6238738738738738 0.051666666666666666 0.17567567567567569
0 0.8091666666666667 0.6272522522522522 0.051666666666666666 0.16891891891891891
0 0.7666666666666667 0.6272522522522522 0.04666666666666667 0.1554054054054054
0 0.7233333333333334 0.6272522522522522 0.05 0.16441441441441443
0 0.6916666666666667 0.6204954954954955 0.05 0.16441441441441443
0 0.6466666666666666 0.6171171171171171 0.04666666666666667 0.15315315315315314
0 0.6616666666666666 0.6216216216216216 0.043333333333333335 0.14864864864864866
0 0.6233333333333333 0.6193693693693694 0.043333333333333335 0.14864864864864866
0 0.5858333333333333 0.6283783783783784 0.03833333333333333 0.13063063063063063
0 0.6025 0.6126126126126126 0.03833333333333333 0.13063063063063063
0 0.5616666666666666 0.6193693693693694 0.043333333333333335 0.14864864864864866
0 0.4166666666666667 0.6227477477477478 0.05333333333333334 0.17792792792792791
0 0.38916666666666666 0.615990990990991 0.051666666666666666 0.16891891891891891
0 0.3375 0.6227477477477478 0.03166666666666667 0.11036036036036036
0 0.18 0.6644144144144144 0.023333333333333334 0.07657657657657657
2 0.785 0.615990990990991 0.02 0.12387387387387387
2 0.31666666666666665 0.6475225225225225 0.03 0.05630630630630631
2 0.295 0.6430180180180181 0.04 0.07882882882882883
2 0.26166666666666666 0.6385135135135135 0.04 0.07432432432432433
2 0.23333333333333334 0.6362612612612613 0.023333333333333334 0.05630630630630631
2 0.21166666666666667 0.6475225225225225 0.03333333333333333 0.07882882882882883
2 0.2025 0.6148648648648649 0.018333333333333333 0.02252252252252252
2 0.14916666666666667 0.6407657657657657 0.03166666666666667 0.07432432432432433
2 0.13583333333333333 0.6002252252252253 0.028333333333333332 0.0518018018018018
2 0.09416666666666666 0.6103603603603603 0.028333333333333332 0.036036036036036036
2 0.10166666666666667 0.6599099099099099 0.03333333333333333 0.1036036036036036
2 0.07166666666666667 0.6644144144144144 0.03666666666666667 0.11261261261261261
2 0.03666666666666667 0.6576576576576577 0.04 0.11711711711711711
2 0.008333333333333333 0.6373873873873874 0.016666666666666666 0.04954954954954955
2 0.9925 0.6317567567567568 0.008333333333333333 0.24549549549549549
