0 0.855 0.8018018018018018 0.058 0.2222222222222222
0 0.908 0.7237237237237237 0.048 0.18618618618618618
0 0.769 0.7087087087087087 0.05 0.18018018018018017
0 0.737 0.6276276276276276 0.034 0.13213213213213212
0 0.823 0.6336336336336337 0.034 0.13213213213213212
0 0.805 0.5495495495495496 0.022 0.09009009009009009
0 0.844 0.5780780780780781 0.024 0.09309309309309309
0 0.887 0.5735735735735735 0.026 0.1021021021021021
0 0.975 0.6186186186186187 0.03 0.11411411411411411
0 0.959 0.5825825825825826 0.022 0.09009009009009009
0 0.941 0.5345345345345346 0.018 0.07207207207207207
0 0.982 0.5525525525525525 0.024 0.09009009009009009
0 0.775 0.5315315315315315 0.022 0.07807807807807808
0 0.68 0.5615615615615616 0.024 0.0960960960960961
0 0.648 0.7822822822822822 0.056 0.2132132132132132
0 0.662 0.6996996996996997 0.048 0.18618618618618618
0 0.629 0.6261261261261262 0.034 0.12312312312312312
0 0.563 0.6936936936936937 0.042 0.16216216216216217
0 0.522 0.7627627627627628 0.056 0.21021021021021022
0 0.452 0.6876876876876877 0.048 0.17417417417417416
0 0.415 0.7612612612612613 0.054 0.2012012012012012
0 0.286 0.7462462462462462 0.06 0.22522522522522523
0 0.189 0.7372372372372372 0.054 0.2072072072072072
0 0.219 0.6651651651651652 0.042 0.15915915915915915
0 0.264 0.5900900900900901 0.032 0.12312312312312312
0 0.288 0.5780780780780781 0.028 0.1111111111111111
0 0.361 0.5765765765765766 0.03 0.12012012012012012
0 0.4 0.5870870870870871 0.024 0.0990990990990991
0 0.362 0.5105105105105106 0.016 0.06006006006006006
0 0.327 0.5225225225225225 0.022 0.08408408408408409
0 0.376 0.5 0.016 0.06306306306306306
0 0.396 0.515015015015015 0.016 0.06906906906906907
0 0.522 0.5315315315315315 0.02 0.07807807807807808
0 0.196 0.5555555555555556 0.02 0.08408408408408409
0 0.148 0.5645645645645646 0.032 0.12612612612612611
0 0.112 0.5675675675675675 0.028 0.1021021021021021
0 0.093 0.6591591591591591 0.042 0.15915915915915915
0 0.053 0.7252252252252253 0.054 0.2012012012012012
0 0.056 0.5570570570570571 0.028 0.1111111111111111
0 0.008 0.5570570570570571 0.016 0.10510510510510511
0 0.019 0.5015015015015015 0.018 0.07207207207207207
0 0.045 0.509009009009009 0.018 0.06906906906906907
0 0.091 0.5045045045045045 0.022 0.07807807807807808
0 0.141 0.512012012012012 0.022 0.08108108108108109
0 0.128 0.493993993993994 0.016 0.06906906906906907
0 0.494 0.5180180180180181 0.02 0.07507507507507508
0 0.456 0.5540540540540541 0.028 0.10510510510510511
0 0.479 0.6231231231231231 0.038 0.14114114114114115
0 0.52 0.4189189189189189 0.012 0.04504504504504504
0 0.603 0.5375375375375375 0.022 0.09009009009009009
0 0.223 0.5180180180180181 0.022 0.08108108108108109
0 0.211 0.4954954954954955 0.018 0.07207207207207207
0 0.17 0.4924924924924925 0.02 0.07207207207207207
0 0.529 0.5870870870870871 0.026 0.0990990990990991
2 0.988 0.7882882882882883 0.02 0.35135135135135137
2 0.85 0.503003003003003 0.02 0.05105105105105105
2 0.822 0.5045045045045045 0.016 0.04804804804804805
2 0.82 0.4174174174174174 0.012 0.024024024024024024
2 0.805 0.4174174174174174 0.018 0.03003003003003003
2 0.907 0.4339339339339339 0.01 0.03303303303303303
2 0.928 0.44894894894894893 0.012 0.02702702702702703
2 0.962 0.481981981981982 0.02 0.03903903903903904
2 0.937 0.47147147147147145 0.018 0.03003003003003003
2 0.584 0.46396396396396394 0.016 0.02702702702702703
2 0.537 0.527027027027027 0.018 0.06906906906906907
2 0.098 0.45495495495495497 0.016 0.03903903903903904
2 0.111 0.44294294294294295 0.01 0.03303303303303303
2 0.169 0.39039039039039036 0.014 0.024024024024024024
2 0.188 0.39039039039039036 0.008 0.024024024024024024
2 0.196 0.3948948948948949 0.008 0.02702702702702703
2 0.246 0.3933933933933934 0.008 0.024024024024024024
2 0.298 0.4069069069069069 0.008 0.03303303303303303
2 0.049 0.44144144144144143 0.014 0.024024024024024024
3 0.04 0.8438438438438438 0.076 0.06006006006006006
3 0.15 0.8513513513513513 0.076 0.03303303303303303
3 0.255 0.8663663663663663 0.082 0.05105105105105105
3 0.381 0.8858858858858859 0.058 0.05405405405405406
3 0.48 0.8948948948948949 0.068 0.06006006006006006
3 0.628 0.9114114114114115 0.084 0.04504504504504504
3 0.844 0.9264264264264265 0.1 0.07507507507507508
3 0.755 0.8228228228228228 0.062 0.05405405405405406
3 0.892 0.8288288288288288 0.052 0.04804804804804805
3 0.967 0.8468468468468469 0.046 0.036036036036036036
3 0.632 0.8003003003003003 0.06 0.03303303303303303
3 0.53 0.7972972972972973 0.088 0.02702702702702703
3 0.421 0.7822822822822822 0.102 0.02702702702702703
3 0.615 0.6921921921921922 0.046 0.02702702702702703
3 0.724 0.7072072072072072 0.056 0.02702702702702703
3 0.961 0.6906906906906907 0.05 0.024024024024024024
3 0.814 0.7012012012012012 0.04 0.03303303303303303
3 0.977 0.954954954954955 0.042 0.042042042042042045
4 0.5 0.43993993993993996 0.988 0.2012012012012012
