0 0.1681640625 0.5370911214953271 0.074609375 0.2739485981308411
0 0.2666015625 0.5557827102803738 0.083203125 0.30315420560747663
0 0.3533203125 0.5257009345794392 0.066796875 0.24532710280373832
0 0.3794921875 0.5852803738317757 0.097265625 0.35630841121495327
0 0.529296875 0.6337616822429907 0.1171875 0.4287383177570093
0 0.4560546875 0.541179906542056 0.080859375 0.29614485981308414
0 0.5904296875 0.5607476635514018 0.094921875 0.34813084112149534
0 0.65859375 0.5216121495327103 0.07734375 0.28154205607476634
0 0.730078125 0.5064252336448598 0.06484375 0.23598130841121495
0 0.762890625 0.5981308411214953 0.10703125 0.3925233644859813
0 0.7861328125 0.5397196261682243 0.083984375 0.3072429906542056
0 0.843359375 0.5274532710280374 0.0671875 0.24649532710280375
0 0.8916015625 0.5023364485981309 0.056640625 0.20677570093457945
0 0.9556640625 0.5794392523364486 0.088671875 0.3726635514018692
0 0.9716796875 0.5327102803738317 0.056640625 0.2827102803738318
2 0.54140625 0.4264018691588785 0.046875 0.09345794392523364
2 0.9505859375 0.4085864485981308 0.017578125 0.04731308411214953
2 0.9396484375 0.3983644859813084 0.015234375 0.035046728971962614
2 0.9267578125 0.39369158878504673 0.014453125 0.02453271028037383
2 0.9208984375 0.41063084112149534 0.018359375 0.037383177570093455
2 0.8978515625 0.4077102803738318 0.018359375 0.04322429906542056
2 0.865234375 0.40917056074766356 0.00859375 0.04731308411214953
2 0.872265625 0.410338785046729 0.015625 0.0566588785046729
2 0.8263671875 0.4150116822429907 0.021484375 0.05081775700934579
3 0.3591796875 0.33031542056074764 0.050390625 0.10689252336448599
3 0.2146484375 0.5067172897196262 0.429296875 0.1022196261682243
3 0.5021484375 0.48218457943925236 0.036328125 0.04147196261682243
3 0.6345703125 0.5040887850467289 0.037890625 0.07009345794392523
3 0.711328125 0.509929906542056 0.04453125 0.0852803738317757
3 0.34140625 0.6495327102803738 0.321875 0.04789719626168224
3 0.42890625 0.686623831775701 0.296875 0.04614485981308411
3 0.558984375 0.7356892523364486 0.39453125 0.08586448598130841
3 0.6732421875 0.6252920560747663 0.121484375 0.013434579439252336
3 0.66796875 0.6635514018691588 0.1265625 0.03271028037383177
3 0.7271484375 0.8031542056074766 0.475390625 0.13317757009345793
3 0.8728515625 0.6869158878504673 0.153515625 0.04439252336448598
3 0.8755859375 0.6425233644859814 0.145703125 0.02336448598130841
3 0.839453125 0.6121495327102804 0.06640625 0.02102803738317757
3 0.9224609375 0.6060163551401869 0.033203125 0.014602803738317757
