0 0.4205357142857143 0.5539083557951483 0.22321428571428573 0.8221024258760108
0 0.69375 0.5121293800539084 0.2125 0.7870619946091644
0 0.5607142857142857 0.4380053908355795 0.16071428571428573 0.601078167115903
0 0.24553571428571427 0.44339622641509435 0.1625 0.601078167115903
0 0.04642857142857143 0.33692722371967654 0.09285714285714286 0.40431266846361186
0 0.6214285714285714 0.3463611859838275 0.11071428571428571 0.4123989218328841
0 0.7892857142857143 0.31266846361185985 0.09285714285714286 0.3504043126684636
0 0.8821428571428571 0.25471698113207547 0.04642857142857143 0.18059299191374664
0 0.9607142857142857 0.25336927223719674 0.05 0.18328840970350405
0 0.9392857142857143 0.25471698113207547 0.04642857142857143 0.16981132075471697
0 0.9035714285714286 0.25067385444743934 0.04642857142857143 0.1725067385444744
0 0.9794642857142857 0.25067385444743934 0.04107142857142857 0.16711590296495957
0 0.9160714285714285 0.25067385444743934 0.04285714285714286 0.16711590296495957
0 0.81875 0.24797843665768193 0.044642857142857144 0.16711590296495957
2 0.3392857142857143 0.19002695417789758 0.075 0.16981132075471697
2 0.1455357142857143 0.19946091644204852 0.08035714285714286 0.1509433962264151
2 0.23035714285714284 0.20350404312668463 0.075 0.11590296495956873
2 0.7401785714285715 0.1940700808625337 0.06964285714285715 0.1778975741239892
2 0.85625 0.29380053908355797 0.026785714285714284 0.12398921832884097
2 0.8401785714285714 0.192722371967655 0.019642857142857142 0.04582210242587601
2 0.8330357142857143 0.15768194070080863 0.01607142857142857 0.03504043126684636
2 0.8660714285714286 0.1752021563342318 0.017857142857142856 0.03773584905660377
2 0.49642857142857144 0.1967654986522911 0.02142857142857143 0.04851752021563342
2 0.4544642857142857 0.18598382749326145 0.030357142857142857 0.09164420485175202
2 0.4660714285714286 0.1778975741239892 0.014285714285714285 0.03234501347708895
2 0.4767857142857143 0.19946091644204852 0.017857142857142856 0.03773584905660377
2 0.4758928571428571 0.1711590296495957 0.01607142857142857 0.04043126684636118
2 0.48839285714285713 0.18059299191374664 0.008928571428571428 0.026954177897574125
2 0.19107142857142856 0.18867924528301888 0.025 0.0431266846361186
2 0.06160714285714286 0.18733153638814015 0.030357142857142857 0.05660377358490566
2 0.07946428571428571 0.18733153638814015 0.019642857142857142 0.05660377358490566
2 0.9071428571428571 0.14690026954177898 0.014285714285714285 0.02425876010781671
2 0.8017857142857143 0.1792452830188679 0.014285714285714285 0.029649595687331536
3 0.24910714285714286 0.793800539083558 0.19107142857142856 0.13746630727762804
3 0.4616071428571429 0.9609164420485176 0.2375 0.0673854447439353
3 0.8116071428571429 0.9555256064690026 0.2767857142857143 0.07277628032345014
3 0.7017857142857142 0.7870619946091644 0.32857142857142857 0.08086253369272237
3 0.8339285714285715 0.5512129380053908 0.16785714285714284 0.04582210242587601
3 0.8464285714285714 0.5067385444743935 0.17142857142857143 0.0431266846361186
3 0.5 0.4838274932614555 0.05357142857142857 0.04043126684636118
4 0.5 0.16576819407008087 0.9964285714285714 0.09973045822102426
