0 0.40625 0.695 0.1025 0.16833333333333333
0 0.43125 0.6866666666666666 0.1025 0.16833333333333333
0 0.56375 0.8120833333333334 0.22 0.3591666666666667
0 0.659375 0.795 0.24625 0.4
0 0.87875 0.7308333333333333 0.1525 0.24833333333333332
0 0.801875 0.7045833333333333 0.16125 0.26416666666666666
0 0.931875 0.69 0.09875 0.16333333333333333
0 0.964375 0.69375 0.07125 0.17916666666666667
0 0.731875 0.6316666666666667 0.03125 0.05333333333333334
0 0.699375 0.6266666666666667 0.03125 0.051666666666666666
0 0.589375 0.6275 0.03625 0.058333333333333334
0 0.4675 0.6404166666666666 0.05 0.0825
0 0.37625 0.6504166666666666 0.0475 0.0775
0 0.343125 0.6295833333333334 0.03125 0.050833333333333335
0 0.359375 0.6408333333333334 0.04125 0.06833333333333333
0 0.279375 0.6733333333333333 0.07375 0.12
0 0.25625 0.665 0.075 0.12166666666666667
0 0.20875 0.6545833333333333 0.0575 0.09416666666666666
0 0.163125 0.67 0.07875 0.12833333333333333
0 0.126875 0.6679166666666667 0.07875 0.1275
0 0.081875 0.6904166666666667 0.09625 0.15916666666666668
0 0.02875 0.6829166666666666 0.0575 0.1275
0 0.185625 0.6575 0.05375 0.08833333333333333
0 0.30625 0.6325 0.035 0.058333333333333334
2 0.0475 0.6225 0.03 0.03166666666666667
2 0.281875 0.6058333333333333 0.02625 0.023333333333333334
2 0.013125 0.6158333333333333 0.02375 0.04833333333333333
2 0.21 0.6066666666666667 0.0225 0.021666666666666667
2 0.22375 0.6054166666666667 0.0175 0.014166666666666666
2 0.35875 0.6 0.015 0.016666666666666666
2 0.380625 0.6033333333333334 0.02125 0.016666666666666666
2 0.401875 0.6058333333333333 0.01125 0.02
2 0.41 0.60125 0.0125 0.020833333333333332
2 0.526875 0.6191666666666666 0.02375 0.03333333333333333
2 0.54125 0.6025 0.015 0.015
2 0.549375 0.6020833333333333 0.01375 0.010833333333333334
2 0.573125 0.6104166666666667 0.01875 0.0175
2 0.08875 0.60375 0.0175 0.010833333333333334
2 0.03625 0.6025 0.015 0.011666666666666667
2 0.046875 0.5966666666666667 0.01125 0.01
2 0.06625 0.6025 0.0175 0.011666666666666667
2 0.071875 0.6058333333333333 0.01375 0.01
2 0.139375 0.6104166666666667 0.02625 0.0225
2 0.189375 0.6120833333333333 0.02125 0.0125
2 0.146875 0.5983333333333334 0.01375 0.013333333333333334
2 0.325 0.6091666666666666 0.0225 0.013333333333333334
2 0.311875 0.6079166666666667 0.01375 0.0175
2 0.488125 0.6045833333333334 0.01375 0.015833333333333335
2 0.499375 0.5966666666666667 0.01375 0.013333333333333334
2 0.714375 0.6045833333333334 0.02375 0.019166666666666665
2 0.6075 0.6108333333333333 0.0225 0.016666666666666666
2 0.623125 0.6020833333333333 0.01875 0.014166666666666666
2 0.741875 0.6041666666666666 0.01875 0.013333333333333334
2 0.775625 0.6029166666666667 0.01875 0.020833333333333332
2 0.87 0.60125 0.03 0.024166666666666666
2 0.9275 0.6025 0.0125 0.011666666666666667
2 0.939375 0.6008333333333333 0.01375 0.016666666666666666
2 0.451875 0.6075 0.01625 0.01
2 0.42875 0.5975 0.015 0.01
2 0.5975 0.5983333333333334 0.0225 0.013333333333333334
2 0.695 0.60375 0.02 0.0175
3 0.183125 0.059166666666666666 0.07375 0.08833333333333333
3 0.2875 0.46791666666666665 0.195 0.0875
3 0.8825 0.545 0.045 0.05
3 0.848125 0.9041666666666667 0.22375 0.18
3 0.363125 0.8029166666666666 0.23125 0.07083333333333333
3 0.21125 0.75 0.165 0.03333333333333333
3 0.335625 0.6870833333333334 0.05625 0.0175
3 0.3425 0.7104166666666667 0.06 0.019166666666666665
3 0.041875 0.7795833333333333 0.07375 0.03916666666666667
3 0.070625 0.7425 0.12875 0.03333333333333333
3 0.936875 0.5679166666666666 0.04125 0.024166666666666666
4 0.505625 0.615 0.97875 0.056666666666666664
