0 0.8710144927536232 0.46806167400881055 0.1681159420289855 0.6277533039647577
0 0.9384057971014492 0.2698237885462555 0.12318840579710146 0.5220264317180616
0 0.8420289855072464 0.2544052863436123 0.13623188405797101 0.5088105726872246
0 0.763768115942029 0.27973568281938327 0.13333333333333333 0.4933920704845815
0 0.7094202898550724 0.45594713656387664 0.12608695652173912 0.47577092511013214
0 0.5992753623188406 0.5484581497797357 0.19855072463768117 0.73568281938326
0 0.3282608695652174 0.29515418502202645 0.11159420289855072 0.4185022026431718
0 0.26594202898550723 0.4251101321585903 0.09420289855072464 0.3524229074889868
0 0.2876811594202899 0.3248898678414097 0.13768115942028986 0.5176211453744494
0 0.3826086956521739 0.2588105726872247 0.13043478260869565 0.48237885462555063
0 0.04057971014492753 0.6541850220264317 0.08115942028985507 0.5418502202643172
2 0.5246376811594203 0.6299559471365639 0.37681159420289856 0.7136563876651982
2 0.20507246376811594 0.5859030837004405 0.32608695652173914 0.8281938325991189
2 0.05289855072463768 0.3381057268722467 0.07971014492753623 0.21806167400881057
2 0.06739130434782609 0.1277533039647577 0.10289855072463767 0.19823788546255505
2 0.15869565217391304 0.1299559471365639 0.10579710144927536 0.19823788546255505
2 0.29492753623188406 0.12004405286343613 0.036231884057971016 0.07268722466960352
2 0.5405797101449276 0.15638766519823788 0.1536231884057971 0.24669603524229075
2 0.46594202898550724 0.18502202643171806 0.09130434782608696 0.18502202643171806
2 0.5934782608695652 0.16079295154185022 0.04492753623188406 0.11013215859030837
