0 0.7477777777777778 0.9086378737541528 0.028888888888888888 0.10963455149501661
0 0.7405555555555555 0.8571428571428571 0.027777777777777776 0.10631229235880399
0 0.6572222222222223 0.9136212624584718 0.027777777777777776 0.10631229235880399
0 0.64 0.9501661129568106 0.024444444444444446 0.08970099667774087
0 0.5772222222222222 0.9485049833887044 0.023333333333333334 0.08970099667774087
0 0.5627777777777778 0.9053156146179402 0.025555555555555557 0.09634551495016612
0 0.5538888888888889 0.8621262458471761 0.023333333333333334 0.08970099667774087
0 0.6244444444444445 0.8621262458471761 0.024444444444444446 0.09302325581395349
0 0.4922222222222222 0.9019933554817275 0.03111111111111111 0.11295681063122924
0 0.48333333333333334 0.8538205980066446 0.02666666666666667 0.10299003322259136
0 0.41944444444444445 0.9485049833887044 0.021111111111111112 0.08305647840531562
0 0.4311111111111111 0.9086378737541528 0.02666666666666667 0.10299003322259136
0 0.31222222222222223 0.8945182724252492 0.035555555555555556 0.13122923588039867
0 0.33555555555555555 0.9485049833887044 0.024444444444444446 0.09302325581395349
0 0.32666666666666666 0.8471760797342193 0.024444444444444446 0.09302325581395349
0 0.3427777777777778 0.803156146179402 0.027777777777777776 0.10132890365448505
0 0.4161111111111111 0.8048172757475083 0.03 0.1079734219269103
0 0.4672222222222222 0.8064784053156147 0.023333333333333334 0.08803986710963455
0 0.535 0.8073089700996677 0.023333333333333334 0.08637873754152824
0 0.6072222222222222 0.7990033222591362 0.025555555555555557 0.09634551495016612
0 0.6872222222222222 0.8073089700996677 0.027777777777777776 0.10631229235880399
0 0.7616666666666667 0.8098006644518272 0.03 0.11129568106312292
0 0.8122222222222222 0.7965116279069767 0.028888888888888888 0.11129568106312292
0 0.8894444444444445 0.7832225913621262 0.023333333333333334 0.09136212624584718
0 0.9438888888888889 0.7666112956810631 0.03 0.1079734219269103
0 0.31166666666666665 0.7549833887043189 0.023333333333333334 0.08803986710963455
0 0.23944444444444443 0.8023255813953488 0.03222222222222222 0.11627906976744186
0 0.18722222222222223 0.7857142857142857 0.027777777777777776 0.10631229235880399
0 0.21777777777777776 0.7383720930232558 0.02666666666666667 0.10132890365448505
0 0.125 0.7674418604651163 0.03222222222222222 0.11960132890365449
0 0.14166666666666666 0.707641196013289 0.025555555555555557 0.09634551495016612
0 0.14777777777777779 0.6619601328903655 0.02666666666666667 0.10132890365448505
0 0.05555555555555555 0.7466777408637874 0.03111111111111111 0.11461794019933555
0 0.011666666666666667 0.7358803986710963 0.021111111111111112 0.08305647840531562
0 0.02 0.6453488372093024 0.022222222222222223 0.08471760797342193
0 0.1 0.6079734219269103 0.02666666666666667 0.09966777408637874
0 0.09 0.5730897009966778 0.02666666666666667 0.10299003322259136
0 0.07666666666666666 0.5473421926910299 0.022222222222222223 0.08471760797342193
0 0.006666666666666667 0.5024916943521595 0.013333333333333334 0.09136212624584718
0 0.011666666666666667 0.45514950166112955 0.021111111111111112 0.08305647840531562
0 0.04666666666666667 0.3862126245847176 0.024444444444444446 0.0946843853820598
0 0.08611111111111111 0.35132890365448505 0.021111111111111112 0.07807308970099668
0 0.10611111111111111 0.4476744186046512 0.023333333333333334 0.09136212624584718
0 0.2061111111111111 0.5822259136212624 0.025555555555555557 0.0946843853820598
0 0.17444444444444446 0.5290697674418605 0.022222222222222223 0.08471760797342193
0 0.19055555555555556 0.4850498338870432 0.023333333333333334 0.08970099667774087
0 0.265 0.5274086378737541 0.023333333333333334 0.09136212624584718
0 0.2544444444444444 0.48754152823920266 0.02666666666666667 0.09800664451827243
0 0.33611111111111114 0.5855481727574751 0.025555555555555557 0.0946843853820598
0 0.3233333333333333 0.5307308970099668 0.024444444444444446 0.09136212624584718
0 0.3416666666666667 0.4950166112956811 0.021111111111111112 0.08305647840531562
0 0.3761111111111111 0.4659468438538206 0.023333333333333334 0.08471760797342193
0 0.41444444444444445 0.526578073089701 0.02666666666666667 0.09966777408637874
0 0.43833333333333335 0.5705980066445183 0.023333333333333334 0.08803986710963455
0 0.49722222222222223 0.6004983388704319 0.03 0.11461794019933555
0 0.4338888888888889 0.4700996677740864 0.025555555555555557 0.09302325581395349
0 0.5111111111111111 0.47674418604651164 0.02666666666666667 0.09634551495016612
0 0.5405555555555556 0.5191029900332226 0.025555555555555557 0.0946843853820598
0 0.5977777777777777 0.6021594684385382 0.02666666666666667 0.10132890365448505
0 0.6694444444444444 0.5589700996677741 0.027777777777777776 0.10132890365448505
0 0.6511111111111111 0.5149501661129569 0.024444444444444446 0.09302325581395349
0 0.6366666666666667 0.4700996677740864 0.02666666666666667 0.09634551495016612
0 0.5777777777777777 0.4676079734219269 0.024444444444444446 0.08803986710963455
0 0.845 0.7043189368770764 0.021111111111111112 0.08305647840531562
0 0.9016666666666666 0.6553156146179402 0.023333333333333334 0.09136212624584718
0 0.9805555555555555 0.6802325581395349 0.025555555555555557 0.09800664451827243
0 0.7955555555555556 0.6561461794019934 0.022222222222222223 0.08637873754152824
0 0.7794444444444445 0.5996677740863787 0.023333333333333334 0.08637873754152824
0 0.8838888888888888 0.5988372093023255 0.023333333333333334 0.09136212624584718
0 0.97 0.563953488372093 0.02666666666666667 0.09800664451827243
0 0.8477777777777777 0.5357142857142857 0.024444444444444446 0.0946843853820598
0 0.8394444444444444 0.47840531561461797 0.021111111111111112 0.08305647840531562
0 0.755 0.5257475083056479 0.023333333333333334 0.08471760797342193
0 0.74 0.48006644518272423 0.02 0.07641196013289037
0 0.7288888888888889 0.4368770764119601 0.022222222222222223 0.08305647840531562
0 0.77 0.36212624584717606 0.017777777777777778 0.06976744186046512
0 0.8322222222222222 0.35714285714285715 0.017777777777777778 0.0664451827242525
0 0.8311111111111111 0.436046511627907 0.024444444444444446 0.08803986710963455
0 0.8927777777777778 0.47591362126245845 0.023333333333333334 0.08471760797342193
0 0.9372222222222222 0.46179401993355484 0.025555555555555557 0.09302325581395349
0 0.9916666666666667 0.4485049833887043 0.016666666666666666 0.06976744186046512
0 0.9833333333333333 0.40365448504983387 0.024444444444444446 0.08970099667774087
0 0.9127777777777778 0.4377076411960133 0.021111111111111112 0.07807308970099668
0 0.8938888888888888 0.4003322259136213 0.021111111111111112 0.07973421926910298
0 0.9372222222222222 0.36212624584717606 0.01888888888888889 0.07308970099667775
0 0.9477777777777778 0.3289036544850498 0.017777777777777778 0.0664451827242525
0 0.9666666666666667 0.2898671096345515 0.015555555555555555 0.061461794019933555
0 0.8794444444444445 0.35132890365448505 0.023333333333333334 0.08471760797342193
0 0.8744444444444445 0.32641196013289037 0.02 0.07142857142857142
0 0.8766666666666667 0.2591362126245847 0.022222222222222223 0.07973421926910298
0 0.9083333333333333 0.23338870431893688 0.01888888888888889 0.07475083056478406
0 0.9216666666666666 0.21428571428571427 0.016666666666666666 0.0664451827242525
0 0.9561111111111111 0.21926910299003322 0.01888888888888889 0.06976744186046512
0 0.95 0.1852159468438538 0.013333333333333334 0.054817275747508304
0 0.9461111111111111 0.15199335548172757 0.016666666666666666 0.06478405315614617
0 0.9527777777777777 0.10299003322259136 0.01888888888888889 0.07308970099667775
0 0.9916666666666667 0.12541528239202657 0.016666666666666666 0.06478405315614617
0 0.985 0.05813953488372093 0.021111111111111112 0.07641196013289037
0 0.9538888888888889 0.05149501661129568 0.021111111111111112 0.07641196013289037
0 0.9161111111111111 0.04235880398671096 0.01888888888888889 0.0681063122923588
0 0.8677777777777778 0.03156146179401993 0.017777777777777778 0.06312292358803986
0 0.8155555555555556 0.32059800664451826 0.02 0.07641196013289037
0 0.8 0.2865448504983389 0.017777777777777778 0.06478405315614617
0 0.7088888888888889 0.3862126245847176 0.022222222222222223 0.08471760797342193
0 0.7077777777777777 0.35299003322259137 0.02 0.07475083056478406
0 0.7372222222222222 0.32142857142857145 0.021111111111111112 0.07807308970099668
0 0.635 0.3920265780730897 0.021111111111111112 0.08305647840531562
0 0.6277777777777778 0.3480066445182724 0.017777777777777778 0.0681063122923588
0 0.5438888888888889 0.3961794019933555 0.023333333333333334 0.09136212624584718
0 0.5027777777777778 0.3538205980066445 0.021111111111111112 0.08305647840531562
0 0.4538888888888889 0.4277408637873754 0.025555555555555557 0.0946843853820598
0 0.44055555555555553 0.3488372093023256 0.01888888888888889 0.06976744186046512
0 0.41055555555555556 0.38205980066445183 0.023333333333333334 0.08637873754152824
0 0.38722222222222225 0.4227574750830565 0.023333333333333334 0.08471760797342193
0 0.34555555555555556 0.3862126245847176 0.02 0.07807308970099668
0 0.3188888888888889 0.4219269102990033 0.022222222222222223 0.08305647840531562
0 0.25 0.4186046511627907 0.017777777777777778 0.0664451827242525
0 0.2388888888888889 0.3770764119601329 0.02 0.07641196013289037
0 0.29388888888888887 0.36627906976744184 0.01888888888888889 0.0681063122923588
0 0.16444444444444445 0.4219269102990033 0.02 0.07641196013289037
0 0.16944444444444445 0.45016611295681064 0.021111111111111112 0.07973421926910298
0 0.15222222222222223 0.39368770764119604 0.022222222222222223 0.08305647840531562
0 0.12166666666666667 0.4161129568106312 0.025555555555555557 0.0946843853820598
0 0.18611111111111112 0.3687707641196013 0.01888888888888889 0.07308970099667775
0 0.25666666666666665 0.3330564784053156 0.024444444444444446 0.08803986710963455
0 0.33444444444444443 0.3064784053156146 0.02 0.07807308970099668
0 0.35388888888888886 0.33637873754152825 0.021111111111111112 0.07807308970099668
0 0.32722222222222225 0.28488372093023256 0.01888888888888889 0.0681063122923588
0 0.3894444444444444 0.30481727574750833 0.021111111111111112 0.07807308970099668
0 0.4577777777777778 0.3014950166112957 0.024444444444444446 0.08803986710963455
0 0.5144444444444445 0.30066445182724255 0.022222222222222223 0.08305647840531562
0 0.5727777777777778 0.313953488372093 0.01888888888888889 0.07308970099667775
0 0.6194444444444445 0.29900332225913623 0.021111111111111112 0.08305647840531562
0 0.6744444444444444 0.30066445182724255 0.022222222222222223 0.07973421926910298
0 0.7127777777777777 0.2840531561461794 0.021111111111111112 0.07641196013289037
0 0.7583333333333333 0.2632890365448505 0.021111111111111112 0.07807308970099668
0 0.8422222222222222 0.21760797342192692 0.022222222222222223 0.07973421926910298
0 0.8255555555555556 0.23255813953488372 0.017777777777777778 0.06976744186046512
0 0.87 0.20681063122923588 0.015555555555555555 0.061461794019933555
0 0.10777777777777778 0.31561461794019935 0.022222222222222223 0.07973421926910298
0 0.1338888888888889 0.26744186046511625 0.01888888888888889 0.07308970099667775
0 0.18888888888888888 0.29817275747508304 0.02 0.07475083056478406
0 0.1511111111111111 0.223421926910299 0.02 0.07475083056478406
0 0.0811111111111111 0.21843853820598005 0.02 0.07475083056478406
0 0.09666666666666666 0.1852159468438538 0.02 0.07807308970099668
0 0.12277777777777778 0.15282392026578073 0.021111111111111112 0.07973421926910298
0 0.06944444444444445 0.1644518272425249 0.021111111111111112 0.07973421926910298
0 0.0077777777777777776 0.1719269102990033 0.015555555555555555 0.08471760797342193
0 0.026111111111111113 0.12541528239202657 0.016666666666666666 0.061461794019933555
0 0.058333333333333334 0.13953488372093023 0.021111111111111112 0.07641196013289037
0 0.10055555555555555 0.1212624584717608 0.01888888888888889 0.06976744186046512
0 0.11666666666666667 0.08554817275747509 0.02 0.07807308970099668
0 0.07944444444444444 0.06727574750830564 0.021111111111111112 0.07807308970099668
0 0.051111111111111114 0.09302325581395349 0.022222222222222223 0.08305647840531562
0 0.03166666666666667 0.04817275747508306 0.021111111111111112 0.07973421926910298
0 0.01611111111111111 0.030730897009966777 0.016666666666666666 0.061461794019933555
0 0.125 0.02823920265780731 0.014444444444444444 0.05647840531561462
0 0.165 0.024916943521594685 0.012222222222222223 0.046511627906976744
0 0.17277777777777778 0.040697674418604654 0.016666666666666666 0.06478405315614617
0 0.1811111111111111 0.05564784053156146 0.017777777777777778 0.0681063122923588
0 0.16444444444444445 0.11129568106312292 0.015555555555555555 0.059800664451827246
0 0.18722222222222223 0.1461794019933555 0.014444444444444444 0.05647840531561462
0 0.19444444444444445 0.2616279069767442 0.017777777777777778 0.06478405315614617
0 0.20444444444444446 0.23421926910299004 0.02 0.07641196013289037
0 0.25722222222222224 0.1744186046511628 0.021111111111111112 0.07973421926910298
0 0.25333333333333335 0.143687707641196 0.015555555555555555 0.061461794019933555
0 0.22666666666666666 0.10963455149501661 0.017777777777777778 0.06976744186046512
0 0.20166666666666666 0.09136212624584718 0.016666666666666666 0.06312292358803986
0 0.23555555555555555 0.05647840531561462 0.017777777777777778 0.06976744186046512
0 0.2733333333333333 0.044850498338870434 0.015555555555555555 0.06312292358803986
0 0.2916666666666667 0.02408637873754153 0.012222222222222223 0.04817275747508306
0 0.23666666666666666 0.29817275747508304 0.013333333333333334 0.054817275747508304
0 0.24055555555555555 0.2666112956810631 0.01888888888888889 0.0681063122923588
0 0.27666666666666667 0.2350498338870432 0.02 0.07142857142857142
0 0.2922222222222222 0.2101328903654485 0.02 0.07142857142857142
0 0.31055555555555553 0.17109634551495018 0.016666666666666666 0.0664451827242525
0 0.32 0.13372093023255813 0.02 0.07142857142857142
0 0.3283333333333333 0.11710963455149502 0.014444444444444444 0.054817275747508304
0 0.335 0.08554817275747509 0.014444444444444444 0.05813953488372093
0 0.32055555555555554 0.05647840531561462 0.021111111111111112 0.07641196013289037
0 0.3238888888888889 0.2599667774086379 0.021111111111111112 0.08139534883720931
0 0.3972222222222222 0.2666112956810631 0.021111111111111112 0.08139534883720931
0 0.36944444444444446 0.23089700996677742 0.016666666666666666 0.06312292358803986
0 0.37666666666666665 0.2009966777408638 0.022222222222222223 0.08305647840531562
0 0.3811111111111111 0.16777408637873753 0.015555555555555555 0.059800664451827246
0 0.4088888888888889 0.08637873754152824 0.017777777777777778 0.0664451827242525
0 0.39055555555555554 0.053156146179401995 0.014444444444444444 0.053156146179401995
0 0.3622222222222222 0.044850498338870434 0.015555555555555555 0.059800664451827246
0 0.41833333333333333 0.02408637873754153 0.012222222222222223 0.04817275747508306
0 0.43833333333333335 0.12790697674418605 0.01888888888888889 0.06976744186046512
0 0.43944444444444447 0.19186046511627908 0.014444444444444444 0.05813953488372093
0 0.44277777777777777 0.2367109634551495 0.014444444444444444 0.05813953488372093
0 0.525 0.24335548172757476 0.01888888888888889 0.0681063122923588
0 0.4911111111111111 0.20016611295681064 0.022222222222222223 0.08471760797342193
0 0.47333333333333333 0.16029900332225913 0.015555555555555555 0.061461794019933555
0 0.4861111111111111 0.08471760797342193 0.021111111111111112 0.08305647840531562
0 0.5216666666666666 0.12375415282392027 0.021111111111111112 0.07807308970099668
0 0.5372222222222223 0.17524916943521596 0.01888888888888889 0.07142857142857142
0 0.5933333333333334 0.15448504983388706 0.015555555555555555 0.059800664451827246
0 0.5961111111111111 0.23920265780730898 0.021111111111111112 0.07641196013289037
0 0.6055555555555555 0.20016611295681064 0.017777777777777778 0.0681063122923588
0 0.6738888888888889 0.23920265780730898 0.01888888888888889 0.06976744186046512
0 0.6655555555555556 0.19767441860465115 0.017777777777777778 0.0664451827242525
0 0.6677777777777778 0.1611295681063123 0.02 0.07308970099667775
0 0.6288888888888889 0.13704318936877077 0.02 0.07142857142857142
0 0.6388888888888888 0.10465116279069768 0.017777777777777778 0.06976744186046512
0 0.6011111111111112 0.08970099667774087 0.015555555555555555 0.05647840531561462
0 0.7416666666666667 0.2367109634551495 0.01888888888888889 0.0681063122923588
0 0.7361111111111112 0.19850498338870431 0.021111111111111112 0.07807308970099668
0 0.7255555555555555 0.16528239202657807 0.015555555555555555 0.061461794019933555
0 0.7088888888888889 0.13870431893687707 0.015555555555555555 0.05813953488372093
0 0.7211111111111111 0.10215946843853821 0.013333333333333334 0.054817275747508304
0 0.7055555555555556 0.08388704318936877 0.017777777777777778 0.06478405315614617
0 0.6983333333333334 0.059800664451827246 0.014444444444444444 0.053156146179401995
0 0.6711111111111111 0.0340531561461794 0.013333333333333334 0.054817275747508304
0 0.6244444444444445 0.04817275747508306 0.015555555555555555 0.059800664451827246
0 0.7711111111111111 0.06561461794019934 0.017777777777777778 0.0681063122923588
0 0.76 0.03737541528239203 0.017777777777777778 0.06478405315614617
0 0.7972222222222223 0.029069767441860465 0.016666666666666666 0.05813953488372093
0 0.8405555555555555 0.07142857142857142 0.01888888888888889 0.06976744186046512
0 0.8238888888888889 0.044850498338870434 0.016666666666666666 0.06312292358803986
0 0.8 0.10880398671096346 0.015555555555555555 0.061461794019933555
0 0.7994444444444444 0.17524916943521596 0.014444444444444444 0.054817275747508304
0 0.8022222222222222 0.2059800664451827 0.017777777777777778 0.0664451827242525
0 0.8177777777777778 0.1345514950166113 0.015555555555555555 0.06312292358803986
0 0.6505555555555556 0.07475083056478406 0.016666666666666666 0.0664451827242525
2 0.3111111111111111 0.979235880398671 0.04 0.03488372093023256
2 0.4111111111111111 0.9775747508305648 0.035555555555555556 0.03156146179401993
2 0.5011111111111111 0.9767441860465116 0.03333333333333333 0.03986710963455149
2 0.5016666666666667 0.9385382059800664 0.034444444444444444 0.06312292358803986
2 0.5911111111111111 0.9825581395348837 0.028888888888888888 0.03488372093023256
2 0.7588888888888888 0.9534883720930233 0.05333333333333334 0.08305647840531562
2 0.6716666666666666 0.9808970099667774 0.052222222222222225 0.03488372093023256
2 0.425 0.8363787375415282 0.05 0.04817275747508306
2 0.9888888888888889 0.7906976744186046 0.022222222222222223 0.09302325581395349
2 0.075 0.02408637873754153 0.014444444444444444 0.04817275747508306
2 0.38 0.12043189368770764 0.03333333333333333 0.03488372093023256
2 0.37666666666666665 0.07973421926910298 0.017777777777777778 0.04318936877076412
2 0.44333333333333336 0.07308970099667775 0.024444444444444446 0.026578073089700997
2 0.4477777777777778 0.044850498338870434 0.024444444444444446 0.03322259136212625
2 0.44722222222222224 0.019933554817275746 0.027777777777777776 0.036544850498338874
2 0.2688888888888889 0.42441860465116277 0.028888888888888888 0.03820598006644518
2 0.8877777777777778 0.26411960132890366 0.02 0.03986710963455149
2 0.9916666666666667 0.3064784053156146 0.014444444444444444 0.04817275747508306
2 0.9916666666666667 0.3430232558139535 0.016666666666666666 0.04817275747508306
2 0.9711111111111111 0.2367109634551495 0.024444444444444446 0.03156146179401993
2 0.9744444444444444 0.21096345514950166 0.028888888888888888 0.03986710963455149
2 0.9938888888888889 0.15863787375415284 0.012222222222222223 0.09136212624584718
2 0.8866666666666667 0.16528239202657807 0.022222222222222223 0.03156146179401993
2 0.8883333333333333 0.1362126245847176 0.021111111111111112 0.036544850498338874
2 0.8927777777777778 0.07890365448504984 0.023333333333333334 0.02823920265780731
2 0.8388888888888889 0.012458471760797342 0.02666666666666667 0.024916943521594685
2 0.7222222222222222 0.03488372093023256 0.028888888888888888 0.06976744186046512
2 0.7055555555555556 0.02823920265780731 0.03333333333333333 0.05647840531561462
2 0.755 0.029069767441860465 0.034444444444444444 0.05813953488372093
2 0.8116666666666666 0.23089700996677742 0.023333333333333334 0.046511627906976744
2 0.6194444444444445 0.022425249169435217 0.034444444444444444 0.044850498338870434
2 0.66 0.020764119601328904 0.02666666666666667 0.04152823920265781
2 0.5344444444444445 0.07807308970099668 0.02666666666666667 0.07308970099667775
2 0.5394444444444444 0.049003322259136214 0.021111111111111112 0.03488372093023256
2 0.5472222222222223 0.027408637873754152 0.027777777777777776 0.054817275747508304
2 0.49 0.015780730897009966 0.03111111111111111 0.03156146179401993
2 0.49722222222222223 0.036544850498338874 0.01888888888888889 0.03322259136212625
2 0.39222222222222225 0.014119601328903655 0.024444444444444446 0.02823920265780731
2 0.3572222222222222 0.014950166112956811 0.04555555555555556 0.029900332225913623
2 0.31277777777777777 0.01744186046511628 0.03666666666666667 0.03488372093023256
2 0.27555555555555555 0.02408637873754153 0.051111111111111114 0.04817275747508306
2 0.22666666666666666 0.02159468438538206 0.05555555555555555 0.04318936877076412
2 0.011111111111111112 0.07807308970099668 0.02 0.059800664451827246
3 0.15444444444444444 0.8521594684385382 0.3088888888888889 0.13953488372093023
3 0.365 0.9102990033222591 0.04111111111111111 0.15946843853820597
3 0.4638888888888889 0.9235880398671097 0.03222222222222222 0.12956810631229235
3 0.5366666666666666 0.9177740863787376 0.06 0.1511627906976744
3 0.61 0.9401993355481728 0.057777777777777775 0.11295681063122924
3 0.6816666666666666 0.9435215946843853 0.058888888888888886 0.11295681063122924
3 0.7794444444444445 0.9244186046511628 0.18333333333333332 0.1378737541528239
3 0.9122222222222223 0.8704318936877077 0.1688888888888889 0.06976744186046512
3 0.855 0.760797342192691 0.13444444444444445 0.11295681063122924
3 0.625 0.6760797342192691 0.09 0.06312292358803986
3 0.7211111111111111 0.6478405315614618 0.08 0.029900332225913623
3 0.6994444444444444 0.5930232558139535 0.06777777777777778 0.03322259136212625
3 0.7061111111111111 0.5606312292358804 0.04777777777777778 0.04817275747508306
3 0.6116666666666667 0.5415282392026578 0.09222222222222222 0.05647840531561462
3 0.5605555555555556 0.6013289036544851 0.08777777777777777 0.053156146179401995
3 0.495 0.6578073089700996 0.17 0.07308970099667775
3 0.35833333333333334 0.6528239202657807 0.10777777777777778 0.06312292358803986
3 0.29388888888888887 0.595514950166113 0.08777777777777777 0.05813953488372093
3 0.23166666666666666 0.6536544850498339 0.08777777777777777 0.054817275747508304
3 0.15444444444444444 0.5382059800664452 0.05555555555555555 0.04983388704318937
3 0.041666666666666664 0.5382059800664452 0.043333333333333335 0.07973421926910298
3 0.5622222222222222 0.23089700996677742 0.044444444444444446 0.013289036544850499
3 0.6305555555555555 0.223421926910299 0.03666666666666667 0.04152823920265781
3 0.5616666666666666 0.1818936877076412 0.025555555555555557 0.03488372093023256
3 0.35055555555555556 0.16528239202657807 0.014444444444444444 0.03488372093023256
3 0.3416666666666667 0.19269102990033224 0.016666666666666666 0.03986710963455149
3 0.3016666666666667 0.29401993355481726 0.014444444444444444 0.04318936877076412
3 0.16333333333333333 0.16279069767441862 0.02666666666666667 0.03322259136212625
3 0.14055555555555554 0.07308970099667775 0.03 0.016611295681063124
3 0.2816666666666667 0.10215946843853821 0.058888888888888886 0.02159468438538206
3 0.5661111111111111 0.09717607973421927 0.014444444444444444 0.024916943521594685
3 0.5727777777777778 0.07807308970099668 0.012222222222222223 0.029900332225913623
3 0.5661111111111111 0.11877076411960133 0.023333333333333334 0.02159468438538206
3 0.57 0.14534883720930233 0.03111111111111111 0.02823920265780731
3 0.7005555555555556 0.22591362126245848 0.021111111111111112 0.04318936877076412
4 0.8933333333333333 0.10631229235880399 0.03333333333333333 0.08970099667774087
