0 0.5166666666666667 0.8322222222222222 0.09666666666666666 0.32222222222222224
0 0.5841666666666666 0.8088888888888889 0.085 0.28
0 0.665 0.8266666666666667 0.09333333333333334 0.30666666666666664
0 0.7125 0.83 0.09833333333333333 0.31777777777777777
0 0.7983333333333333 0.8566666666666667 0.08333333333333333 0.2688888888888889
0 0.8325 0.7911111111111111 0.07166666666666667 0.24
0 0.8733333333333333 0.8022222222222222 0.07666666666666666 0.25333333333333335
0 0.9358333333333333 0.86 0.08166666666666667 0.26666666666666666
0 0.9591666666666666 0.8388888888888889 0.08166666666666667 0.3
0 0.9683333333333334 0.8255555555555556 0.06333333333333334 0.2822222222222222
0 0.6083333333333333 0.7066666666666667 0.04 0.13777777777777778
0 0.5358333333333334 0.6744444444444444 0.028333333333333332 0.09111111111111111
0 0.4716666666666667 0.7166666666666667 0.043333333333333335 0.14888888888888888
0 0.41583333333333333 0.7033333333333334 0.045 0.14444444444444443
0 0.49416666666666664 0.63 0.015 0.04666666666666667
0 0.48333333333333334 0.63 0.013333333333333334 0.04666666666666667
0 0.4741666666666667 0.6211111111111111 0.005 0.024444444444444446
0 0.4033333333333333 0.6844444444444444 0.03333333333333333 0.1111111111111111
0 0.19 0.6388888888888888 0.023333333333333334 0.07777777777777778
0 0.3775 0.7444444444444445 0.04833333333333333 0.16444444444444445
0 0.20333333333333334 0.5933333333333334 0.01 0.03111111111111111
0 0.035 0.7322222222222222 0.056666666666666664 0.18444444444444444
2 0.16416666666666666 0.85 0.13166666666666665 0.2511111111111111
2 0.155 0.68 0.056666666666666664 0.1111111111111111
2 0.275 0.79 0.08666666666666667 0.2688888888888889
2 0.3458333333333333 0.8044444444444444 0.06166666666666667 0.20444444444444446
2 0.0425 0.88 0.085 0.22666666666666666
2 0.985 0.6955555555555556 0.023333333333333334 0.06666666666666667
2 0.88 0.6355555555555555 0.02666666666666667 0.06222222222222222
2 0.9008333333333334 0.6988888888888889 0.025 0.04666666666666667
2 0.7608333333333334 0.6733333333333333 0.035 0.06222222222222222
2 0.7975 0.67 0.021666666666666667 0.07333333333333333
2 0.8233333333333334 0.6555555555555556 0.02 0.035555555555555556
2 0.6783333333333333 0.6755555555555556 0.023333333333333334 0.04888888888888889
2 0.65 0.6633333333333333 0.013333333333333334 0.028888888888888888
2 0.6616666666666666 0.65 0.016666666666666666 0.03777777777777778
2 0.6175 0.6322222222222222 0.021666666666666667 0.042222222222222223
2 0.5708333333333333 0.6466666666666666 0.018333333333333333 0.035555555555555556
2 0.5916666666666667 0.6444444444444445 0.023333333333333334 0.044444444444444446
2 0.46166666666666667 0.62 0.01 0.035555555555555556
2 0.43166666666666664 0.6577777777777778 0.02666666666666667 0.044444444444444446
2 0.2225 0.6377777777777778 0.015 0.04
2 0.2375 0.6366666666666667 0.015 0.042222222222222223
2 0.3275 0.6188888888888889 0.011666666666666667 0.028888888888888888
2 0.325 0.65 0.013333333333333334 0.028888888888888888
2 0.3641666666666667 0.63 0.011666666666666667 0.028888888888888888
2 0.37583333333333335 0.6322222222222222 0.011666666666666667 0.03333333333333333
2 0.39166666666666666 0.6344444444444445 0.016666666666666666 0.03777777777777778
2 0.7833333333333333 0.7066666666666667 0.03333333333333333 0.035555555555555556
2 0.35083333333333333 0.6522222222222223 0.015 0.028888888888888888
2 0.365 0.6566666666666666 0.013333333333333334 0.028888888888888888
2 0.29 0.6311111111111111 0.016666666666666666 0.04
2 0.2733333333333333 0.6333333333333333 0.016666666666666666 0.04
2 0.2966666666666667 0.6044444444444445 0.016666666666666666 0.04
2 0.2758333333333333 0.5977777777777777 0.015 0.035555555555555556
2 0.20916666666666667 0.6022222222222222 0.008333333333333333 0.03111111111111111
