0 0.6441666666666667 0.49240506329113926 0.21166666666666667 0.7924050632911392
0 0.545 0.5240506329113924 0.20333333333333334 0.7544303797468355
0 0.44583333333333336 0.6025316455696202 0.16166666666666665 0.6075949367088608
0 0.3475 0.6835443037974683 0.14833333333333334 0.5518987341772152
0 0.9508333333333333 0.48860759493670886 0.09833333333333333 0.4810126582278481
0 0.9033333333333333 0.5215189873417722 0.11333333333333333 0.42025316455696204
0 0.7458333333333333 0.5417721518987342 0.10833333333333334 0.41012658227848103
0 0.8375 0.41139240506329117 0.095 0.3518987341772152
2 0.19083333333333333 0.6797468354430379 0.085 0.16455696202531644
2 0.15083333333333335 0.589873417721519 0.055 0.11645569620253164
2 0.08 0.720253164556962 0.12666666666666668 0.3518987341772152
2 0.0525 0.5101265822784811 0.045 0.08354430379746836
2 0.06 0.4316455696202532 0.04 0.08860759493670886
2 0.08916666666666667 0.4253164556962025 0.03166666666666667 0.10126582278481013
2 0.11916666666666667 0.44556962025316454 0.03166666666666667 0.09620253164556962
2 0.16916666666666666 0.4253164556962025 0.045 0.09620253164556962
2 0.19916666666666666 0.42278481012658226 0.018333333333333333 0.060759493670886074
2 0.21916666666666668 0.4607594936708861 0.021666666666666667 0.0810126582278481
2 0.0175 0.4531645569620253 0.03166666666666667 0.09113924050632911
2 0.2675 0.3620253164556962 0.03166666666666667 0.09113924050632911
2 0.2925 0.36075949367088606 0.028333333333333332 0.09367088607594937
2 0.125 0.3430379746835443 0.03666666666666667 0.09367088607594937
2 0.17083333333333334 0.34556962025316457 0.041666666666666664 0.06329113924050633
2 0.21583333333333332 0.3468354430379747 0.035 0.0810126582278481
2 0.24583333333333332 0.2721518987341772 0.03833333333333333 0.053164556962025315
2 0.31166666666666665 0.310126582278481 0.023333333333333334 0.05822784810126582
2 0.3358333333333333 0.30253164556962026 0.028333333333333332 0.04810126582278481
2 0.3466666666666667 0.2683544303797468 0.03333333333333333 0.060759493670886074
2 0.30583333333333335 0.2683544303797468 0.03166666666666667 0.05063291139240506
2 0.24083333333333334 0.3278481012658228 0.021666666666666667 0.08354430379746836
2 0.175 0.3037974683544304 0.02666666666666667 0.030379746835443037
2 0.185 0.27848101265822783 0.03666666666666667 0.05569620253164557
2 0.15 0.28860759493670884 0.03666666666666667 0.05569620253164557
2 0.07416666666666667 0.3569620253164557 0.035 0.05063291139240506
2 0.09333333333333334 0.3430379746835443 0.03 0.06329113924050633
2 0.08166666666666667 0.29240506329113924 0.04 0.04810126582278481
2 0.015833333333333335 0.35063291139240504 0.03166666666666667 0.06835443037974684
2 0.0425 0.3569620253164557 0.028333333333333332 0.07088607594936709
2 0.0525 0.31518987341772153 0.041666666666666664 0.04810126582278481
2 0.015 0.30253164556962026 0.03 0.043037974683544304
2 0.03666666666666667 0.28354430379746837 0.02666666666666667 0.030379746835443037
2 0.39166666666666666 0.31518987341772153 0.02 0.04810126582278481
2 0.735 0.6278481012658228 0.09666666666666666 0.2936708860759494
2 0.88 0.6341772151898735 0.06666666666666667 0.24050632911392406
2 0.76 0.38354430379746834 0.05 0.10379746835443038
2 0.8275 0.2189873417721519 0.03833333333333333 0.05822784810126582
2 0.8608333333333333 0.2607594936708861 0.03833333333333333 0.0759493670886076
2 0.8691666666666666 0.1949367088607595 0.03833333333333333 0.05063291139240506
2 0.8991666666666667 0.23037974683544304 0.041666666666666664 0.035443037974683546
2 0.9041666666666667 0.2721518987341772 0.035 0.05822784810126582
2 0.755 0.2911392405063291 0.03333333333333333 0.0810126582278481
2 0.7775 0.2683544303797468 0.03166666666666667 0.09620253164556962
2 0.805 0.2746835443037975 0.02666666666666667 0.08354430379746836
2 0.9758333333333333 0.28860759493670884 0.035 0.08607594936708861
2 0.9383333333333334 0.2189873417721519 0.02 0.06835443037974684
2 0.9591666666666666 0.22151898734177214 0.025 0.07341772151898734
2 0.705 0.26962025316455696 0.03333333333333333 0.08354430379746836
2 0.73 0.28607594936708863 0.016666666666666666 0.07088607594936709
2 0.9783333333333334 0.20126582278481012 0.03333333333333333 0.09873417721518987
