0 0.6503496503496503 0.6259328358208955 0.17016317016317017 0.6660447761194029
0 0.2668997668997669 0.5895522388059702 0.1655011655011655 0.6529850746268657
0 0.019230769230769232 0.45615671641791045 0.038461538461538464 0.22201492537313433
0 0.10897435897435898 0.3694029850746269 0.022144522144522144 0.08582089552238806
0 0.3141025641025641 0.5111940298507462 0.08741258741258741 0.33955223880597013
0 0.5238927738927739 0.47201492537313433 0.07109557109557109 0.2798507462686567
0 0.715034965034965 0.5046641791044776 0.08974358974358974 0.35634328358208955
0 0.8554778554778555 0.417910447761194 0.05128205128205128 0.20522388059701493
0 0.9195804195804196 0.4039179104477612 0.04195804195804196 0.16977611940298507
0 0.7977855477855478 0.40205223880597013 0.022144522144522144 0.0914179104477612
0 0.8158508158508159 0.39738805970149255 0.02097902097902098 0.08208955223880597
0 0.9836829836829837 0.3927238805970149 0.023310023310023312 0.09514925373134328
0 0.9527972027972028 0.38526119402985076 0.024475524475524476 0.09514925373134328
2 0.905011655011655 0.7173507462686567 0.18298368298368298 0.47574626865671643
2 0.10547785547785547 0.5764925373134329 0.1386946386946387 0.43283582089552236
2 0.17132867132867133 0.4039179104477612 0.08158508158508158 0.22574626865671643
2 0.432983682983683 0.5485074626865671 0.08275058275058275 0.19029850746268656
2 0.4965034965034965 0.5475746268656716 0.06526806526806526 0.21082089552238806
2 0.6072261072261073 0.36007462686567165 0.04895104895104895 0.08582089552238806
2 0.3735431235431235 0.5513059701492538 0.07575757575757576 0.2630597014925373
2 0.7546620046620046 0.4123134328358209 0.026806526806526808 0.08955223880597014
2 0.19289044289044288 0.3460820895522388 0.03613053613053613 0.08768656716417911
2 0.9662004662004662 0.39552238805970147 0.018648018648018648 0.08582089552238806
4 0.7587412587412588 0.3460820895522388 0.06293706293706294 0.04291044776119403
