0 0.07503001200480192 0.7526785714285714 0.12845138055222088 0.4660714285714286
0 0.18907563025210083 0.7598214285714285 0.1212484993997599 0.4446428571428571
0 0.29711884753901563 0.7580357142857143 0.11884753901560624 0.4303571428571429
0 0.40336134453781514 0.7508928571428571 0.12484993997599039 0.45535714285714285
0 0.4255702280912365 0.76875 0.10684273709483794 0.3875
0 0.5210084033613446 0.7642857142857142 0.12244897959183673 0.44285714285714284
0 0.6194477791116446 0.7633928571428571 0.12004801920768307 0.4375
0 0.6668667466986795 0.7723214285714286 0.10444177671068428 0.38035714285714284
0 0.7503001200480192 0.7633928571428571 0.10804321728691477 0.39464285714285713
0 0.8181272509003601 0.7625 0.11404561824729892 0.4142857142857143
0 0.9009603841536614 0.7633928571428571 0.1092436974789916 0.4017857142857143
0 0.963985594237695 0.7589285714285714 0.07202881152460984 0.4035714285714286
0 0.5732292917166867 0.7705357142857143 0.09723889555822329 0.35535714285714287
2 0.9399759903961584 0.6285714285714286 0.03601440576230492 0.06785714285714285
2 0.9129651860744298 0.6401785714285714 0.027611044417767107 0.06964285714285715
2 0.8361344537815126 0.6580357142857143 0.022809123649459785 0.0625
2 0.7172869147659063 0.6285714285714286 0.030012004801920768 0.06428571428571428
2 0.687875150060024 0.6446428571428572 0.026410564225690276 0.06428571428571428
2 0.542016806722689 0.6044642857142857 0.01800720288115246 0.07321428571428572
2 0.6422569027611045 0.6285714285714286 0.026410564225690276 0.05714285714285714
2 0.27791116446578634 0.59375 0.03481392557022809 0.06964285714285715
2 0.1788715486194478 0.5946428571428571 0.028811524609843937 0.07857142857142857
2 0.13025210084033614 0.5857142857142857 0.025210084033613446 0.07857142857142857
2 0.011404561824729893 0.7696428571428572 0.022809123649459785 0.2
2 0.33433373349339734 0.6875 0.01800720288115246 0.06785714285714285
2 0.35114045618247297 0.6776785714285715 0.015606242496998799 0.09107142857142857
