0 0.12074468085106382 0.5431472081218274 0.14361702127659576 0.5617597292724196
0 0.28138297872340423 0.6243654822335025 0.17127659574468085 0.6666666666666666
0 0.44680851063829785 0.4983079526226734 0.13617021276595745 0.5296108291032149
0 0.6920212765957446 0.6345177664974619 0.16702127659574467 0.6463620981387479
0 0.8101063829787234 0.562605752961083 0.15 0.5871404399323181
0 0.9180851063829787 0.4703891708967851 0.11914893617021277 0.467005076142132
0 0.300531914893617 0.1895093062605753 0.043617021276595745 0.17258883248730963
0 0.3404255319148936 0.26903553299492383 0.07872340425531915 0.311336717428088
0 0.8 0.2707275803722504 0.0425531914893617 0.1692047377326565
0 0.6319148936170212 0.2969543147208122 0.08723404255319149 0.3401015228426396
0 0.6388297872340426 0.37648054145516074 0.06489361702127659 0.25549915397631134
0 0.527127659574468 0.24027072758037224 0.05638297872340425 0.2233502538071066
0 0.55 0.22504230118443316 0.06382978723404255 0.25380710659898476
0 0.41382978723404257 0.20642978003384094 0.06382978723404255 0.25042301184433163
2 0.3478723404255319 0.1260575296108291 0.01702127659574468 0.06260575296108291
2 0.23404255319148937 0.4086294416243655 0.07872340425531915 0.1844331641285956
2 0.8356382978723405 0.21150592216582065 0.030851063829787233 0.1116751269035533
2 0.8952127659574468 0.21742808798646363 0.02446808510638298 0.05245346869712352
2 0.45159574468085106 0.12859560067681894 0.030851063829787233 0.07106598984771574
2 0.6888297872340425 0.23857868020304568 0.02446808510638298 0.08121827411167512
2 0.7159574468085106 0.23519458544839256 0.03829787234042553 0.12859560067681894
2 0.7590425531914894 0.29949238578680204 0.06489361702127659 0.14890016920473773
2 0.5569148936170213 0.383248730964467 0.08191489361702127 0.07952622673434856
