0 0.06666666666666667 0.6522911051212938 0.13333333333333333 0.6792452830188679
0 0.16 0.623989218328841 0.14666666666666667 0.5795148247978437
0 0.5558333333333333 0.6644204851752021 0.165 0.660377358490566
0 0.8683333333333333 0.6940700808625337 0.15333333333333332 0.6064690026954178
0 0.4716666666666667 0.6630727762803235 0.16 0.6361185983827493
0 0.6866666666666666 0.6185983827493261 0.14333333333333334 0.568733153638814
0 0.795 0.5795148247978437 0.10333333333333333 0.41509433962264153
0 0.4191666666666667 0.6078167115902965 0.125 0.49326145552560646
0 0.3933333333333333 0.5660377358490566 0.1 0.39892183288409705
0 0.22083333333333333 0.4272237196765499 0.041666666666666664 0.16981132075471697
0 0.31916666666666665 0.4501347708894879 0.051666666666666666 0.21024258760107817
0 0.135 0.4326145552560647 0.056666666666666664 0.22371967654986524
0 0.6183333333333333 0.5929919137466307 0.11333333333333333 0.4528301886792453
2 0.25 0.47304582210242585 0.03666666666666667 0.1752021563342318
2 0.265 0.36253369272237196 0.04 0.08355795148247978
2 0.3641666666666667 0.3692722371967655 0.025 0.07008086253369272
2 0.8516666666666667 0.4110512129380054 0.03666666666666667 0.1105121293800539
2 0.0975 0.33423180592991913 0.028333333333333332 0.07008086253369272
2 0.050833333333333335 0.3018867924528302 0.025 0.03234501347708895
2 0.07166666666666667 0.3194070080862534 0.016666666666666666 0.04582210242587601
2 0.13166666666666665 0.33423180592991913 0.013333333333333334 0.0431266846361186
2 0.9091666666666667 0.42318059299191374 0.025 0.05929919137466307
2 0.94 0.431266846361186 0.023333333333333334 0.04851752021563342
2 0.9866666666666667 0.40431266846361186 0.023333333333333334 0.09164420485175202
