0 0.016407599309153715 0.312316715542522 0.03281519861830743 0.17302052785923755
0 0.04145077720207254 0.2961876832844575 0.04835924006908463 0.19941348973607037
0 0.07167530224525043 0.34017595307917886 0.06044905008635579 0.25806451612903225
0 0.10449050086355786 0.3225806451612903 0.03281519861830743 0.1466275659824047
0 0.13385146804835923 0.3064516129032258 0.03626943005181347 0.16129032258064516
0 0.1692573402417962 0.2859237536656892 0.04145077720207254 0.17888563049853373
0 0.21329879101899826 0.3152492668621701 0.046632124352331605 0.1906158357771261
0 0.2469775474956822 0.39002932551319647 0.08635578583765112 0.36363636363636365
0 0.2849740932642487 0.34310850439882695 0.05872193436960276 0.24633431085043989
0 0.3013816925734024 0.3387096774193548 0.06044905008635579 0.24926686217008798
0 0.31951640759930916 0.32697947214076245 0.044905008635578586 0.19648093841642228
0 0.3696027633851468 0.3020527859237537 0.037996545768566495 0.15835777126099707
0 0.41450777202072536 0.3152492668621701 0.044905008635578586 0.18475073313782991
0 0.4326424870466321 0.2961876832844575 0.03281519861830743 0.1466275659824047
0 0.4775474956822107 0.4633431085043988 0.10880829015544041 0.4574780058651026
0 0.6303972366148531 0.5234604105571847 0.11053540587219343 0.4604105571847507
0 0.6347150259067358 0.34310850439882695 0.0535405872193437 0.2287390029325513
0 0.6036269430051814 0.3519061583577713 0.05699481865284974 0.23460410557184752
0 0.5820379965457686 0.3563049853372434 0.055267702936096716 0.2316715542521994
0 0.538860103626943 0.3225806451612903 0.044905008635578586 0.187683284457478
0 0.4680483592400691 0.2785923753665689 0.02072538860103627 0.093841642228739
1 0.7832469775474957 0.2961876832844575 0.025906735751295335 0.11143695014662756
2 0.01468048359240069 0.4970674486803519 0.02936096718480138 0.1906158357771261
2 0.05008635578583765 0.49560117302052786 0.04145077720207254 0.18181818181818182
2 0.10621761658031088 0.47653958944281527 0.046632124352331605 0.17302052785923755
2 0.15889464594127806 0.37683284457478006 0.024179620034542316 0.05571847507331378
2 0.15457685664939552 0.4809384164222874 0.05008635578583765 0.16422287390029325
2 0.19343696027633853 0.4604105571847507 0.027633851468048358 0.12903225806451613
2 0.33419689119170987 0.45454545454545453 0.04317789291882556 0.16422287390029325
2 0.3626943005181347 0.43841642228739003 0.013816925734024179 0.0967741935483871
2 0.37823834196891193 0.4208211143695015 0.02072538860103627 0.07331378299120235
2 0.3946459412780656 0.39296187683284456 0.022452504317789293 0.05278592375366569
2 0.42918825561312607 0.4413489736070381 0.03281519861830743 0.15542521994134897
2 0.7953367875647669 0.38563049853372433 0.03626943005181347 0.10850439882697947
2 0.7599309153713298 0.3885630498533724 0.031088082901554404 0.10850439882697947
2 0.7253886010362695 0.3870967741935484 0.031088082901554404 0.10557184750733138
2 0.6925734024179621 0.3841642228739003 0.027633851468048358 0.08211143695014662
2 0.6614853195164075 0.28885630498533726 0.013816925734024179 0.04985337243401759
2 0.614853195164076 0.24780058651026393 0.017271157167530225 0.04985337243401759
2 0.48791018998272884 0.24486803519061584 0.018998272884283247 0.05571847507331378
2 0.44559585492227977 0.22727272727272727 0.017271157167530225 0.04985337243401759
2 0.23056994818652848 0.24926686217008798 0.012089810017271158 0.0469208211143695
4 0.05267702936096719 0.4281524926686217 0.018998272884283247 0.0469208211143695
4 0.08721934369602763 0.2624633431085044 0.015544041450777202 0.04985337243401759
