0 0.425 0.58 0.27666666666666667 0.505
0 0.09833333333333333 0.3975 0.16333333333333333 0.3
0 0.22 0.39625 0.10666666666666667 0.1975
0 0.2633333333333333 0.39125 0.1 0.1825
0 0.5066666666666667 0.3575 0.07333333333333333 0.135
0 0.5816666666666667 0.38125 0.09666666666666666 0.1775
0 0.6316666666666667 0.3825 0.09666666666666666 0.175
0 0.03833333333333333 0.39625 0.07666666666666666 0.2025
0 0.19166666666666668 0.38875 0.09666666666666666 0.1775
0 0.555 0.38125 0.09 0.1675
0 0.10333333333333333 0.02625 0.02666666666666667 0.0525
0 0.405 0.01625 0.016666666666666666 0.0325
0 0.27 0.02875 0.02666666666666667 0.0575
0 0.03666666666666667 0.02375 0.02666666666666667 0.0475
0 0.01 0.02375 0.02 0.0475
0 0.8616666666666667 0.3075 0.05 0.1
0 0.8416666666666667 0.2875 0.043333333333333335 0.085
0 0.8033333333333333 0.27625 0.04666666666666667 0.0875
0 0.7616666666666667 0.25375 0.03666666666666667 0.0675
0 0.7416666666666667 0.215 0.03666666666666667 0.07
0 0.6166666666666667 0.175 0.02 0.04
0 0.82 0.265 0.03333333333333333 0.07
2 0.4216666666666667 0.1925 0.03666666666666667 0.055
2 0.455 0.22625 0.03 0.0425
2 0.5333333333333333 0.1775 0.05333333333333334 0.055
2 0.5566666666666666 0.2325 0.03333333333333333 0.04
2 0.5883333333333334 0.25625 0.03 0.0525
2 0.625 0.275 0.03666666666666667 0.035
2 0.665 0.27375 0.03666666666666667 0.0275
2 0.7016666666666667 0.28375 0.03 0.0375
2 0.475 0.06375 0.023333333333333334 0.0525
2 0.44166666666666665 0.06375 0.03 0.0575
2 0.4 0.06375 0.04666666666666667 0.0625
2 0.295 0.05375 0.06333333333333334 0.0625
2 0.8616666666666667 0.1675 0.043333333333333335 0.04
2 0.9083333333333333 0.3025 0.03 0.05
2 0.81 0.17875 0.02666666666666667 0.0275
2 0.7833333333333333 0.17625 0.02666666666666667 0.0275
2 0.76 0.175 0.02 0.025
2 0.735 0.1675 0.023333333333333334 0.015
2 0.9566666666666667 0.21625 0.02666666666666667 0.0275
2 0.9883333333333333 0.24625 0.016666666666666666 0.0275
2 0.9616666666666667 0.24375 0.03 0.0225
2 0.9716666666666667 0.2675 0.023333333333333334 0.02
2 0.9883333333333333 0.27125 0.01 0.0175
2 0.9716666666666667 0.29625 0.023333333333333334 0.0275
2 0.99 0.29625 0.013333333333333334 0.0325
2 0.8783333333333333 0.28125 0.016666666666666666 0.0275
2 0.9033333333333333 0.265 0.03333333333333333 0.025
2 0.305 0.27875 0.03666666666666667 0.0425
2 0.2733333333333333 0.27875 0.02666666666666667 0.0475
2 0.245 0.27375 0.023333333333333334 0.0425
2 0.22 0.2725 0.03333333333333333 0.04
2 0.19 0.2725 0.02666666666666667 0.04
2 0.14666666666666667 0.2425 0.02666666666666667 0.03
2 0.15166666666666667 0.21375 0.03 0.0225
2 0.13166666666666665 0.1875 0.03 0.03
2 0.10166666666666667 0.1825 0.03 0.055
2 0.05333333333333334 0.175 0.04 0.05
2 0.07166666666666667 0.26875 0.03666666666666667 0.0275
2 0.056666666666666664 0.23875 0.03333333333333333 0.0225
2 0.041666666666666664 0.21375 0.03 0.0225
2 0.07 0.2125 0.02666666666666667 0.025
2 0.18333333333333332 0.1725 0.03333333333333333 0.05
2 0.22166666666666668 0.1725 0.03666666666666667 0.035
2 0.23333333333333334 0.14375 0.03333333333333333 0.0275
2 0.2816666666666667 0.17 0.043333333333333335 0.03
2 0.26166666666666666 0.19875 0.03 0.0325
2 0.3516666666666667 0.2025 0.03666666666666667 0.045
2 0.32 0.19875 0.02666666666666667 0.0425
2 0.03666666666666667 0.1275 0.03333333333333333 0.04
2 0.018333333333333333 0.09375 0.03 0.0275
2 0.013333333333333334 0.07125 0.02666666666666667 0.0175
2 0.06 0.10125 0.02 0.0225
2 0.08 0.1175 0.02 0.025
2 0.08666666666666667 0.0975 0.02 0.025
2 0.115 0.11125 0.03 0.0475
2 0.3883333333333333 0.1975 0.043333333333333335 0.07
2 0.34833333333333333 0.24625 0.023333333333333334 0.0425
2 0.37833333333333335 0.2425 0.023333333333333334 0.03
2 0.185 0.2375 0.03 0.03
2 0.21166666666666667 0.2375 0.03 0.03
2 0.18333333333333332 0.21 0.02666666666666667 0.025
2 0.245 0.24 0.023333333333333334 0.035
2 0.265 0.235 0.023333333333333334 0.035
2 0.2866666666666667 0.23625 0.02 0.0325
2 0.31833333333333336 0.23875 0.03 0.0325
4 0.53 0.2925 0.02 0.025
4 0.6716666666666666 0.3025 0.023333333333333334 0.03
4 0.6483333333333333 0.3025 0.016666666666666666 0.02
4 0.7616666666666667 0.305 0.03666666666666667 0.035
4 0.15166666666666667 0.14375 0.03 0.0375
4 0.845 0.2325 0.023333333333333334 0.02
4 0.865 0.22875 0.023333333333333334 0.0325
