0 0.19416666666666665 0.8551532033426184 0.04833333333333333 0.19498607242339833
0 0.1 0.8495821727019499 0.07 0.28969359331476324
0 0.04 0.8662952646239555 0.06 0.25069637883008355
0 0.22083333333333333 0.8022284122562674 0.021666666666666667 0.0947075208913649
0 0.24416666666666667 0.8091922005571031 0.021666666666666667 0.09749303621169916
0 0.26166666666666666 0.8036211699164345 0.023333333333333334 0.10306406685236769
0 0.2825 0.807799442896936 0.018333333333333333 0.07799442896935933
0 0.30333333333333334 0.8091922005571031 0.02 0.09192200557103064
0 0.3325 0.8593314763231198 0.045 0.19220055710306408
0 0.3516666666666667 0.8607242339832869 0.04666666666666667 0.1894150417827298
0 0.37916666666666665 0.7980501392757661 0.018333333333333333 0.0807799442896936
0 0.3925 0.7938718662952646 0.018333333333333333 0.07799442896935933
0 0.5258333333333334 0.862116991643454 0.058333333333333334 0.2479108635097493
0 0.5541666666666667 0.850974930362117 0.041666666666666664 0.17548746518105848
0 0.6875 0.8342618384401114 0.035 0.1532033426183844
0 0.6291666666666667 0.8147632311977716 0.025 0.10306406685236769
0 0.5808333333333333 0.7980501392757661 0.015 0.06406685236768803
0 0.9425 0.8760445682451253 0.051666666666666666 0.2200557103064067
0 0.89 0.8927576601671309 0.04666666666666667 0.1977715877437326
0 0.8075 0.883008356545961 0.04833333333333333 0.20612813370473537
0 0.8158333333333333 0.8676880222841226 0.051666666666666666 0.20891364902506965
0 0.7333333333333333 0.8370473537604457 0.03333333333333333 0.14206128133704735
0 0.6683333333333333 0.8147632311977716 0.02 0.0807799442896936
