0 0.08092485549132948 0.8684971098265896 0.05394990366088632 0.20520231213872833
0 0.16184971098265896 0.8280346820809249 0.05009633911368015 0.18208092485549132
0 0.2003853564547206 0.8973988439306358 0.05009633911368015 0.1936416184971098
0 0.22928709055876687 0.7904624277456648 0.04238921001926782 0.15895953757225434
0 0.2861271676300578 0.8309248554913294 0.04816955684007707 0.17630057803468208
0 0.3352601156069364 0.8858381502890174 0.057803468208092484 0.21676300578034682
0 0.4325626204238921 0.8395953757225434 0.05973025048169557 0.21676300578034682
0 0.47784200385356457 0.7991329479768786 0.046242774566473986 0.17630057803468208
0 0.5202312138728323 0.7601156069364162 0.04238921001926782 0.16184971098265896
0 0.6223506743737958 0.8829479768786127 0.057803468208092484 0.21676300578034682
0 0.8314065510597303 0.888728323699422 0.055876685934489405 0.21098265895953758
0 0.6473988439306358 0.8005780346820809 0.05009633911368015 0.18497109826589594
0 0.5520231213872833 0.7210982658959537 0.04046242774566474 0.14739884393063585
0 0.5684007707129094 0.703757225433526 0.03468208092485549 0.13583815028901733
0 0.6021194605009634 0.680635838150289 0.028901734104046242 0.11271676300578035
0 0.6223506743737958 0.6632947976878613 0.02697495183044316 0.10115606936416185
0 0.6820809248554913 0.7109826589595376 0.03468208092485549 0.1329479768786127
0 0.6666666666666666 0.7543352601156069 0.04238921001926782 0.16184971098265896
0 0.7061657032755299 0.6734104046242775 0.028901734104046242 0.10982658959537572
0 0.42196531791907516 0.7398843930635838 0.030828516377649325 0.12138728323699421
0 0.4479768786127168 0.7095375722543352 0.025048169556840076 0.0953757225433526
0 0.48265895953757226 0.6791907514450867 0.02119460500963391 0.07514450867052024
0 0.5269749518304432 0.6560693641618497 0.02119460500963391 0.08092485549132948
0 0.5048169556840078 0.684971098265896 0.02697495183044316 0.10982658959537572
0 0.3670520231213873 0.7138728323699421 0.03275529865125241 0.12716763005780346
0 0.3988439306358382 0.6907514450867052 0.02697495183044316 0.10982658959537572
0 0.43159922928709055 0.653179190751445 0.015414258188824663 0.06358381502890173
0 0.45857418111753373 0.6604046242774566 0.023121387283236993 0.0838150289017341
0 0.2726396917148362 0.708092485549133 0.028901734104046242 0.10404624277456648
0 0.3015414258188825 0.7528901734104047 0.036608863198458574 0.1416184971098266
0 0.04816955684007707 0.8121387283236994 0.046242774566473986 0.1676300578034682
0 0.1416184971098266 0.7326589595375722 0.03275529865125241 0.13005780346820808
0 0.07707129094412331 0.7239884393063584 0.015414258188824663 0.06069364161849711
0 0.12042389210019268 0.7023121387283237 0.025048169556840076 0.09826589595375723
0 0.18689788053949905 0.7109826589595376 0.030828516377649325 0.12138728323699421
0 0.031791907514450865 0.684971098265896 0.02119460500963391 0.08670520231213873
0 0.012524084778420038 0.6719653179190751 0.025048169556840076 0.08959537572254335
0 0.05684007707129094 0.7196531791907514 0.025048169556840076 0.09826589595375723
0 0.07707129094412331 0.6575144508670521 0.015414258188824663 0.06069364161849711
0 0.20423892100192678 0.6676300578034682 0.023121387283236993 0.08670520231213873
0 0.24951830443159922 0.6835260115606936 0.025048169556840076 0.0953757225433526
0 0.3448940269749518 0.6763005780346821 0.023121387283236993 0.08670520231213873
0 0.33140655105973027 0.6517341040462428 0.023121387283236993 0.08959537572254335
0 0.315028901734104 0.6777456647398844 0.02119460500963391 0.07803468208092486
0 0.28709055876685935 0.6690751445086706 0.023121387283236993 0.0953757225433526
0 0.2610789980732177 0.6430635838150289 0.017341040462427744 0.06069364161849711
0 0.22832369942196531 0.6502890173410405 0.017341040462427744 0.06358381502890173
0 0.1464354527938343 0.6560693641618497 0.019267822736030827 0.06936416184971098
0 0.37572254335260113 0.6661849710982659 0.023121387283236993 0.0953757225433526
0 0.33911368015414256 0.6069364161849711 0.011560693641618497 0.04046242774566474
0 0.9094412331406551 0.6705202312138728 0.030828516377649325 0.11560693641618497
0 0.930635838150289 0.6950867052023122 0.03468208092485549 0.12427745664739884
0 0.9518304431599229 0.7182080924855492 0.038535645472061654 0.14739884393063585
0 0.9826589595375722 0.7904624277456648 0.03468208092485549 0.17630057803468208
0 0.9778420038535646 0.7528901734104047 0.04431599229287091 0.16473988439306358
2 0.8304431599229287 0.7586705202312138 0.038535645472061654 0.04335260115606936
2 0.8073217726396917 0.7182080924855492 0.02697495183044316 0.03757225433526012
2 0.8169556840077071 0.6878612716763006 0.030828516377649325 0.03468208092485549
2 0.6888246628131022 0.6315028901734104 0.01348747591522158 0.02601156069364162
2 0.027938342967244702 0.6141618497109826 0.017341040462427744 0.03757225433526012
2 0.055876685934489405 0.6257225433526011 0.019267822736030827 0.02601156069364162
2 0.22736030828516376 0.6893063583815029 0.023121387283236993 0.02601156069364162
2 0.15028901734104047 0.6213872832369942 0.011560693641618497 0.023121387283236993
2 0.28998073217726394 0.6098265895953757 0.01348747591522158 0.017341040462427744
2 0.30828516377649323 0.619942196531792 0.015414258188824663 0.02601156069364162
2 0.3583815028901734 0.6141618497109826 0.015414258188824663 0.031791907514450865
2 0.3978805394990366 0.6170520231213873 0.017341040462427744 0.02023121387283237
2 0.3805394990366089 0.6098265895953757 0.017341040462427744 0.03468208092485549
2 0.4258188824662813 0.6069364161849711 0.015414258188824663 0.017341040462427744
2 0.41714836223506746 0.5895953757225434 0.009633911368015413 0.017341040462427744
2 0.4007707129094412 0.596820809248555 0.011560693641618497 0.02023121387283237
4 0.00674373795761079 0.6430635838150289 0.01348747591522158 0.11271676300578035
4 0.04527938342967245 0.5997109826589595 0.017341040462427744 0.02601156069364162
4 0.05684007707129094 0.653179190751445 0.017341040462427744 0.017341040462427744
4 0.08959537572254335 0.5895953757225434 0.017341040462427744 0.028901734104046242
4 0.0674373795761079 0.5982658959537572 0.015414258188824663 0.03468208092485549
4 0.11946050096339114 0.5939306358381503 0.030828516377649325 0.04335260115606936
4 0.15221579961464354 0.5924855491329479 0.03468208092485549 0.04046242774566474
4 0.22157996146435452 0.5823699421965318 0.10404624277456648 0.04335260115606936
4 0.31888246628131023 0.5780346820809249 0.08285163776493257 0.04046242774566474
4 0.394990366088632 0.5708092485549133 0.06936416184971098 0.02601156069364162
4 0.47109826589595377 0.5867052023121387 0.0789980732177264 0.06358381502890173
4 0.5375722543352601 0.565028901734104 0.057803468208092484 0.06069364161849711
4 0.6069364161849711 0.565028901734104 0.08092485549132948 0.06069364161849711
4 0.6859344894026975 0.5621387283236994 0.08092485549132948 0.06069364161849711
4 0.7514450867052023 0.5679190751445087 0.05009633911368015 0.07803468208092486
4 0.8073217726396917 0.565028901734104 0.05009633911368015 0.07225433526011561
4 0.8102119460500964 0.6184971098265896 0.028901734104046242 0.04046242774566474
4 0.9132947976878613 0.5390173410404624 0.16184971098265896 0.031791907514450865
4 0.8834296724470135 0.5823699421965318 0.05973025048169557 0.06069364161849711
4 0.953757225433526 0.5708092485549133 0.08477842003853564 0.031791907514450865
4 0.9556840077071291 0.5997109826589595 0.011560693641618497 0.03757225433526012
