0 0.22833333333333333 0.6 0.21333333333333335 0.7341176470588235
0 0.5616666666666666 0.5494117647058824 0.16666666666666666 0.5764705882352941
0 0.6833333333333333 0.5952941176470589 0.17666666666666667 0.611764705882353
0 0.8158333333333333 0.6552941176470588 0.175 0.6047058823529412
0 0.9166666666666666 0.6705882352941176 0.16666666666666666 0.6447058823529411
0 0.9383333333333334 0.5376470588235294 0.12333333333333334 0.5670588235294117
0 0.7191666666666666 0.45176470588235296 0.14166666666666666 0.49411764705882355
0 0.48833333333333334 0.4835294117647059 0.16 0.5576470588235294
0 0.36666666666666664 0.4294117647058823 0.15333333333333332 0.5341176470588235
0 0.3275 0.39294117647058824 0.15166666666666667 0.5223529411764706
0 0.12166666666666667 0.2635294117647059 0.11666666666666667 0.4047058823529412
0 0.18916666666666668 0.3129411764705882 0.12833333333333333 0.4470588235294118
0 0.4191666666666667 0.2988235294117647 0.115 0.4047058823529412
0 0.5325 0.3458823529411765 0.11833333333333333 0.41411764705882353
0 0.6441666666666667 0.4 0.13833333333333334 0.48
0 0.7941666666666667 0.20470588235294118 0.04833333333333333 0.16470588235294117
0 0.9716666666666667 0.21411764705882352 0.056666666666666664 0.2023529411764706
0 0.8933333333333333 0.3270588235294118 0.10666666666666667 0.36705882352941177
0 0.36833333333333335 0.12 0.03 0.10823529411764705
0 0.31666666666666665 0.11647058823529412 0.043333333333333335 0.15764705882352942
0 0.27 0.3070588235294118 0.11333333333333333 0.3976470588235294
0 0.8383333333333334 0.4835294117647059 0.15 0.5247058823529411
