0 0.1336405529953917 0.7696629213483146 0.09216589861751152 0.3782771535580524
0 0.19009216589861752 0.7191011235955056 0.07603686635944701 0.3146067415730337
0 0.2304147465437788 0.6816479400749064 0.059907834101382486 0.24719101123595505
0 0.402073732718894 0.7546816479400749 0.09907834101382489 0.39325842696629215
0 0.37672811059907835 0.6985018726591761 0.07603686635944701 0.30337078651685395
0 0.26036866359447003 0.6554307116104869 0.04608294930875576 0.18726591760299627
0 0.3317972350230415 0.6460674157303371 0.018433179723502304 0.07116104868913857
0 0.2868663594470046 0.6235955056179775 0.029953917050691243 0.11610486891385768
0 0.009216589861751152 0.6460674157303371 0.018433179723502304 0.10861423220973783
0 0.5783410138248848 0.6835205992509363 0.06912442396313365 0.2883895131086142
0 0.5241935483870968 0.6573033707865169 0.0576036866359447 0.23595505617977527
0 0.49193548387096775 0.651685393258427 0.04838709677419355 0.20224719101123595
0 0.6601382488479263 0.7265917602996255 0.09907834101382489 0.3970037453183521
0 0.9527649769585254 0.6460674157303371 0.07142857142857142 0.2958801498127341
0 0.8917050691244239 0.6966292134831461 0.0967741935483871 0.3895131086142322
0 0.7626728110599078 0.6666666666666666 0.06912442396313365 0.27715355805243447
0 0.8456221198156681 0.6423220973782772 0.059907834101382486 0.23595505617977527
0 0.6877880184331797 0.6460674157303371 0.06221198156682028 0.250936329588015
0 0.6002304147465438 0.6348314606741573 0.03917050691244239 0.16853932584269662
0 0.7188940092165899 0.6254681647940075 0.041474654377880185 0.17228464419475656
0 0.8133640552995391 0.599250936329588 0.02304147465437788 0.0898876404494382
0 0.44815668202764974 0.6179775280898876 0.02534562211981567 0.10486891385767791
0 0.3052995391705069 0.6273408239700374 0.029953917050691243 0.11610486891385768
0 0.09216589861751152 0.6385767790262172 0.027649769585253458 0.11610486891385768
0 0.02304147465437788 0.6460674157303371 0.02304147465437788 0.10112359550561797
4 0.06105990783410138 0.649812734082397 0.04838709677419355 0.11610486891385768
4 0.347926267281106 0.6479400749063671 0.018433179723502304 0.08239700374531835
4 0.619815668202765 0.6254681647940075 0.03225806451612903 0.08239700374531835
