0 0.074375 0.6714628297362111 0.12125 0.5707434052757794
0 0.15 0.473621103117506 0.0875 0.41007194244604317
0 0.219375 0.47601918465227816 0.10125 0.47721822541966424
0 0.266875 0.4460431654676259 0.10375 0.4940047961630695
0 0.303125 0.44964028776978415 0.10125 0.47721822541966424
0 0.360625 0.7278177458033573 0.10875 0.5155875299760192
0 0.4325 0.7074340527577938 0.11 0.513189448441247
0 0.075 0.4448441247002398 0.0975 0.4628297362110312
0 0.363125 0.36211031175059955 0.09125 0.4316546762589928
0 0.435625 0.38609112709832133 0.09375 0.4364508393285372
0 0.47125 0.4304556354916067 0.1125 0.5251798561151079
0 0.520625 0.5203836930455635 0.09375 0.4460431654676259
0 0.61375 0.5503597122302158 0.0975 0.4628297362110312
0 0.565625 0.46402877697841727 0.09875 0.4628297362110312
0 0.60375 0.5275779376498801 0.0925 0.4364508393285372
0 0.725625 0.737410071942446 0.10875 0.5155875299760192
0 0.7875 0.7086330935251799 0.1025 0.48201438848920863
0 0.84875 0.6798561151079137 0.1075 0.5011990407673861
0 0.915625 0.5839328537170264 0.10125 0.47721822541966424
0 0.956875 0.6594724220623501 0.08625 0.5179856115107914
0 0.710625 0.3129496402877698 0.09625 0.44844124700239807
0 0.684375 0.30335731414868106 0.08625 0.41007194244604317
0 0.83125 0.29136690647482016 0.095 0.45323741007194246
0 0.90125 0.2709832134292566 0.1025 0.47961630695443647
0 0.79 0.25059952038369304 0.09 0.4292565947242206
0 0.324375 0.35851318944844124 0.09875 0.4628297362110312
0 0.798125 0.8633093525179856 0.05375 0.2541966426858513
0 0.836875 0.8165467625899281 0.07625 0.36211031175059955
2 0.17625 0.23261390887290168 0.0625 0.19664268585131894
2 0.50625 0.2146282973621103 0.055 0.1366906474820144
2 0.706875 0.06474820143884892 0.03375 0.0815347721822542
2 0.744375 0.08513189448441247 0.02625 0.09832134292565947
2 0.804375 0.37889688249400477 0.04625 0.18225419664268586
2 0.090625 0.2446043165467626 0.05625 0.17266187050359713
2 0.6075 0.26139088729016785 0.045 0.11990407673860912
2 0.56125 0.22661870503597123 0.04 0.1079136690647482
2 0.385 0.9568345323741008 0.06 0.0815347721822542
