0 0.060909090909090906 0.6675675675675675 0.12181818181818181 0.6378378378378379
0 0.11818181818181818 0.6189189189189189 0.13818181818181818 0.5081081081081081
0 0.23 0.6527027027027027 0.1509090909090909 0.5486486486486486
0 0.18727272727272729 0.6405405405405405 0.11272727272727273 0.41081081081081083
0 0.30363636363636365 0.6716216216216216 0.15272727272727274 0.5594594594594594
0 0.3881818181818182 0.7256756756756757 0.14727272727272728 0.5378378378378378
0 0.44636363636363635 0.6810810810810811 0.15454545454545454 0.5621621621621622
0 0.5509090909090909 0.6743243243243243 0.13818181818181818 0.5054054054054054
0 0.6136363636363636 0.6837837837837838 0.1618181818181818 0.5891891891891892
0 0.7463636363636363 0.6567567567567567 0.12545454545454546 0.4540540540540541
0 0.7227272727272728 0.6270270270270271 0.10727272727272727 0.3945945945945946
0 0.8109090909090909 0.6716216216216216 0.13818181818181818 0.5
0 0.8581818181818182 0.6918918918918919 0.16727272727272727 0.6054054054054054
0 0.9236363636363636 0.5472972972972973 0.05090909090909091 0.1918918918918919
0 0.9490909090909091 0.5527027027027027 0.04363636363636364 0.15945945945945947
0 0.9872727272727273 0.5472972972972973 0.025454545454545455 0.14864864864864866
0 0.6809090909090909 0.5864864864864865 0.07090909090909091 0.2594594594594595
2 0.41 0.45675675675675675 0.045454545454545456 0.08108108108108109
2 0.3881818181818182 0.43513513513513513 0.09636363636363636 0.14054054054054055
2 0.33636363636363636 0.4581081081081081 0.03636363636363636 0.08378378378378379
2 0.49454545454545457 0.4837837837837838 0.04727272727272727 0.05945945945945946
2 0.5627272727272727 0.4418918918918919 0.08545454545454545 0.12162162162162163
2 0.6427272727272727 0.45675675675675675 0.04181818181818182 0.0972972972972973
