0 0.07 0.49624060150375937 0.13 0.48621553884711777
0 0.1725 0.5075187969924813 0.125 0.46365914786967416
0 0.3383333333333333 0.525062656641604 0.13 0.48370927318295737
0 0.405 0.4724310776942356 0.11 0.40350877192982454
0 0.48583333333333334 0.5413533834586466 0.145 0.5363408521303258
0 0.5125 0.5401002506265664 0.11166666666666666 0.41854636591478694
0 0.6541666666666667 0.556390977443609 0.15166666666666667 0.5614035087719298
0 0.7025 0.5426065162907269 0.14833333333333334 0.543859649122807
0 0.77 0.5764411027568922 0.16 0.5964912280701754
0 0.8283333333333334 0.5601503759398496 0.17666666666666667 0.6541353383458647
0 0.8516666666666667 0.6127819548872181 0.18333333333333332 0.6741854636591479
0 0.9091666666666667 0.506265664160401 0.12166666666666667 0.44611528822055135
0 0.2075 0.32706766917293234 0.015 0.05263157894736842
0 0.21916666666666668 0.3283208020050125 0.011666666666666667 0.05012531328320802
0 0.2325 0.3358395989974937 0.011666666666666667 0.05012531328320802
2 0.03166666666666667 0.556390977443609 0.056666666666666664 0.19047619047619047
2 0.16583333333333333 0.5927318295739349 0.10166666666666667 0.17293233082706766
2 0.6058333333333333 0.5263157894736842 0.04833333333333333 0.08521303258145363
2 0.3458333333333333 0.3157894736842105 0.035 0.05513784461152882
