0 0.044789762340036565 0.7001499250374813 0.08957952468007313 0.41379310344827586
0 0.14990859232175502 0.6896551724137931 0.10603290676416818 0.4287856071964018
0 0.22212065813528337 0.7653673163418291 0.09506398537477148 0.3793103448275862
0 0.2687385740402194 0.6596701649175413 0.08775137111517367 0.3568215892053973
0 0.3176416819012797 0.643928035982009 0.08683729433272395 0.34632683658170915
0 0.36517367458866545 0.623688155922039 0.09780621572212066 0.38980509745127434
0 0.41773308957952465 0.6851574212893553 0.10603290676416818 0.4257871064467766
0 0.5242230347349177 0.6604197901049476 0.11425959780621572 0.46026986506746626
0 0.6275137111517367 0.6409295352323838 0.11060329067641682 0.44227886056971516
0 0.5918647166361974 0.6206896551724138 0.0850091407678245 0.34182908545727136
0 0.6654478976234004 0.595952023988006 0.07678244972577697 0.3103448275862069
0 0.7042961608775137 0.5952023988005997 0.06855575868372943 0.27586206896551724
0 0.7372029250457038 0.6221889055472264 0.08135283363802559 0.32983508245877063
0 0.8180987202925045 0.6086956521739131 0.07678244972577697 0.3058470764617691
0 0.8971663619744058 0.638680659670165 0.10146252285191956 0.4077961019490255
0 0.9529250457038391 0.6784107946026986 0.09414990859232175 0.4752623688155922
2 0.10694698354661791 0.5134932533733133 0.054844606946983544 0.1454272863568216
2 0.07449725776965264 0.5097451274362819 0.03930530164533821 0.07496251874062969
2 0.17870201096892138 0.5382308845577212 0.04661791590493602 0.12893553223388307
2 0.21663619744058502 0.5224887556221889 0.04753199268738574 0.10044977511244378
2 0.24405850091407677 0.5029985007496252 0.031078610603290677 0.07646176911544228
2 0.4844606946983547 0.5119940029985007 0.03656307129798903 0.0704647676161919
2 0.5137111517367459 0.48200899550224885 0.029250457038391225 0.05547226386806597
2 0.7138939670932358 0.444527736131934 0.02376599634369287 0.046476761619190406
2 0.7664533820840951 0.43778110944527737 0.03016453382084095 0.041979010494752625
2 0.7637111517367459 0.48575712143928035 0.03016453382084095 0.07496251874062969
2 0.7824497257769653 0.4835082458770615 0.021937842778793418 0.034482758620689655
2 0.8852833638025595 0.4760119940029985 0.037477148080438755 0.0944527736131934
2 0.9369287020109689 0.46851574212893554 0.038391224862888484 0.12443778110944528
2 0.970292504570384 0.4767616191904048 0.033820840950639856 0.07196401799100449
2 0.9661791590493601 0.43478260869565216 0.02010968921389397 0.050974512743628186
