0 0.2975 0.6797752808988764 0.14 0.5205992509363296
0 0.17375 0.7116104868913857 0.1525 0.5617977528089888
0 0.11125 0.7284644194756554 0.1425 0.5280898876404494
0 0.4275 0.649812734082397 0.125 0.4606741573033708
0 0.35875 0.5074906367041199 0.1125 0.4157303370786517
0 0.195 0.41947565543071164 0.08 0.29213483146067415
0 0.0575 0.35580524344569286 0.055 0.20973782771535582
0 0.01875 0.37265917602996257 0.0375 0.22846441947565543
0 0.53875 0.6479400749063671 0.1275 0.47191011235955055
0 0.655 0.6554307116104869 0.135 0.4943820224719101
0 0.925 0.49250936329588013 0.09 0.3258426966292135
0 0.86375 0.4288389513108614 0.0675 0.250936329588015
0 0.51125 0.2958801498127341 0.0325 0.1198501872659176
0 0.5475 0.299625468164794 0.03 0.1198501872659176
0 0.57 0.3089887640449438 0.03 0.11610486891385768
0 0.58875 0.31835205992509363 0.0375 0.1348314606741573
0 0.78375 0.7247191011235955 0.1475 0.5430711610486891
0 0.13125 0.40074906367041196 0.0725 0.27715355805243447
0 0.1575 0.39325842696629215 0.05 0.18726591760299627
0 0.56375 0.6104868913857678 0.0875 0.3295880149812734
0 0.645 0.398876404494382 0.07 0.26591760299625467
0 0.89625 0.4232209737827715 0.0725 0.2696629213483146
0 0.9175 0.7677902621722846 0.12 0.449438202247191
2 0.275 0.4400749063670412 0.09 0.16853932584269662
2 0.24625 0.3202247191011236 0.0475 0.10112359550561797
2 0.285 0.3258426966292135 0.05 0.09737827715355805
2 0.03 0.6779026217228464 0.06 0.23220973782771537
2 0.95875 0.8014981273408239 0.0775 0.27715355805243447
2 0.76 0.34831460674157305 0.06 0.1198501872659176
2 0.70375 0.41198501872659177 0.0875 0.1947565543071161
2 0.67625 0.2883895131086142 0.0325 0.0599250936329588
2 0.7025 0.28277153558052437 0.03 0.04119850187265917
2 0.84125 0.301498127340824 0.0425 0.12359550561797752
2 0.84375 0.3838951310861423 0.0575 0.14606741573033707
2 0.82375 0.44756554307116103 0.0825 0.1760299625468165
2 0.4175 0.3707865168539326 0.07 0.1198501872659176
2 0.37375 0.32771535580524347 0.0275 0.056179775280898875
2 0.415 0.2883895131086142 0.055 0.06741573033707865
