0 0.14057971014492754 0.8921568627450981 0.014492753623188406 0.054466230936819175
0 0.15217391304347827 0.8976034858387799 0.014492753623188406 0.06100217864923747
0 0.1608695652173913 0.9128540305010894 0.03188405797101449 0.11764705882352941
0 0.18985507246376812 0.9030501089324618 0.014492753623188406 0.058823529411764705
0 0.036231884057971016 0.9281045751633987 0.034782608695652174 0.13071895424836602
0 0.24420289855072463 0.9237472766884531 0.036231884057971016 0.1394335511982571
0 0.29347826086956524 0.8954248366013072 0.007246376811594203 0.030501089324618737
0 0.3173913043478261 0.9084967320261438 0.02608695652173913 0.10021786492374728
0 0.34130434782608693 0.9183006535947712 0.02463768115942029 0.09803921568627451
0 0.372463768115942 0.9172113289760349 0.02608695652173913 0.09586056644880174
0 0.39202898550724635 0.906318082788671 0.015942028985507246 0.06100217864923747
0 0.40797101449275364 0.9106753812636166 0.015942028985507246 0.06100217864923747
0 0.4115942028985507 0.9095860566448801 0.011594202898550725 0.04139433551198257
0 0.4246376811594203 0.9117647058823529 0.014492753623188406 0.054466230936819175
0 0.4405797101449275 0.9117647058823529 0.014492753623188406 0.058823529411764705
0 0.4666666666666667 0.9095860566448801 0.017391304347826087 0.0718954248366013
0 0.508695652173913 0.9193899782135077 0.02318840579710145 0.0915032679738562
0 0.5579710144927537 0.9324618736383442 0.034782608695652174 0.12636165577342048
0 0.6536231884057971 0.9259259259259259 0.020289855072463767 0.0784313725490196
0 0.6855072463768116 0.9139433551198257 0.02318840579710145 0.08932461873638345
0 0.741304347826087 0.9281045751633987 0.02463768115942029 0.0915032679738562
0 0.7557971014492754 0.9400871459694989 0.02753623188405797 0.10675381263616558
0 0.7152173913043478 0.9150326797385621 0.01884057971014493 0.06971677559912855
0 0.8101449275362319 0.9368191721132898 0.028985507246376812 0.11328976034858387
0 0.7840579710144927 0.9237472766884531 0.020289855072463767 0.0784313725490196
0 0.8492753623188406 0.9368191721132898 0.03188405797101449 0.11764705882352941
2 0.5384057971014493 0.8758169934640523 0.02463768115942029 0.05664488017429194
2 0.9521739130434783 0.9357298474945533 0.06086956521739131 0.11982570806100218
2 0.9579710144927536 0.8997821350762527 0.028985507246376812 0.06971677559912855
2 0.9833333333333333 0.9302832244008714 0.02753623188405797 0.12200435729847495
2 0.8840579710144928 0.9052287581699346 0.03188405797101449 0.06318082788671024
2 0.8644927536231884 0.9019607843137255 0.02463768115942029 0.05664488017429194
2 0.9152173913043479 0.9313725490196079 0.08260869565217391 0.12854030501089325
