0 0.08359375 0.6208920187793427 0.0390625 0.1431924882629108
0 0.01640625 0.642018779342723 0.0328125 0.15258215962441316
0 0.1734375 0.7370892018779343 0.103125 0.38497652582159625
0 0.2546875 0.7875586854460094 0.1125 0.4154929577464789
0 0.29765625 0.6924882629107981 0.0921875 0.3380281690140845
0 0.225 0.6431924882629108 0.0875 0.323943661971831
0 0.33515625 0.6525821596244131 0.0828125 0.3051643192488263
0 0.38984375 0.7476525821596244 0.1140625 0.42488262910798125
0 0.39296875 0.6490610328638498 0.0953125 0.3544600938967136
0 0.43046875 0.596244131455399 0.0765625 0.28169014084507044
0 0.509375 0.7007042253521126 0.10625 0.392018779342723
0 0.6171875 0.6713615023474179 0.090625 0.3380281690140845
0 0.575 0.5269953051643192 0.05 0.19014084507042253
0 0.61484375 0.505868544600939 0.0515625 0.19014084507042253
0 0.64453125 0.5434272300469484 0.0609375 0.22300469483568075
0 0.68984375 0.5352112676056338 0.0546875 0.20657276995305165
0 0.721875 0.5586854460093896 0.065625 0.23943661971830985
0 0.771875 0.545774647887324 0.059375 0.22300469483568075
0 0.81953125 0.5774647887323944 0.0765625 0.28169014084507044
0 0.80546875 0.5305164319248826 0.0578125 0.2112676056338028
0 0.84921875 0.5199530516431925 0.0546875 0.20892018779342722
0 0.8640625 0.5563380281690141 0.06875 0.2535211267605634
0 0.9 0.5481220657276995 0.059375 0.21830985915492956
0 0.92734375 0.5328638497652582 0.0578125 0.22065727699530516
0 0.959375 0.43427230046948356 0.03125 0.11267605633802817
0 0.97265625 0.43309859154929575 0.0296875 0.11032863849765258
0 0.265625 0.528169014084507 0.03125 0.11267605633802817
2 0.87578125 0.41784037558685444 0.0265625 0.07511737089201878
2 0.9296875 0.40375586854460094 0.021875 0.056338028169014086
4 0.31875 0.44835680751173707 0.63125 0.15023474178403756
