0 0.03260869565217391 0.562862669245648 0.0391304347826087 0.13152804642166344
0 0.06956521739130435 0.5309477756286267 0.03768115942028986 0.1218568665377176
0 0.09927536231884058 0.5425531914893617 0.04492753623188406 0.1528046421663443
0 0.18405797101449275 0.5357833655705996 0.04057971014492753 0.13926499032882012
0 0.20217391304347826 0.5174081237911026 0.021739130434782608 0.07543520309477757
0 0.24565217391304348 0.5319148936170213 0.042028985507246375 0.13539651837524178
0 0.1644927536231884 0.5174081237911026 0.02463768115942029 0.08317214700193423
0 0.29637681159420287 0.5299806576402321 0.036231884057971016 0.12379110251450677
0 0.29130434782608694 0.5058027079303675 0.034782608695652174 0.11798839458413926
0 0.26231884057971017 0.5125725338491296 0.03188405797101449 0.10444874274661509
0 0.32608695652173914 0.5087040618955513 0.03188405797101449 0.10444874274661509
0 0.3427536231884058 0.5251450676982592 0.04492753623188406 0.1450676982591876
0 0.35289855072463766 0.52321083172147 0.0391304347826087 0.13346228239845262
0 0.39492753623188404 0.52321083172147 0.04492753623188406 0.1450676982591876
0 0.372463768115942 0.5 0.028985507246376812 0.09864603481624758
0 0.42028985507246375 0.5029013539651838 0.03188405797101449 0.10831721470019343
0 0.40507246376811595 0.5174081237911026 0.0391304347826087 0.13346228239845262
0 0.4514492753623188 0.5212765957446809 0.04492753623188406 0.1450676982591876
0 0.4789855072463768 0.5164410058027079 0.042028985507246375 0.14313346228239845
0 0.5079710144927536 0.4990328820116054 0.03333333333333333 0.10831721470019343
0 0.5246376811594203 0.5222437137330754 0.043478260869565216 0.1470019342359768
0 0.5420289855072464 0.5203094777562862 0.04057971014492753 0.13152804642166344
0 0.563768115942029 0.5212765957446809 0.0463768115942029 0.15667311411992263
0 0.586231884057971 0.534816247582205 0.07391304347826087 0.24177949709864605
0 0.65 0.5406189555125726 0.050724637681159424 0.172147001934236
0 0.6891304347826087 0.5377176015473888 0.06521739130434782 0.21663442940038685
0 0.7557971014492754 0.534816247582205 0.07101449275362319 0.23404255319148937
0 0.7420289855072464 0.5328820116054158 0.06376811594202898 0.21083172147001933
0 0.7847826086956522 0.5531914893617021 0.08260869565217391 0.2746615087040619
0 0.8268115942028985 0.5735009671179884 0.12318840579710146 0.40038684719535783
0 0.8920289855072464 0.5880077369439072 0.13768115942028986 0.4526112185686654
0 0.9601449275362319 0.6711798839458414 0.07971014492753623 0.4990328820116054
0 0.6275362318840579 0.5251450676982592 0.043478260869565216 0.14893617021276595
2 0.8594202898550725 0.4197292069632495 0.03188405797101449 0.061895551257253385
2 0.9239130434782609 0.4119922630560928 0.0391304347826087 0.061895551257253385
2 0.5492753623188406 0.4497098646034816 0.017391304347826087 0.04061895551257253
2 0.012318840579710146 0.4816247582205029 0.015942028985507246 0.03481624758220503
2 0.034782608695652174 0.49032882011605416 0.02608695652173913 0.04448742746615087
