0 0.056666666666666664 0.09666666666666666 0.02666666666666667 0.08666666666666667
0 0.11 0.1411111111111111 0.023333333333333334 0.08222222222222222
0 0.2375 0.1288888888888889 0.021666666666666667 0.07555555555555556
0 0.28833333333333333 0.14666666666666667 0.02 0.07111111111111111
0 0.3625 0.26555555555555554 0.021666666666666667 0.06888888888888889
0 0.39416666666666667 0.13777777777777778 0.018333333333333333 0.06222222222222222
0 0.4225 0.14555555555555555 0.018333333333333333 0.06444444444444444
0 0.46416666666666667 0.14222222222222222 0.025 0.08
0 0.635 0.83 0.06333333333333334 0.20666666666666667
0 0.7083333333333334 0.8355555555555556 0.05 0.1688888888888889
0 0.6341666666666667 0.2644444444444444 0.021666666666666667 0.07555555555555556
0 0.6708333333333333 0.2788888888888889 0.018333333333333333 0.06
0 0.8591666666666666 0.1811111111111111 0.025 0.08222222222222222
2 0.76 0.92 0.07666666666666666 0.12444444444444444
2 0.7325 0.9666666666666667 0.058333333333333334 0.057777777777777775
2 0.5266666666666666 0.16777777777777778 0.02666666666666667 0.051111111111111114
2 0.6583333333333333 0.7144444444444444 0.04666666666666667 0.09111111111111111
2 0.7125 0.6788888888888889 0.04833333333333333 0.09111111111111111
2 0.7241666666666666 0.7288888888888889 0.04833333333333333 0.07555555555555556
2 0.19916666666666666 0.14222222222222222 0.035 0.05333333333333334
4 0.795 0.2511111111111111 0.23333333333333334 0.1111111111111111
4 0.6791666666666667 0.4822222222222222 0.11833333333333333 0.36
