0 0.23277661795407098 0.7513888888888889 0.14822546972860126 0.49166666666666664
0 0.430062630480167 0.7333333333333333 0.15866388308977036 0.5222222222222223
0 0.5250521920668059 0.6972222222222222 0.12734864300626306 0.4222222222222222
0 0.5855949895615866 0.5263888888888889 0.06471816283924843 0.21944444444444444
0 0.662839248434238 0.5 0.081419624217119 0.2722222222222222
0 0.7505219206680585 0.6347222222222222 0.12317327766179541 0.4027777777777778
0 0.8183716075156576 0.6805555555555556 0.12943632567849686 0.42777777777777776
0 0.8663883089770354 0.6666666666666666 0.0709812108559499 0.22777777777777777
0 0.9624217118997912 0.5944444444444444 0.05010438413361169 0.16666666666666666
0 0.9801670146137788 0.5944444444444444 0.03966597077244259 0.16666666666666666
0 0.8966597077244259 0.5875 0.04801670146137787 0.15833333333333333
0 0.0824634655532359 0.6888888888888889 0.07724425887265135 0.25
0 0.12630480167014613 0.7208333333333333 0.06889352818371608 0.225
0 0.021920668058455117 0.6694444444444444 0.04384133611691023 0.2
0 0.038622129436325675 0.5777777777777777 0.04801670146137787 0.16111111111111112
0 0.12630480167014613 0.5722222222222222 0.03549060542797495 0.12222222222222222
0 0.15762004175365343 0.5791666666666667 0.04384133611691023 0.14722222222222223
0 0.3559498956158664 0.5791666666666667 0.05219206680584551 0.175
0 0.3162839248434238 0.5916666666666667 0.031315240083507306 0.10555555555555556
0 0.6304801670146137 0.5069444444444444 0.05845511482254697 0.19722222222222222
0 0.6931106471816284 0.5208333333333334 0.054279749478079335 0.18611111111111112
2 0.8549060542797495 0.5166666666666667 0.03966597077244259 0.06666666666666667
2 0.35803757828810023 0.7180555555555556 0.07724425887265135 0.11944444444444445
2 0.9519832985386222 0.7388888888888889 0.07515657620041753 0.08888888888888889
2 0.20981210855949894 0.5347222222222222 0.027139874739039668 0.04722222222222222
4 0.44258872651356995 0.4263888888888889 0.22964509394572025 0.09722222222222222
