0 0.84 0.7764378478664193 0.1075 0.3914656771799629
0 0.590625 0.6985157699443414 0.09625 0.35435992578849723
0 0.49875 0.5890538033395176 0.06 0.22077922077922077
0 0.4525 0.6465677179962894 0.0725 0.2653061224489796
0 0.424375 0.5714285714285714 0.05625 0.20408163265306123
0 0.384375 0.5556586270871985 0.05125 0.18738404452690166
0 0.381875 0.608534322820037 0.06125 0.22634508348794063
0 0.32375 0.5853432282003711 0.0575 0.20964749536178107
0 0.26625 0.5714285714285714 0.0575 0.21521335807050093
0 0.22125 0.5964749536178108 0.0575 0.21335807050092764
0 0.28875 0.660482374768089 0.08 0.2894248608534323
0 0.175625 0.5658627087198516 0.05875 0.21150278293135436
0 0.135625 0.5640074211502782 0.05375 0.20037105751391465
0 0.166875 0.6391465677179963 0.06625 0.24304267161410018
0 0.10375 0.6048237476808905 0.065 0.23376623376623376
0 0.061875 0.5816326530612245 0.06375 0.23191094619666047
0 0.045625 0.5714285714285714 0.05875 0.21521335807050093
0 0.01875 0.5510204081632653 0.0375 0.21521335807050093
0 0.2025 0.5435992578849722 0.055 0.20037105751391465
0 0.95875 0.5046382189239332 0.0625 0.22634508348794063
0 0.8075 0.4907235621521336 0.055 0.20222634508348794
0 0.785625 0.47217068645640076 0.04375 0.1614100185528757
0 0.770625 0.44805194805194803 0.03875 0.14285714285714285
0 0.753125 0.45269016697588127 0.04375 0.15955473098330242
0 0.7375 0.5083487940630798 0.0425 0.15955473098330242
0 0.6975 0.49165120593692024 0.0475 0.17810760667903525
0 0.665625 0.4897959183673469 0.04375 0.15955473098330242
0 0.6125 0.44990723562152135 0.035 0.1280148423005566
0 0.6225 0.4313543599257885 0.035 0.13172541743970315
0 0.681875 0.4461966604823748 0.03875 0.14285714285714285
0 0.826875 0.47959183673469385 0.04375 0.16512059369202226
0 0.914375 0.47031539888682744 0.05375 0.19480519480519481
0 0.016875 0.4174397031539889 0.02375 0.08534322820037106
0 0.04125 0.41929499072356213 0.0225 0.08163265306122448
0 0.06 0.42207792207792205 0.0225 0.08719851576994433
0 0.08 0.42393320964749537 0.0225 0.08719851576994433
0 0.10875 0.424860853432282 0.025 0.08905380333951762
0 0.13375 0.42857142857142855 0.0225 0.08534322820037106
0 0.163125 0.42578849721706863 0.02125 0.08348794063079777
0 0.189375 0.43042671614100186 0.02375 0.08905380333951762
0 0.21625 0.4322820037105751 0.025 0.08905380333951762
0 0.24125 0.44063079777365494 0.0275 0.10575139146567718
0 0.273125 0.44341372912801486 0.02625 0.09647495361781076
0 0.311875 0.44805194805194803 0.02875 0.10575139146567718
0 0.354375 0.45454545454545453 0.03125 0.1150278293135436
0 0.3925 0.45918367346938777 0.0325 0.12059369202226346
0 0.42125 0.45454545454545453 0.035 0.1261595547309833
0 0.4375 0.4619666048237477 0.03 0.1150278293135436
0 0.4575 0.4601113172541744 0.0325 0.12244897959183673
0 0.488125 0.46382189239332094 0.03625 0.13358070500927643
0 0.8475 0.4712430426716141 0.045 0.16326530612244897
0 0.885 0.47309833024118736 0.0425 0.15955473098330242
0 0.34625 0.37291280148423006 0.0175 0.06307977736549165
0 0.39125 0.3738404452690167 0.015 0.061224489795918366
0 0.42 0.3654916512059369 0.0175 0.06307977736549165
0 0.440625 0.3673469387755102 0.01625 0.06307977736549165
0 0.4875 0.3589981447124304 0.015 0.05380333951762523
0 0.619375 0.35064935064935066 0.01375 0.05194805194805195
0 0.66125 0.3423005565862709 0.015 0.0575139146567718
0 0.70625 0.34415584415584416 0.015 0.05380333951762523
0 0.738125 0.3385899814471243 0.01125 0.04638218923933209
0 0.79625 0.336734693877551 0.0125 0.05009276437847866
0 0.82875 0.3358070500927644 0.015 0.055658627087198514
0 0.87875 0.32838589981447125 0.015 0.059369202226345084
0 0.903125 0.32653061224489793 0.01625 0.059369202226345084
0 0.94375 0.32838589981447125 0.015 0.055658627087198514
0 0.98 0.323747680890538 0.015 0.05380333951762523
0 0.275 0.37755102040816324 0.0175 0.06493506493506493
0 0.291875 0.3812615955473098 0.01625 0.06493506493506493
0 0.331875 0.3719851576994434 0.01625 0.0575139146567718
0 0.228125 0.38311688311688313 0.01625 0.06493506493506493
0 0.211875 0.3580705009276438 0.01375 0.05194805194805195
0 0.186875 0.3849721706864564 0.01625 0.061224489795918366
0 0.168125 0.38404452690166974 0.01375 0.055658627087198514
0 0.03625 0.3682745825602968 0.0125 0.05009276437847866
0 0.026875 0.3692022263450835 0.01375 0.055658627087198514
2 0.069375 0.9081632653061225 0.13125 0.16883116883116883
2 0.1675 0.9155844155844156 0.1 0.1614100185528757
2 0.105 0.4777365491651206 0.03 0.05009276437847866
2 0.22625 0.48608534322820035 0.0325 0.06307977736549165
2 0.284375 0.4684601113172542 0.03375 0.0686456400742115
2 0.329375 0.48237476808905383 0.03375 0.07421150278293136
2 0.599375 0.4424860853432282 0.02125 0.07235621521335807
2 0.596875 0.39053803339517623 0.01875 0.03153988868274583
4 0.5 0.23840445269016697 0.9975 0.09833024118738404
4 0.811875 0.3868274582560297 0.37375 0.08348794063079777
4 0.334375 0.33766233766233766 0.21875 0.04823747680890538
