0 0.10891089108910891 0.5802197802197803 0.0858085808580858 0.2813186813186813
0 0.1485148514851485 0.6362637362637362 0.1188118811881188 0.38461538461538464
0 0.2079207920792079 0.6186813186813187 0.10891089108910891 0.35824175824175825
0 0.30115511551155116 0.5703296703296703 0.13366336633663367 0.432967032967033
0 0.4018151815181518 0.6472527472527473 0.16996699669966997 0.5560439560439561
0 0.5024752475247525 0.6483516483516484 0.16666666666666666 0.545054945054945
0 0.5915841584158416 0.6527472527472528 0.16996699669966997 0.5582417582417583
0 0.6938943894389439 0.6494505494505495 0.18646864686468648 0.6043956043956044
0 0.7417491749174917 0.6208791208791209 0.13036303630363036 0.42857142857142855
0 0.7863036303630363 0.5923076923076923 0.08745874587458746 0.2835164835164835
0 0.8292079207920792 0.5989010989010989 0.09405940594059406 0.3054945054945055
0 0.8638613861386139 0.610989010989011 0.10726072607260725 0.34725274725274724
0 0.9488448844884488 0.6164835164835165 0.10231023102310231 0.35824175824175825
2 0.3234323432343234 0.7912087912087912 0.15841584158415842 0.41318681318681316
2 0.6262376237623762 0.45274725274725275 0.04785478547854786 0.05274725274725275
