0 0.8261363636363637 0.8865248226950354 0.056818181818181816 0.2127659574468085
0 0.7511363636363636 0.8687943262411347 0.0659090909090909 0.24822695035460993
0 0.6772727272727272 0.8670212765957447 0.05909090909090909 0.2375886524822695
0 0.6534090909090909 0.8812056737588653 0.06136363636363636 0.23049645390070922
0 0.615909090909091 0.9024822695035462 0.045454545454545456 0.18085106382978725
0 0.5875 0.8670212765957447 0.06136363636363636 0.2375886524822695
0 0.38636363636363635 0.898936170212766 0.05 0.1950354609929078
0 0.3215909090909091 0.9078014184397163 0.04318181818181818 0.1702127659574468
0 0.3034090909090909 0.7925531914893617 0.0659090909090909 0.25177304964539005
0 0.41363636363636364 0.7783687943262412 0.05909090909090909 0.2375886524822695
0 0.47613636363636364 0.6790780141843972 0.056818181818181816 0.21631205673758866
0 0.49886363636363634 0.74822695035461 0.056818181818181816 0.2198581560283688
0 0.5306818181818181 0.7960992907801419 0.06136363636363636 0.2375886524822695
0 0.5784090909090909 0.6595744680851063 0.04772727272727273 0.19148936170212766
0 0.6363636363636364 0.7819148936170213 0.05909090909090909 0.23049645390070922
0 0.5034090909090909 0.9042553191489362 0.04318181818181818 0.1702127659574468
0 0.39431818181818185 0.6773049645390071 0.05227272727272727 0.20567375886524822
0 0.33295454545454545 0.6666666666666666 0.05227272727272727 0.20567375886524822
0 0.4318181818181818 0.5851063829787234 0.03636363636363636 0.14893617021276595
0 0.4636363636363636 0.4929078014184397 0.045454545454545456 0.1702127659574468
0 0.4034090909090909 0.5354609929078015 0.04318181818181818 0.16312056737588654
0 0.3715909090909091 0.5762411347517731 0.05227272727272727 0.20921985815602837
0 0.30227272727272725 0.6117021276595744 0.045454545454545456 0.18085106382978725
0 0.2556818181818182 0.6028368794326241 0.05227272727272727 0.19858156028368795
0 0.21931818181818183 0.526595744680851 0.04772727272727273 0.18085106382978725
0 0.19318181818181818 0.4716312056737589 0.04090909090909091 0.16312056737588654
0 0.3431818181818182 0.44858156028368795 0.04090909090909091 0.16666666666666666
0 0.5409090909090909 0.6560283687943262 0.05454545454545454 0.20567375886524822
0 0.43863636363636366 0.425531914893617 0.031818181818181815 0.12056737588652482
0 0.41363636363636364 0.4308510638297872 0.031818181818181815 0.13120567375886524
0 0.3784090909090909 0.4734042553191489 0.03409090909090909 0.13829787234042554
0 0.2534090909090909 0.44148936170212766 0.03409090909090909 0.13829787234042554
0 0.22840909090909092 0.4148936170212766 0.03409090909090909 0.1347517730496454
2 0.5022727272727273 0.9432624113475178 0.05909090909090909 0.09929078014184398
2 0.5022727272727273 0.5851063829787234 0.02727272727272727 0.0851063829787234
2 0.5375 0.5053191489361702 0.020454545454545454 0.08865248226950355
2 0.5568181818181818 0.5230496453900709 0.02727272727272727 0.05319148936170213
2 0.2818181818181818 0.45390070921985815 0.01818181818181818 0.03546099290780142
2 0.2556818181818182 0.4645390070921986 0.025 0.04964539007092199
2 0.29318181818181815 0.49822695035460995 0.02727272727272727 0.08156028368794327
2 0.31931818181818183 0.48404255319148937 0.03409090909090909 0.0673758865248227
2 0.3170454545454545 0.41843971631205673 0.029545454545454545 0.04964539007092199
2 0.8727272727272727 0.8705673758865248 0.05909090909090909 0.10283687943262411
2 0.8806818181818182 0.9326241134751773 0.0659090909090909 0.1276595744680851
2 0.7568181818181818 0.7358156028368794 0.05454545454545454 0.08865248226950355
4 0.29659090909090907 0.25354609929078015 0.18863636363636363 0.29432624113475175
