0 0.9426470588235294 0.5278396436525612 0.11470588235294117 0.6057906458797327
0 0.6926470588235294 0.6013363028953229 0.2088235294117647 0.7706013363028953
0 0.7654411764705882 0.5412026726057907 0.18970588235294117 0.6993318485523385
0 0.06323529411764706 0.4521158129175947 0.1264705882352941 0.6102449888641426
0 0.1514705882352941 0.5913140311804009 0.18529411764705883 0.6926503340757239
0 0.2323529411764706 0.5300668151447662 0.18235294117647058 0.6726057906458798
0 0.32573529411764707 0.5267260579064588 0.1661764705882353 0.621380846325167
0 0.37941176470588234 0.5167037861915368 0.1588235294117647 0.5924276169265034
0 0.49926470588235294 0.5133630289532294 0.1514705882352941 0.5634743875278396
0 0.5676470588235294 0.5211581291759465 0.12941176470588237 0.48106904231625836
0 0.6389705882352941 0.4933184855233853 0.12794117647058822 0.47438752783964366
0 0.8338235294117647 0.4532293986636971 0.11176470588235295 0.41648106904231624
0 0.9213235294117647 0.4354120267260579 0.11323529411764706 0.4209354120267261
0 0.8875 0.34966592427616927 0.09852941176470588 0.36971046770601335
2 0.11764705882352941 0.20378619153674832 0.06470588235294118 0.18485523385300667
2 0.21029411764705883 0.15256124721603564 0.052941176470588235 0.12694877505567928
2 0.18308823529411763 0.10690423162583519 0.057352941176470586 0.12026726057906459
2 0.3176470588235294 0.14253897550111358 0.06470588235294118 0.14253897550111358
2 0.37058823529411766 0.15478841870824053 0.05588235294117647 0.11804008908685969
2 0.48308823529411765 0.15924276169265034 0.057352941176470586 0.1091314031180401
2 0.4294117647058823 0.2873051224944321 0.058823529411764705 0.1603563474387528
2 0.5911764705882353 0.14587973273942093 0.047058823529411764 0.09131403118040089
2 0.6580882352941176 0.12806236080178174 0.057352941176470586 0.08240534521158129
2 0.7308823529411764 0.13919821826280623 0.05588235294117647 0.12694877505567928
2 0.8272058823529411 0.1915367483296214 0.045588235294117645 0.0935412026726058
2 0.9529411764705882 0.11581291759465479 0.07941176470588235 0.22717149220489977
2 0.9470588235294117 0.1514476614699332 0.03529411764705882 0.08463251670378619
2 0.8926470588235295 0.06570155902004454 0.04411764705882353 0.08685968819599109
2 0.85 0.04120267260579064 0.03823529411764706 0.0779510022271715
2 0.75 0.04899777282850779 0.041176470588235294 0.0801781737193764
