0 0.073125 0.6240601503759399 0.12625 0.46616541353383456
0 0.159375 0.6240601503759399 0.11125 0.40977443609022557
0 0.18875 0.6296992481203008 0.12 0.4398496240601504
0 0.250625 0.6212406015037594 0.11375 0.4191729323308271
0 0.440625 0.5921052631578947 0.10875 0.39849624060150374
0 0.51125 0.6024436090225563 0.095 0.35526315789473684
0 0.365 0.5902255639097744 0.0975 0.35714285714285715
0 0.558125 0.6597744360902256 0.09875 0.36466165413533835
0 0.586875 0.6334586466165414 0.09875 0.3684210526315789
0 0.6675 0.6362781954887218 0.1125 0.41541353383458646
0 0.72625 0.6174812030075187 0.1075 0.3966165413533835
0 0.7925 0.6296992481203008 0.0975 0.36466165413533835
0 0.851875 0.6259398496240601 0.09875 0.3609022556390977
0 0.911875 0.6343984962406015 0.09625 0.35526315789473684
0 0.955 0.6203007518796992 0.09 0.35714285714285715
2 0.316875 0.45958646616541354 0.03625 0.05451127819548872
2 0.28875 0.6560150375939849 0.135 0.37593984962406013
2 0.460625 0.7011278195488722 0.10875 0.3609022556390977
