0 0.9225 0.6583333333333333 0.07 0.23666666666666666
0 0.86125 0.665 0.0625 0.21
0 0.745 0.6466666666666666 0.065 0.22
0 0.7975 0.635 0.03 0.10333333333333333
0 0.7775 0.635 0.03 0.09666666666666666
0 0.685 0.6233333333333333 0.025 0.08666666666666667
0 0.6325 0.685 0.06 0.20333333333333334
0 0.59125 0.6316666666666667 0.0625 0.20333333333333334
0 0.56875 0.6516666666666666 0.0625 0.20333333333333334
0 0.5475 0.6783333333333333 0.07 0.23
0 0.48625 0.66 0.0625 0.20666666666666667
0 0.39375 0.67 0.0675 0.22666666666666666
0 0.435 0.6883333333333334 0.04 0.13
0 0.4475 0.6533333333333333 0.06 0.20666666666666667
0 0.64875 0.615 0.0225 0.07
0 0.3525 0.6033333333333334 0.025 0.08
