0 0.95 0.8185053380782918 0.076 0.3416370106761566
0 0.892 0.7188612099644128 0.052 0.23487544483985764
0 0.851 0.7419928825622776 0.062 0.2669039145907473
0 0.811 0.7722419928825622 0.066 0.2918149466192171
0 0.752 0.8096085409252669 0.076 0.3309608540925267
0 0.721 0.7295373665480427 0.054 0.24199288256227758
0 0.663 0.7437722419928826 0.062 0.2775800711743772
0 0.616 0.701067615658363 0.044 0.19217081850533807
0 0.563 0.7206405693950177 0.05 0.22419928825622776
0 0.593 0.7811387900355872 0.074 0.3238434163701068
0 0.48 0.8185053380782918 0.08 0.35587188612099646
0 0.402 0.7651245551601423 0.064 0.2846975088967972
0 0.436 0.701067615658363 0.048 0.20640569395017794
0 0.349 0.7313167259786477 0.05 0.22419928825622776
0 0.33 0.702846975088968 0.04 0.17437722419928825
0 0.283 0.8113879003558719 0.074 0.3274021352313167
0 0.258 0.7544483985765125 0.056 0.24199288256227758
0 0.147 0.7384341637010676 0.054 0.2313167259786477
0 0.065 0.6672597864768683 0.03 0.1387900355871886
0 0.039 0.6583629893238434 0.03 0.1423487544483986
0 0.109 0.6637010676156584 0.03 0.1387900355871886
0 0.181 0.6548042704626335 0.03 0.12811387900355872
0 0.206 0.6494661921708185 0.028 0.12455516014234876
4 0.501 0.5640569395017794 0.994 0.13167259786476868
