0 0.88720703125 0.5397135416666666 0.0654296875 0.21484375
0 0.826171875 0.5240885416666666 0.033203125 0.10807291666666667
0 0.74560546875 0.5286458333333334 0.0283203125 0.09375
0 0.7607421875 0.5260416666666666 0.029296875 0.09635416666666667
0 0.65869140625 0.51953125 0.0244140625 0.08072916666666667
0 0.638671875 0.5006510416666666 0.017578125 0.05859375
0 0.6083984375 0.5240885416666666 0.04296875 0.14453125
0 0.57177734375 0.5182291666666666 0.0302734375 0.1015625
0 0.498046875 0.53125 0.064453125 0.21354166666666666
0 0.525390625 0.5345052083333334 0.064453125 0.20963541666666666
0 0.44287109375 0.5240885416666666 0.0439453125 0.14192708333333334
0 0.35400390625 0.533203125 0.0712890625 0.23567708333333334
0 0.29296875 0.5397135416666666 0.068359375 0.22526041666666666
0 0.39013671875 0.51953125 0.0341796875 0.11458333333333333
0 0.46728515625 0.5149739583333334 0.0380859375 0.12369791666666667
0 0.41748046875 0.5130208333333334 0.0341796875 0.11458333333333333
0 0.2490234375 0.4993489583333333 0.021484375 0.07421875
0 0.18212890625 0.5123697916666666 0.0263671875 0.08984375
0 0.09912109375 0.52734375 0.0537109375 0.17708333333333334
0 0.1240234375 0.5286458333333334 0.046875 0.15625
0 0.13916015625 0.5208333333333334 0.0419921875 0.140625
0 0.05908203125 0.509765625 0.0283203125 0.09244791666666667
0 0.07373046875 0.5143229166666666 0.0283203125 0.09375
0 0.0263671875 0.51171875 0.0234375 0.078125
0 0.0400390625 0.5078125 0.021484375 0.0703125
0 0.21240234375 0.5032552083333334 0.0166015625 0.053385416666666664
0 0.236328125 0.4817708333333333 0.021484375 0.0703125
0 0.201171875 0.5045572916666666 0.015625 0.05078125
0 0.1650390625 0.501953125 0.017578125 0.055989583333333336
2 0.22021484375 0.474609375 0.0107421875 0.016927083333333332
2 0.16943359375 0.4739583333333333 0.0107421875 0.013020833333333334
2 0.04833984375 0.4798177083333333 0.0146484375 0.016927083333333332
2 0.0693359375 0.4752604166666667 0.009765625 0.013020833333333334
