0 0.134375 0.5677083333333334 0.040625 0.13958333333333334
0 0.9703125 0.6614583333333334 0.059375 0.3145833333333333
0 0.903125 0.5927083333333333 0.0625 0.21041666666666667
0 0.8578125 0.6 0.071875 0.23333333333333334
0 0.784375 0.5958333333333333 0.078125 0.25416666666666665
0 0.75078125 0.6229166666666667 0.0859375 0.2791666666666667
0 0.7 0.590625 0.071875 0.23541666666666666
0 0.64921875 0.609375 0.0765625 0.25625
0 0.61328125 0.6635416666666667 0.0984375 0.31875
0 0.56328125 0.6 0.0734375 0.24583333333333332
0 0.45703125 0.7302083333333333 0.1328125 0.4354166666666667
0 0.32265625 0.6458333333333334 0.0890625 0.2916666666666667
0 0.38515625 0.6104166666666667 0.0765625 0.25416666666666665
0 0.20859375 0.7364583333333333 0.1546875 0.5104166666666666
0 0.18359375 0.6135416666666667 0.0953125 0.3145833333333333
0 0.95625 0.55 0.040625 0.1375
0 0.28203125 0.5395833333333333 0.0359375 0.11666666666666667
0 0.296875 0.5395833333333333 0.034375 0.11666666666666667
2 0.3671875 0.49583333333333335 0.021875 0.04583333333333333
2 0.4078125 0.5 0.028125 0.041666666666666664
2 0.48359375 0.5072916666666667 0.0296875 0.052083333333333336
2 0.4921875 0.48125 0.025 0.04583333333333333
2 0.525 0.5010416666666667 0.01875 0.04375
2 0.54453125 0.4895833333333333 0.0203125 0.041666666666666664
2 0.596875 0.49375 0.01875 0.03333333333333333
2 0.83515625 0.484375 0.0203125 0.035416666666666666
2 0.86796875 0.48854166666666665 0.0140625 0.03125
2 0.8859375 0.4875 0.0125 0.029166666666666667
2 0.91484375 0.48854166666666665 0.0234375 0.03125
2 0.98515625 0.484375 0.0234375 0.04375
2 0.46015625 0.5020833333333333 0.0171875 0.0375
2 0.434375 0.49375 0.0125 0.020833333333333332
2 0.6625 0.48125 0.01875 0.03333333333333333
2 0.68671875 0.49583333333333335 0.0203125 0.03333333333333333
4 0.09453125 0.496875 0.0609375 0.03125
