0 0.01953125 0.8074670571010248 0.0390625 0.23865300146412885
0 0.08251953125 0.7972181551976574 0.0751953125 0.2796486090775988
0 0.03564453125 0.7364568081991215 0.0712890625 0.28111273792093705
0 0.1298828125 0.7869692532942899 0.080078125 0.2972181551976574
0 0.16357421875 0.7357247437774525 0.0654296875 0.2445095168374817
0 0.37744140625 0.7884333821376281 0.0732421875 0.2679355783308931
0 0.23388671875 0.8389458272327965 0.0537109375 0.19619326500732065
0 0.27099609375 0.7379209370424598 0.0673828125 0.24890190336749635
0 0.48974609375 0.7789165446559297 0.0634765625 0.23133235724743778
0 0.52294921875 0.7547584187408491 0.0576171875 0.212298682284041
0 0.564453125 0.7913616398243045 0.078125 0.28550512445095166
0 0.63916015625 0.7715959004392386 0.0634765625 0.2342606149341142
0 0.7138671875 0.6632503660322109 0.02734375 0.09956076134699854
0 0.5986328125 0.6661786237188873 0.025390625 0.09370424597364568
0 0.6435546875 0.6090775988286969 0.025390625 0.09370424597364568
0 0.775390625 0.6193265007320644 0.0234375 0.09077598828696926
0 0.82763671875 0.6207906295754027 0.0263671875 0.09956076134699854
0 0.8408203125 0.6544655929721815 0.03125 0.1171303074670571
0 0.8505859375 0.6200585651537335 0.025390625 0.09224011713030747
0 0.74609375 0.7862371888726208 0.06640625 0.24597364568081992
0 0.79150390625 0.8030746705710102 0.0712890625 0.26207906295754024
0 0.90380859375 0.8418740849194729 0.0498046875 0.18448023426061494
0 0.9072265625 0.7928257686676428 0.0703125 0.2591508052708638
0 0.95751953125 0.6610541727672035 0.0361328125 0.13616398243045388
2 0.47314453125 0.6002928257686676 0.0185546875 0.055636896046852125
2 0.10205078125 0.6383601756954612 0.0322265625 0.0527086383601757
2 0.6181640625 0.8704245973645681 0.037109375 0.07174231332357248
3 0.30078125 0.5058565153733529 0.044921875 0.1800878477306003
3 0.34326171875 0.4780380673499268 0.0400390625 0.20351390922401172
3 0.1865234375 0.5065885797950219 0.052734375 0.2225475841874085
