0 0.17291666666666666 0.536 0.14305555555555555 0.508
0 0.21319444444444444 0.501 0.12916666666666668 0.458
0 0.2569444444444444 0.509 0.1361111111111111 0.482
0 0.32569444444444445 0.509 0.1375 0.482
0 0.4152777777777778 0.506 0.14722222222222223 0.52
0 0.36180555555555555 0.469 0.14305555555555555 0.502
0 0.4875 0.457 0.14722222222222223 0.522
0 0.5256944444444445 0.492 0.14583333333333334 0.516
0 0.6034722222222222 0.511 0.15416666666666667 0.542
0 0.6833333333333333 0.48 0.16111111111111112 0.564
0 0.7430555555555556 0.472 0.14166666666666666 0.504
0 0.8291666666666667 0.487 0.15555555555555556 0.55
0 0.5875 0.465 0.14444444444444443 0.514
