0 0.09852941176470588 0.728701406120761 0.020588235294117647 0.028122415219189414
0 0.1963235294117647 0.7890818858560794 0.08970588235294118 0.12572373862696443
0 0.2823529411764706 0.7990074441687345 0.07941176470588235 0.10918114143920596
0 0.6191176470588236 0.8023159636062862 0.08823529411764706 0.12406947890818859
0 0.611764705882353 0.7878411910669976 0.08823529411764706 0.12324234904880066
0 0.6485294117647059 0.7754342431761787 0.1 0.1381306865177833
0 0.3610294117647059 0.7460711331679074 0.045588235294117645 0.06286186931348221
0 0.3073529411764706 0.7543424317617866 0.047058823529411764 0.06617038875103391
0 0.25441176470588234 0.7344913151364765 0.03529411764705882 0.04962779156327544
0 0.16323529411764706 0.7344913151364765 0.026470588235294117 0.0380479735318445
0 0.38823529411764707 0.7303556658395368 0.01764705882352941 0.02481389578163772
0 0.43014705882352944 0.7303556658395368 0.027941176470588237 0.0413564929693962
0 0.4625 0.7220843672456576 0.027941176470588237 0.0413564929693962
0 0.5257352941176471 0.7158808933002482 0.033823529411764704 0.04880066170388751
0 0.5389705882352941 0.7183622828784119 0.030882352941176472 0.04218362282878412
0 0.549264705882353 0.7870140612076096 0.09558823529411764 0.1315136476426799
2 0.10735294117647058 0.8424317617866005 0.16176470588235295 0.14640198511166252
2 0.49926470588235294 0.8130686517783292 0.175 0.15384615384615385
2 0.08602941176470588 0.7212572373862697 0.016176470588235296 0.008271298593879239
2 0.45 0.7315963606286187 0.03235294117647059 0.017369727047146403
2 0.4948529411764706 0.7332506203473945 0.045588235294117645 0.028949545078577336
2 0.30367647058823527 0.7146401985111662 0.025 0.018196856906534328
