0 0.18833333333333332 0.6766169154228856 0.17 0.6218905472636815
0 0.05333333333333334 0.572139303482587 0.10666666666666667 0.43781094527363185
0 0.0875 0.5646766169154229 0.115 0.42786069651741293
0 0.5875 0.5099502487562189 0.07833333333333334 0.2885572139303483
0 0.77 0.6305970149253731 0.17 0.6194029850746269
0 0.8308333333333333 0.6144278606965174 0.14833333333333334 0.5422885572139303
0 0.8758333333333334 0.5771144278606966 0.135 0.4925373134328358
0 0.9641666666666666 0.42786069651741293 0.03166666666666667 0.11442786069651742
0 0.6783333333333333 0.4216417910447761 0.02666666666666667 0.09701492537313433
0 0.3883333333333333 0.4527363184079602 0.056666666666666664 0.208955223880597
0 0.4775 0.44527363184079605 0.04833333333333333 0.17412935323383086
0 0.7216666666666667 0.42412935323383083 0.02666666666666667 0.09701492537313433
2 0.24 0.3843283582089552 0.06 0.1318407960199005
