0 0.0771513353115727 0.7707423580786026 0.1543026706231454 0.3318777292576419
0 0.23738872403560832 0.712882096069869 0.1543026706231454 0.2816593886462882
0 0.32047477744807124 0.8220524017467249 0.18991097922848665 0.34279475982532753
0 0.4970326409495549 0.7794759825327511 0.18100890207715134 0.32751091703056767
0 0.8991097922848664 0.6048034934497817 0.12462908011869436 0.22707423580786026
0 0.7997032640949555 0.517467248908297 0.09198813056379822 0.16593886462882096
0 0.7136498516320475 0.5895196506550219 0.11572700296735905 0.21397379912663755
0 0.6275964391691394 0.6986899563318777 0.1572700296735905 0.28820960698689957
0 0.4124629080118694 0.6157205240174672 0.11869436201780416 0.2183406113537118
0 0.35756676557863504 0.648471615720524 0.1394658753709199 0.24890829694323144
0 0.9688427299703264 0.3558951965065502 0.04451038575667656 0.08733624454148471
0 0.913946587537092 0.39847161572052403 0.06528189910979229 0.12445414847161572
0 0.8649851632047477 0.3941048034934498 0.06824925816023739 0.12445414847161572
0 0.40801186943620177 0.38100436681222705 0.04451038575667656 0.08078602620087336
0 0.4421364985163205 0.42248908296943233 0.06528189910979229 0.11572052401746726
0 0.38724035608308605 0.4344978165938865 0.06824925816023739 0.1222707423580786
0 0.7507418397626113 0.45414847161572053 0.0771513353115727 0.13973799126637554
2 0.49851632047477745 0.5349344978165939 0.06528189910979229 0.0611353711790393
2 0.5074183976261127 0.490174672489083 0.04747774480712166 0.04148471615720524
2 0.47032640949554894 0.4497816593886463 0.026706231454005934 0.034934497816593885
2 0.6439169139465876 0.519650655021834 0.06528189910979229 0.056768558951965066
2 0.6869436201780416 0.4585152838427948 0.05637982195845697 0.048034934497816595
2 0.5608308605341247 0.4366812227074236 0.0712166172106825 0.06986899563318777
2 0.6439169139465876 0.43231441048034935 0.04747774480712166 0.048034934497816595
2 0.48516320474777447 0.3231441048034934 0.03857566765578635 0.03056768558951965
2 0.4198813056379822 0.3155021834061135 0.032640949554896145 0.04148471615720524
2 0.3694362017804154 0.3951965065502183 0.026706231454005934 0.03056768558951965
2 0.8189910979228486 0.3406113537117904 0.02967359050445104 0.026200873362445413
2 0.7581602373887241 0.36026200873362446 0.032640949554896145 0.048034934497816595
2 0.6958456973293768 0.3548034934497817 0.026706231454005934 0.019650655021834062
2 0.5133531157270029 0.34934497816593885 0.04747774480712166 0.03056768558951965
2 0.5979228486646885 0.37882096069869 0.04451038575667656 0.03275109170305677
2 0.6869436201780416 0.37882096069869 0.050445103857566766 0.04148471615720524
2 0.5326409495548962 0.32096069868995636 0.04451038575667656 0.03056768558951965
2 0.5667655786350149 0.3155021834061135 0.02373887240356083 0.03711790393013101
2 0.6053412462908012 0.31004366812227074 0.02967359050445104 0.03056768558951965
2 0.615727002967359 0.32096069868995636 0.026706231454005934 0.03056768558951965
2 0.6572700296735905 0.32751091703056767 0.026706231454005934 0.034934497816593885
2 0.8130563798219584 0.41375545851528384 0.03560830860534125 0.03711790393013101
4 0.7181008902077152 0.3034934497816594 0.5281899109792285 0.14410480349344978
