0 0.088 0.5 0.06 0.20533333333333334
0 0.114 0.44133333333333336 0.044 0.152
0 0.221 0.424 0.038 0.12266666666666666
0 0.311 0.43066666666666664 0.034 0.10933333333333334
0 0.329 0.428 0.034 0.11466666666666667
0 0.42 0.4493333333333333 0.048 0.16266666666666665
0 0.386 0.516 0.076 0.25333333333333335
0 0.285 0.592 0.118 0.384
0 0.498 0.44666666666666666 0.032 0.10933333333333334
0 0.573 0.476 0.066 0.216
0 0.678 0.4826666666666667 0.056 0.18133333333333335
0 0.754 0.468 0.04 0.13066666666666665
0 0.784 0.548 0.092 0.30666666666666664
0 0.959 0.5266666666666666 0.066 0.22133333333333333
0 0.917 0.4493333333333333 0.038 0.12533333333333332
0 0.893 0.43733333333333335 0.038 0.12266666666666666
0 0.857 0.44 0.034 0.112
0 0.838 0.44 0.036 0.11733333333333333
0 0.719 0.43066666666666664 0.038 0.13066666666666665
0 0.653 0.43333333333333335 0.034 0.12
0 0.624 0.42933333333333334 0.028 0.096
0 0.538 0.42133333333333334 0.032 0.112
0 0.469 0.4186666666666667 0.026 0.08533333333333333
0 0.358 0.416 0.028 0.09066666666666667
0 0.336 0.41333333333333333 0.028 0.09066666666666667
0 0.252 0.41333333333333333 0.024 0.08
0 0.188 0.41733333333333333 0.024 0.08266666666666667
0 0.165 0.412 0.03 0.09866666666666667
0 0.136 0.416 0.032 0.112
0 0.056 0.428 0.024 0.088
0 0.032 0.4013333333333333 0.028 0.09333333333333334
4 0.198 0.36533333333333334 0.344 0.048
4 0.469 0.37466666666666665 0.166 0.04533333333333334
4 0.777 0.376 0.438 0.06933333333333333
