0 0.04782608695652174 0.38136511375947996 0.09565217391304348 0.18634886240520043
0 0.07681159420289856 0.3743228602383532 0.057971014492753624 0.10509209100758396
0 0.13043478260869565 0.3629469122426869 0.05507246376811594 0.09967497291440953
0 0.2492753623188406 0.36836403033586135 0.06376811594202898 0.11700975081256772
0 0.2536231884057971 0.48537378114842905 0.13043478260869565 0.24052004333694474
0 0.336231884057971 0.4371614301191766 0.10434782608695652 0.19393282773564463
0 0.3855072463768116 0.4111592632719393 0.08115942028985507 0.15059588299024917
0 0.42028985507246375 0.3959913326110509 0.07536231884057971 0.13976164680390032
0 0.4384057971014493 0.3916576381365114 0.07101449275362319 0.13109425785482123
0 0.45869565217391306 0.38136511375947996 0.06231884057971015 0.11700975081256772
0 0.48405797101449277 0.3781148429035753 0.06086956521739131 0.11267605633802817
0 0.4623188405797101 0.6088840736728061 0.21159420289855072 0.38786565547128926
0 0.7050724637681159 0.5249187432286024 0.1463768115942029 0.2676056338028169
0 0.6528985507246376 0.4517876489707476 0.1 0.18634886240520043
0 0.6318840579710145 0.4014084507042254 0.07246376811594203 0.13326110509209102
0 0.6202898550724638 0.3829902491874323 0.057971014492753624 0.1094257854821235
2 0.6739130434782609 0.3580715059588299 0.05507246376811594 0.016251354279523293
2 0.6094202898550725 0.36240520043336943 0.015942028985507246 0.08559046587215602
4 0.20434782608695654 0.3174431202600217 0.057971014492753624 0.01950162513542795
4 0.3115942028985507 0.32448537378114845 0.028985507246376812 0.011917659804983749
4 0.5391304347826087 0.3326110509209101 0.07246376811594203 0.01733477789815818
4 0.9152173913043479 0.3640303358613218 0.16666666666666666 0.0390032502708559
4 0.09492753623188406 0.3179848320693391 0.059420289855072465 0.018418201516793065
