0 0.47375 0.5131578947368421 0.0425 0.15413533834586465
0 0.5075 0.4981203007518797 0.045 0.16917293233082706
0 0.02625 0.7030075187969925 0.0425 0.15789473684210525
0 0.07 0.693609022556391 0.045 0.16165413533834586
0 0.11625 0.7387218045112782 0.0475 0.17669172932330826
0 0.15 0.7556390977443609 0.05 0.18045112781954886
0 0.165 0.7593984962406015 0.045 0.17293233082706766
0 0.185 0.7631578947368421 0.05 0.18796992481203006
0 0.22875 0.7744360902255639 0.0475 0.18796992481203006
0 0.26 0.7894736842105263 0.05 0.18045112781954886
0 0.28875 0.7725563909774437 0.0475 0.17669172932330826
0 0.31 0.7838345864661654 0.05 0.19172932330827067
0 0.365 0.7819548872180451 0.045 0.16541353383458646
0 0.41875 0.7781954887218046 0.0475 0.18045112781954886
0 0.46125 0.7706766917293233 0.0475 0.18045112781954886
0 0.50125 0.7725563909774437 0.0425 0.16917293233082706
0 0.53 0.7612781954887218 0.035 0.13909774436090225
0 0.5625 0.7462406015037594 0.045 0.16917293233082706
0 0.61625 0.7838345864661654 0.0475 0.18421052631578946
0 0.63875 0.7838345864661654 0.0375 0.14661654135338345
0 0.655 0.7725563909774437 0.04 0.15413533834586465
0 0.67125 0.7612781954887218 0.0375 0.13909774436090225
0 0.69125 0.7875939849624061 0.0425 0.16165413533834586
0 0.73125 0.7744360902255639 0.0475 0.17293233082706766
0 0.76375 0.7800751879699248 0.0475 0.17669172932330826
0 0.79 0.7744360902255639 0.045 0.16541353383458646
0 0.83625 0.7857142857142857 0.0475 0.17293233082706766
0 0.87625 0.7800751879699248 0.0475 0.17669172932330826
0 0.91 0.7894736842105263 0.05 0.18045112781954886
0 0.9425 0.7875939849624061 0.045 0.17669172932330826
0 0.96125 0.7142857142857143 0.0375 0.14285714285714285
4 0.6825 0.10526315789473684 0.295 0.19548872180451127
4 0.28875 0.02631578947368421 0.4575 0.05263157894736842
