0 0.0165625 0.5695611577964519 0.033125 0.13071895424836602
0 0.0678125 0.6111111111111112 0.064375 0.23622782446311857
0 0.15125 0.6993464052287581 0.11875 0.4351073762838469
0 0.171875 0.6106442577030813 0.06625 0.2446311858076564
0 0.236875 0.6092436974789915 0.0675 0.24743230625583568
0 0.2696875 0.6055088702147525 0.074375 0.27170868347338933
0 0.355625 0.5882352941176471 0.05125 0.18674136321195145
0 0.473125 0.6442577030812325 0.10625 0.3865546218487395
0 0.554375 0.5854341736694678 0.04625 0.16993464052287582
0 0.524375 0.5830999066293184 0.045 0.16713352007469653
0 0.4303125 0.5770308123249299 0.043125 0.15873015873015872
0 0.4159375 0.5583566760037348 0.034375 0.12698412698412698
0 0.2959375 0.5966386554621849 0.051875 0.19047619047619047
0 0.3165625 0.565359477124183 0.031875 0.11858076563958916
0 0.2071875 0.5845004668534081 0.028125 0.10457516339869281
0 0.37875 0.565359477124183 0.0325 0.11858076563958916
0 0.595 0.5429505135387488 0.01625 0.06255835667600373
0 0.743125 0.5448179271708683 0.025 0.09056956115779645
0 0.765625 0.5429505135387488 0.025 0.09243697478991597
0 0.7803125 0.5471521942110178 0.025625 0.09523809523809523
0 0.8628125 0.5471521942110178 0.031875 0.1157796451914099
0 0.8896875 0.5569561157796452 0.035625 0.13165266106442577
0 0.9246875 0.5499533146591971 0.033125 0.12138188608776844
0 0.941875 0.5513538748832867 0.03375 0.12418300653594772
0 0.9915625 0.5410830999066293 0.016875 0.1092436974789916
2 0.0440625 0.5756302521008403 0.016875 0.09056956115779645
2 0.0865625 0.5718954248366013 0.010625 0.07749766573295985
2 0.1834375 0.5340802987861811 0.016875 0.06162464985994398
2 0.201875 0.5228758169934641 0.01125 0.031746031746031744
2 0.215625 0.5317460317460317 0.0175 0.032679738562091505
2 0.219375 0.5168067226890757 0.01125 0.02334267040149393
2 0.2559375 0.5168067226890757 0.013125 0.028944911297852476
2 0.335625 0.5186741363211952 0.0125 0.02707749766573296
2 0.4015625 0.5798319327731093 0.019375 0.11017740429505135
2 0.51375 0.5154061624649859 0.015 0.028011204481792718
2 0.5196875 0.5009337068160598 0.013125 0.03081232492997199
2 0.5353125 0.5168067226890757 0.015625 0.04201680672268908
2 0.619375 0.5443510737628384 0.0175 0.06349206349206349
2 0.6353125 0.5504201680672269 0.023125 0.058823529411764705
2 0.6471875 0.5662931839402428 0.025625 0.08496732026143791
2 0.6671875 0.5620915032679739 0.021875 0.08776844070961717
2 0.6721875 0.5261437908496732 0.011875 0.02707749766573296
2 0.688125 0.5658263305322129 0.01375 0.09337068160597572
2 0.7159375 0.5714285714285714 0.036875 0.08776844070961717
2 0.7365625 0.5700280112044818 0.018125 0.09243697478991597
2 0.71875 0.5336134453781513 0.00875 0.025210084033613446
2 0.7928125 0.5560224089635855 0.025625 0.09056956115779645
2 0.8065625 0.5434173669467787 0.013125 0.04855275443510738
2 0.8309375 0.5644257703081232 0.024375 0.08683473389355742
2 0.8221875 0.5289449112978525 0.009375 0.021475256769374416
2 0.8525 0.5471521942110178 0.01875 0.07096171802054155
2 0.9684375 0.5639589169000934 0.016875 0.06909430438842204
2 0.9846875 0.5588235294117647 0.014375 0.04948646125116713
2 0.973125 0.5252100840336135 0.01125 0.021475256769374416
2 0.9915625 0.5023342670401494 0.011875 0.02054154995331466
2 0.9109375 0.5681605975723623 0.021875 0.055088702147525676
3 0.6896875 0.5121381886087768 0.043125 0.055088702147525676
3 0.495 0.4995331465919701 0.03 0.0392156862745098
3 0.8615625 0.503734827264239 0.040625 0.040149393090569564
