0 0.18055555555555555 0.48032407407407407 0.06944444444444445 0.2337962962962963
0 0.2309027777777778 0.5023148148148148 0.07291666666666667 0.24537037037037038
0 0.2734375 0.5208333333333334 0.06770833333333333 0.22685185185185186
0 0.3038194444444444 0.47337962962962965 0.07291666666666667 0.23842592592592593
0 0.3420138888888889 0.5335648148148148 0.09027777777777778 0.2986111111111111
0 0.3619791666666667 0.4976851851851852 0.06770833333333333 0.22685185185185186
0 0.4392361111111111 0.5162037037037037 0.0798611111111111 0.2638888888888889
0 0.4565972222222222 0.46875 0.06944444444444445 0.22916666666666666
0 0.5069444444444444 0.5335648148148148 0.09375 0.30787037037037035
0 0.5911458333333334 0.5173611111111112 0.078125 0.26157407407407407
0 0.6597222222222222 0.5069444444444444 0.07291666666666667 0.24074074074074073
0 0.6770833333333334 0.5474537037037037 0.08680555555555555 0.2847222222222222
0 0.7230902777777778 0.47685185185185186 0.06770833333333333 0.22685185185185186
0 0.7595486111111112 0.5428240740740741 0.07465277777777778 0.24305555555555555
0 0.8220486111111112 0.4976851851851852 0.078125 0.25462962962962965
