0 0.088 0.6486486486486487 0.044 0.16216216216216217
0 0.107 0.6516516516516516 0.046 0.17417417417417416
0 0.14 0.6486486486486487 0.052 0.1921921921921922
0 0.183 0.6456456456456456 0.062 0.22822822822822822
0 0.241 0.6576576576576577 0.038 0.14414414414414414
0 0.274 0.6576576576576577 0.04 0.15615615615615616
0 0.335 0.6621621621621622 0.05 0.1891891891891892
0 0.392 0.6606606606606606 0.06 0.2222222222222222
0 0.463 0.6771771771771772 0.054 0.19519519519519518
0 0.521 0.6621621621621622 0.054 0.19519519519519518
0 0.587 0.6726726726726727 0.042 0.15615615615615616
0 0.673 0.6621621621621622 0.05 0.1831831831831832
2 0.29 0.9594594594594594 0.072 0.08108108108108109
2 0.105 0.933933933933934 0.09 0.10810810810810811
2 0.379 0.9459459459459459 0.082 0.10810810810810811
2 0.529 0.9564564564564565 0.09 0.08708708708708708
2 0.735 0.9459459459459459 0.066 0.1021021021021021
2 0.81 0.9459459459459459 0.104 0.07207207207207207
2 0.878 0.9144144144144144 0.056 0.14114114114114115
2 0.922 0.8933933933933934 0.068 0.07507507507507508
2 0.971 0.9129129129129129 0.058 0.16216216216216217
4 0.845 0.7162162162162162 0.31 0.10510510510510511
