0 0.28470031545741326 0.6032448377581121 0.14037854889589904 0.6460176991150443
0 0.8533123028391167 0.5383480825958702 0.19558359621451105 0.8938053097345132
0 0.016561514195583597 0.387905604719764 0.033123028391167195 0.23893805309734514
0 0.03470031545741325 0.3997050147492625 0.05362776025236593 0.25073746312684364
0 0.08123028391167192 0.41002949852507375 0.04889589905362776 0.23008849557522124
0 0.1309148264984227 0.4026548672566372 0.0473186119873817 0.22123893805309736
0 0.1971608832807571 0.40117994100294985 0.04100946372239748 0.1887905604719764
0 0.1695583596214511 0.41150442477876104 0.04258675078864353 0.19174041297935104
0 0.2302839116719243 0.3938053097345133 0.04416403785488959 0.20943952802359883
0 0.3462145110410095 0.3834808259587021 0.03627760252365931 0.1710914454277286
0 0.37618296529968454 0.3864306784660767 0.052050473186119876 0.24188790560471976
0 0.40930599369085174 0.38495575221238937 0.03627760252365931 0.168141592920354
0 0.43454258675078866 0.39085545722713866 0.03627760252365931 0.17404129793510326
0 0.4645110410094637 0.3805309734513274 0.02996845425867508 0.14749262536873156
0 0.4802839116719243 0.3893805309734513 0.03943217665615142 0.18289085545722714
0 0.5236593059936908 0.3938053097345133 0.028391167192429023 0.13274336283185842
0 0.527602523659306 0.3746312684365782 0.02996845425867508 0.1415929203539823
0 0.5473186119873817 0.37905604719764013 0.03470031545741325 0.16224188790560473
0 0.5654574132492114 0.3746312684365782 0.04258675078864353 0.20058997050147492
0 0.5970031545741324 0.3834808259587021 0.03943217665615142 0.1887905604719764
0 0.6151419558359621 0.3893805309734513 0.03785488958990536 0.17699115044247787
0 0.6309148264984227 0.387905604719764 0.03470031545741325 0.168141592920354
0 0.6616719242902208 0.3893805309734513 0.03943217665615142 0.1887905604719764
0 0.6813880126182965 0.3967551622418879 0.03470031545741325 0.16224188790560473
0 0.7097791798107256 0.387905604719764 0.04416403785488959 0.20943952802359883
0 0.7271293375394322 0.40412979351032446 0.04416403785488959 0.21238938053097345
0 0.4960567823343849 0.3687315634218289 0.03627760252365931 0.1710914454277286
