0 0.136 0.664 0.104 0.336
0 0.274 0.7413333333333333 0.144 0.4693333333333333
0 0.35 0.7413333333333333 0.156 0.5066666666666667
0 0.423 0.696 0.114 0.37866666666666665
0 0.513 0.6626666666666666 0.094 0.30666666666666664
0 0.571 0.72 0.15 0.48533333333333334
0 0.641 0.6706666666666666 0.106 0.34933333333333333
0 0.712 0.6533333333333333 0.084 0.272
0 0.825 0.72 0.13 0.4266666666666667
0 0.75 0.6333333333333333 0.072 0.23733333333333334
0 0.775 0.6293333333333333 0.062 0.208
0 0.686 0.616 0.06 0.19733333333333333
0 0.075 0.6066666666666667 0.058 0.18933333333333333
0 0.184 0.6053333333333333 0.048 0.15466666666666667
0 0.204 0.604 0.048 0.15733333333333333
0 0.242 0.5893333333333334 0.04 0.13866666666666666
2 0.041 0.5506666666666666 0.034 0.09333333333333334
2 0.015 0.5586666666666666 0.026 0.088
2 0.599 0.5333333333333333 0.038 0.07466666666666667
2 0.649 0.5453333333333333 0.034 0.07733333333333334
4 0.471 0.5733333333333334 0.078 0.13866666666666666
4 0.386 0.5533333333333333 0.044 0.09866666666666667
4 0.916 0.5666666666666667 0.144 0.14133333333333334
