0 0.035625 0.6378986866791745 0.015 0.058161350844277676
0 0.05625 0.6430581613508443 0.0175 0.0647279549718574
0 0.075 0.6346153846153846 0.01625 0.05909943714821764
0 0.1509375 0.6543151969981238 0.014375 0.055347091932457786
0 0.209375 0.6524390243902439 0.01875 0.07035647279549719
0 0.2453125 0.6468105065666041 0.019375 0.07223264540337711
0 0.7471875 0.6454033771106942 0.024375 0.09193245778611632
0 0.758125 0.6472795497185742 0.02375 0.0900562851782364
0 0.8996875 0.6454033771106942 0.021875 0.0825515947467167
0 0.9146875 0.6477485928705441 0.019375 0.07035647279549719
0 0.97625 0.6688555347091932 0.0325 0.12195121951219512
0 0.9871875 0.6707317073170732 0.025625 0.1350844277673546
0 0.963125 0.6210131332082551 0.0125 0.0450281425891182
0 0.9459375 0.6196060037523452 0.011875 0.04596622889305816
0 0.934375 0.6191369606003753 0.01125 0.04127579737335835
0 0.923125 0.6172607879924953 0.00875 0.03564727954971857
2 0.1225 0.6763602251407129 0.0375 0.09380863039399624
2 0.1703125 0.6763602251407129 0.020625 0.0825515947467167
2 0.2253125 0.6660412757973734 0.020625 0.0825515947467167
2 0.984375 0.6106941838649156 0.01125 0.024390243902439025
3 0.3365625 0.6350844277673546 0.063125 0.12382739212007504
3 0.43875 0.6378986866791745 0.07625 0.1651031894934334
3 0.498125 0.5314258911819888 0.0725 0.27110694183864914
3 0.548125 0.624765478424015 0.04875 0.1125703564727955
3 0.688125 0.6200750469043153 0.055 0.11632270168855535
4 0.599375 0.6210131332082551 0.105 0.05628517823639775
4 0.8003125 0.6191369606003753 0.080625 0.0600375234521576
4 0.7271875 0.6228893058161351 0.034375 0.0600375234521576
