0 0.2509090909090909 0.6215846994535519 0.05090909090909091 0.1885245901639344
0 0.3609090909090909 0.6215846994535519 0.045454545454545456 0.1721311475409836
0 0.38636363636363635 0.6202185792349727 0.056363636363636366 0.20765027322404372
0 0.41454545454545455 0.5587431693989071 0.02181818181818182 0.09016393442622951
0 0.48727272727272725 0.7213114754098361 0.10545454545454545 0.39344262295081966
0 0.5736363636363636 0.7295081967213115 0.08181818181818182 0.3005464480874317
0 0.7181818181818181 0.7431693989071039 0.13090909090909092 0.48633879781420764
0 0.9363636363636364 0.6133879781420765 0.04363636363636364 0.16666666666666666
0 0.9590909090909091 0.5983606557377049 0.04181818181818182 0.15846994535519127
1 0.4590909090909091 0.744535519125683 0.10363636363636364 0.3797814207650273
2 0.17727272727272728 0.6898907103825137 0.28909090909090907 0.592896174863388
2 0.4809090909090909 0.22131147540983606 0.04909090909090909 0.28415300546448086
2 0.54 0.22540983606557377 0.06181818181818182 0.24316939890710382
2 0.6190909090909091 0.21174863387978143 0.06363636363636363 0.27595628415300544
2 0.6836363636363636 0.22950819672131148 0.07272727272727272 0.2185792349726776
2 0.7654545454545455 0.3866120218579235 0.08727272727272728 0.19398907103825136
2 0.8536363636363636 0.7636612021857924 0.2672727272727273 0.46174863387978143
2 0.6227272727272727 0.6270491803278688 0.04909090909090909 0.1284153005464481
2 0.6127272727272727 0.5368852459016393 0.02909090909090909 0.07377049180327869
2 0.63 0.5368852459016393 0.03090909090909091 0.07923497267759563
2 0.39545454545454545 0.6420765027322405 0.016363636363636365 0.13114754098360656
4 0.2918181818181818 0.5355191256830601 0.06 0.06557377049180328
4 0.20636363636363636 0.5409836065573771 0.034545454545454546 0.09289617486338798
4 0.45636363636363636 0.5396174863387978 0.02181818181818182 0.07377049180327869
4 0.6709090909090909 0.5355191256830601 0.02909090909090909 0.0546448087431694
4 0.9536363636363636 0.5505464480874317 0.08545454545454545 0.07923497267759563
