0 0.097 0.6006006006006006 0.178 0.6546546546546547
0 0.199 0.5885885885885885 0.17 0.6306306306306306
0 0.27 0.6051051051051051 0.172 0.6336336336336337
0 0.375 0.53003003003003 0.174 0.6396396396396397
0 0.428 0.53003003003003 0.196 0.7177177177177178
0 0.51 0.527027027027027 0.172 0.6336336336336337
0 0.567 0.5555555555555556 0.174 0.6366366366366366
0 0.666 0.575075075075075 0.18 0.6576576576576577
0 0.733 0.6261261261261262 0.166 0.6156156156156156
0 0.797 0.5945945945945946 0.178 0.6606606606606606
0 0.893 0.5765765765765766 0.186 0.6846846846846847
