0 0.17180851063829788 0.5007987220447284 0.13297872340425532 0.4904153354632588
0 0.6223404255319149 0.3738019169329074 0.05319148936170213 0.19808306709265175
0 0.6569148936170213 0.31869009584664537 0.035106382978723406 0.13258785942492013
0 0.6792553191489362 0.31869009584664537 0.03297872340425532 0.12300319488817892
2 0.023936170212765957 0.3985623003194888 0.039361702127659576 0.0878594249201278
2 0.036702127659574466 0.3746006389776358 0.02872340425531915 0.06549520766773163
2 0.08404255319148936 0.38338658146964855 0.03829787234042553 0.0670926517571885
2 0.06595744680851064 0.36900958466453676 0.036170212765957444 0.06070287539936102
2 0.2372340425531915 0.3953674121405751 0.04893617021276596 0.06230031948881789
2 0.2351063829787234 0.36261980830670926 0.029787234042553193 0.05750798722044728
2 0.27393617021276595 0.7108626198083067 0.23085106382978723 0.5686900958466453
2 0.32659574468085106 0.43130990415335463 0.07021276595744681 0.1182108626198083
2 0.4127659574468085 0.5455271565495208 0.07872340425531915 0.3498402555910543
2 0.6159574468085106 0.7052715654952076 0.12127659574468085 0.5798722044728435
2 0.7037234042553191 0.5814696485623003 0.07340425531914893 0.4217252396166134
2 0.8180851063829787 0.5990415335463258 0.1148936170212766 0.4536741214057508
2 0.7308510638297873 0.41054313099041534 0.059574468085106386 0.12779552715654952
2 0.9047872340425532 0.43210862619808305 0.0797872340425532 0.12300319488817892
2 0.9744680851063829 0.43210862619808305 0.04680851063829787 0.10702875399361023
4 0.2856382978723404 0.3506389776357827 0.15425531914893617 0.07827476038338659
4 0.5111702127659574 0.3506389776357827 0.15212765957446808 0.11980830670926518
4 0.8324468085106383 0.34345047923322686 0.31170212765957445 0.09904153354632587
