0 0.022 0.4688473520249221 0.028 0.10903426791277258
0 0.052 0.48753894080996885 0.04 0.1588785046728972
0 0.093 0.5 0.042 0.16510903426791276
0 0.143 0.5046728971962616 0.054 0.205607476635514
0 0.234 0.5327102803738317 0.068 0.2616822429906542
0 0.275 0.4797507788161994 0.038 0.14953271028037382
0 0.349 0.5514018691588785 0.094 0.3613707165109034
0 0.419 0.5031152647975078 0.062 0.2336448598130841
0 0.456 0.48286604361370716 0.04 0.14953271028037382
0 0.467 0.4766355140186916 0.026 0.09968847352024922
0 0.393 0.4688473520249221 0.026 0.09657320872274143
0 0.597 0.5872274143302181 0.162 0.6199376947040498
0 0.768 0.5514018691588785 0.092 0.34890965732087226
0 0.82 0.5233644859813084 0.068 0.2554517133956386
0 0.863 0.5264797507788161 0.05 0.18691588785046728
0 0.897 0.5062305295950156 0.042 0.17133956386292834
0 0.916 0.4968847352024922 0.04 0.1588785046728972
0 0.722 0.5124610591900312 0.044 0.16510903426791276
0 0.673 0.5 0.03 0.11526479750778816
0 0.524 0.48130841121495327 0.028 0.10903426791277258
0 0.797 0.4937694704049844 0.026 0.10903426791277258
4 0.077 0.308411214953271 0.074 0.06853582554517133
4 0.496 0.4657320872274143 0.04 0.09034267912772585
4 0.952 0.49221183800623053 0.076 0.11838006230529595
4 0.692 0.4657320872274143 0.02 0.07165109034267912
