0 0.10729166666666666 0.58125 0.07291666666666667 0.18333333333333332
0 0.0875 0.58125 0.06666666666666667 0.16666666666666666
0 0.178125 0.5791666666666667 0.06458333333333334 0.1625
0 0.5802083333333333 0.5229166666666667 0.03958333333333333 0.10416666666666667
0 0.6052083333333333 0.5385416666666667 0.035416666666666666 0.08958333333333333
0 0.621875 0.5302083333333333 0.03958333333333333 0.10208333333333333
0 0.6395833333333333 0.521875 0.03333333333333333 0.08541666666666667
0 0.6604166666666667 0.528125 0.041666666666666664 0.10208333333333333
0 0.6833333333333333 0.53125 0.0375 0.09166666666666666
0 0.7239583333333334 0.5427083333333333 0.035416666666666666 0.09375
0 0.7072916666666667 0.521875 0.027083333333333334 0.06458333333333334
0 0.75 0.5208333333333334 0.03333333333333333 0.0875
0 0.775 0.5229166666666667 0.029166666666666667 0.075
0 0.81875 0.5302083333333333 0.0375 0.08958333333333333
0 0.865625 0.5375 0.035416666666666666 0.0875
0 0.9302083333333333 0.525 0.03958333333333333 0.10416666666666667
0 0.9458333333333333 0.5208333333333334 0.03333333333333333 0.0875
0 0.9729166666666667 0.5375 0.0375 0.09166666666666666
0 0.8520833333333333 0.521875 0.03333333333333333 0.08125
0 0.8947916666666667 0.5270833333333333 0.03125 0.08333333333333333
2 0.2604166666666667 0.603125 0.05416666666666667 0.11041666666666666
2 0.026041666666666668 0.625 0.04791666666666667 0.10833333333333334
