0 0.011188271604938271 0.5380497685185185 0.022376543209876542 0.11603009259259259
0 0.031732253086419755 0.5963541666666666 0.06346450617283951 0.24189814814814814
0 0.07040895061728394 0.5360243055555556 0.040123456790123455 0.1467013888888889
0 0.13020833333333334 0.5733506944444444 0.044753086419753084 0.1634837962962963
0 0.2088155864197531 0.5274884259259259 0.025655864197530864 0.0943287037037037
0 0.23070987654320987 0.5447048611111112 0.03510802469135803 0.1293402777777778
0 0.31896219135802467 0.5750868055555556 0.08121141975308642 0.2977430555555556
0 0.44048996913580246 0.5622106481481481 0.07002314814814815 0.2569444444444444
0 0.39891975308641975 0.5536747685185185 0.038580246913580245 0.14091435185185186
0 0.40731095679012347 0.5568576388888888 0.03684413580246913 0.13512731481481483
0 0.3324652777777778 0.5319733796296297 0.025655864197530864 0.09461805555555555
0 0.5128279320987654 0.5925925925925926 0.044174382716049385 0.16145833333333334
0 0.5412808641975309 0.5245949074074074 0.019675925925925927 0.07175925925925926
0 0.5803433641975309 0.6401909722222222 0.08815586419753087 0.3226273148148148
0 0.7032214506172839 0.6001157407407407 0.048032407407407406 0.17592592592592593
0 0.6331983024691358 0.5436921296296297 0.026041666666666668 0.0954861111111111
0 0.7348572530864198 0.5588831018518519 0.031828703703703706 0.1171875
0 0.7052469135802469 0.5543981481481481 0.03125 0.11516203703703703
0 0.8100887345679012 0.5439814814814815 0.023726851851851853 0.08680555555555555
0 0.8405671296296297 0.5626446759259259 0.042631172839506175 0.15653935185185186
0 0.8471257716049383 0.6342592592592593 0.08584104938271606 0.3148148148148148
0 0.9826388888888888 0.5944733796296297 0.034722222222222224 0.20052083333333334
0 0.9684606481481481 0.5519386574074074 0.025270061728395063 0.09230324074074074
0 0.9294945987654321 0.5730613425925926 0.046875 0.17158564814814814
0 0.9113618827160493 0.5672743055555556 0.03761574074074074 0.13744212962962962
2 0.0642361111111111 0.5613425925925926 0.04282407407407408 0.03530092592592592
2 0.1089891975308642 0.5522280092592593 0.031635802469135804 0.054108796296296294
2 0.14255401234567902 0.5520833333333334 0.02854938271604938 0.045717592592592594
2 0.1783371913580247 0.4810474537037037 0.04996141975308642 0.15422453703703703
2 0.14149305555555555 0.5059317129629629 0.01099537037037037 0.05237268518518518
2 0.45437885802469136 0.5170717592592593 0.017554012345679014 0.03356481481481482
2 0.4542824074074074 0.5483217592592593 0.012345679012345678 0.041666666666666664
2 0.4681712962962963 0.5470196759259259 0.013117283950617283 0.03211805555555555
2 0.478491512345679 0.5484664351851852 0.015239197530864198 0.03269675925925926
2 0.48910108024691357 0.5449942129629629 0.014853395061728395 0.02922453703703704
2 0.4972993827160494 0.5387731481481481 0.006944444444444444 0.027199074074074073
2 0.46672453703703703 0.5183738425925926 0.015239197530864198 0.033854166666666664
2 0.5431134259259259 0.5452835648148148 0.014853395061728395 0.035590277777777776
2 0.6026234567901234 0.5439814814814815 0.011188271604938271 0.03009259259259259
2 0.6121720679012346 0.5442708333333334 0.011381172839506173 0.032407407407407406
2 0.6106288580246914 0.5151909722222222 0.016010802469135804 0.02459490740740741
2 0.6283757716049383 0.5462962962962963 0.012924382716049383 0.027777777777777776
2 0.6880787037037037 0.4982638888888889 0.019290123456790122 0.04918981481481482
2 0.7264660493827161 0.8619791666666666 0.13078703703703703 0.27141203703703703
2 0.8368055555555556 0.7958622685185185 0.07600308641975309 0.3550347222222222
2 0.902295524691358 0.7272858796296297 0.07272376543209877 0.23466435185185186
