0 0.01 0.47625 0.02 0.1225
0 0.05 0.47 0.016666666666666666 0.06
0 0.095 0.48 0.03333333333333333 0.125
0 0.11166666666666666 0.48 0.03333333333333333 0.125
0 0.14166666666666666 0.48875 0.02666666666666667 0.1025
0 0.21833333333333332 0.46125 0.04666666666666667 0.1725
0 0.275 0.46875 0.03666666666666667 0.1425
0 0.29583333333333334 0.515 0.025 0.095
0 0.365 0.50125 0.03666666666666667 0.1375
0 0.4141666666666667 0.49125 0.018333333333333333 0.0675
0 0.5758333333333333 0.64 0.06166666666666667 0.225
0 0.6958333333333333 0.54625 0.058333333333333334 0.2225
0 0.7366666666666667 0.54625 0.06 0.2275
0 0.7808333333333334 0.51125 0.035 0.1375
0 0.805 0.52375 0.056666666666666664 0.2125
0 0.8441666666666666 0.525 0.055 0.21
0 0.8625 0.52375 0.095 0.3475
0 0.6708333333333333 0.52125 0.015 0.0525
0 0.6833333333333333 0.51625 0.013333333333333334 0.0525
0 0.4825 0.5175 0.011666666666666667 0.05
2 0.4708333333333333 0.51625 0.008333333333333333 0.0475
2 0.5383333333333333 0.47375 0.016666666666666666 0.0225
2 0.38416666666666666 0.52875 0.028333333333333332 0.0575
2 0.17083333333333334 0.4975 0.028333333333333332 0.115
2 0.2683333333333333 0.68 0.16666666666666666 0.445
2 0.54 0.57 0.08333333333333333 0.195
2 0.9275 0.5225 0.03166666666666667 0.04
