0 0.09764918625678119 0.6493975903614457 0.16998191681735986 0.5614457831325301
0 0.4656419529837251 0.6180722891566265 0.16817359855334538 0.5518072289156627
0 0.22603978300180833 0.6578313253012048 0.17721518987341772 0.5783132530120482
0 0.30018083182640143 0.6614457831325301 0.162748643761302 0.5325301204819277
0 0.3806509945750452 0.6337349397590362 0.1717902350813743 0.563855421686747
0 0.5515370705244123 0.6265060240963856 0.16636528028933092 0.5397590361445783
0 0.6175406871609403 0.6108433734939759 0.16455696202531644 0.5421686746987951
0 0.6871609403254972 0.6313253012048192 0.14466546112115733 0.472289156626506
0 0.7468354430379747 0.6313253012048192 0.14828209764918626 0.4867469879518072
0 0.8399638336347197 0.6144578313253012 0.15732368896925858 0.5156626506024097
0 0.9222423146473779 0.6204819277108434 0.15551537070524413 0.5373493975903615
