0 0.067 0.6321321321321322 0.13 0.4774774774774775
0 0.142 0.6576576576576577 0.112 0.4144144144144144
0 0.2 0.6876876876876877 0.084 0.3183183183183183
0 0.291 0.6861861861861862 0.082 0.3033033033033033
0 0.315 0.7027027027027027 0.094 0.3483483483483483
0 0.429 0.7267267267267268 0.094 0.34234234234234234
0 0.47 0.7312312312312312 0.072 0.2672672672672673
0 0.521 0.7162162162162162 0.082 0.30930930930930933
0 0.558 0.7312312312312312 0.08 0.3033033033033033
0 0.603 0.7267267267267268 0.09 0.33633633633633636
0 0.645 0.7312312312312312 0.082 0.30930930930930933
0 0.677 0.7357357357357357 0.086 0.32432432432432434
0 0.721 0.7162162162162162 0.09 0.33933933933933935
0 0.782 0.7522522522522522 0.088 0.3333333333333333
0 0.869 0.7717717717717718 0.11 0.4024024024024024
0 0.896 0.7777777777777778 0.1 0.3663663663663664
0 0.916 0.7687687687687688 0.092 0.3483483483483483
0 0.952 0.7927927927927928 0.096 0.36036036036036034
0 0.969 0.7837837837837838 0.062 0.34234234234234234
0 0.821 0.7732732732732732 0.098 0.36936936936936937
2 0.337 0.6291291291291291 0.034 0.12912912912912913
2 0.217 0.5735735735735735 0.034 0.07807807807807808
2 0.384 0.6756756756756757 0.044 0.16216216216216217
2 0.497 0.6276276276276276 0.042 0.08408408408408409
2 0.753 0.6141141141141141 0.03 0.08108108108108109
2 0.487 0.37237237237237236 0.374 0.5045045045045045
