0 0.02975206611570248 0.8271028037383178 0.05950413223140496 0.2897196261682243
0 0.0512396694214876 0.7570093457943925 0.05619834710743802 0.2616822429906542
0 0.11735537190082644 0.8208722741433022 0.06611570247933884 0.30218068535825543
0 0.15289256198347106 0.8364485981308412 0.06115702479338843 0.2834890965732087
0 0.18264462809917356 0.7383177570093458 0.047933884297520664 0.23052959501557632
0 0.20826446280991737 0.7507788161993769 0.05289256198347107 0.24922118380062305
0 0.2462809917355372 0.7975077881619937 0.05619834710743802 0.2616822429906542
0 0.2694214876033058 0.8925233644859814 0.04297520661157025 0.19626168224299065
0 0.3628099173553719 0.8629283489096573 0.0512396694214876 0.24299065420560748
0 0.3305785123966942 0.7383177570093458 0.04628099173553719 0.21806853582554517
0 0.28429752066115704 0.7087227414330218 0.04628099173553719 0.21495327102803738
0 0.4735537190082645 0.8925233644859814 0.04462809917355372 0.20249221183800623
0 0.4628099173553719 0.7585669781931464 0.04628099173553719 0.21495327102803738
0 0.5231404958677686 0.6339563862928349 0.04132231404958678 0.19626168224299065
0 0.5008264462809917 0.6012461059190031 0.03305785123966942 0.14953271028037382
0 0.4206611570247934 0.6199376947040498 0.03140495867768595 0.1557632398753894
0 0.4512396694214876 0.6464174454828661 0.03636363636363636 0.16510903426791276
0 0.387603305785124 0.5934579439252337 0.03140495867768595 0.1526479750778816
0 0.3396694214876033 0.5856697819314641 0.024793388429752067 0.11838006230529595
0 0.31074380165289256 0.5778816199376947 0.023140495867768594 0.10903426791277258
0 0.128099173553719 0.677570093457944 0.03801652892561983 0.17757009345794392
0 0.0743801652892562 0.6806853582554517 0.03636363636363636 0.17757009345794392
0 0.556198347107438 0.4439252336448598 0.01818181818181818 0.08411214953271028
0 0.6735537190082644 0.7881619937694704 0.05454545454545454 0.24922118380062305
0 0.6330578512396694 0.7289719626168224 0.05619834710743802 0.2616822429906542
0 0.7148760330578512 0.7461059190031153 0.05454545454545454 0.2523364485981308
0 0.7586776859504132 0.6791277258566978 0.049586776859504134 0.23052959501557632
0 0.824793388429752 0.764797507788162 0.04628099173553719 0.21495327102803738
0 0.9553719008264463 0.7975077881619937 0.0628099173553719 0.2866043613707165
0 0.7851239669421488 0.602803738317757 0.03636363636363636 0.16510903426791276
0 0.7322314049586777 0.5934579439252337 0.026446280991735537 0.1277258566978193
0 0.6933884297520662 0.6401869158878505 0.02809917355371901 0.14018691588785046
0 0.6851239669421487 0.5809968847352025 0.021487603305785124 0.10903426791277258
0 0.5834710743801653 0.5545171339563862 0.026446280991735537 0.12461059190031153
0 0.8884297520661157 0.5919003115264797 0.02809917355371901 0.1308411214953271
0 0.8619834710743801 0.6791277258566978 0.03471074380165289 0.16822429906542055
0 0.8404958677685951 0.6308411214953271 0.021487603305785124 0.10903426791277258
0 0.9024793388429752 0.5545171339563862 0.023140495867768594 0.1059190031152648
2 0.36446280991735536 0.7102803738317757 0.0512396694214876 0.14330218068535824
2 0.7801652892561983 0.883177570093458 0.08925619834710743 0.19003115264797507
2 0.8289256198347107 0.9221183800623053 0.10743801652892562 0.1308411214953271
2 0.9090909090909091 0.883177570093458 0.04297520661157025 0.2087227414330218
2 0.9330578512396694 0.8333333333333334 0.02809917355371901 0.1526479750778816
2 0.8983471074380165 0.7570093457943925 0.05454545454545454 0.1806853582554517
2 0.9289256198347108 0.6542056074766355 0.02975206611570248 0.1308411214953271
2 0.9743801652892562 0.6277258566978193 0.021487603305785124 0.07165109034267912
2 0.9619834710743802 0.6043613707165109 0.023140495867768594 0.06853582554517133
2 0.9834710743801653 0.5950155763239875 0.026446280991735537 0.06853582554517133
2 0.9380165289256198 0.5856697819314641 0.024793388429752067 0.08099688473520249
2 0.9900826446280991 0.5498442367601246 0.01652892561983471 0.06542056074766354
2 0.9570247933884297 0.5420560747663551 0.019834710743801654 0.06230529595015576
4 0.15537190082644628 0.557632398753894 0.2909090909090909 0.09968847352024922
4 0.3793388429752066 0.46417445482866043 0.33553719008264465 0.09968847352024922
4 0.7074380165289256 0.470404984423676 0.29421487603305785 0.13707165109034267
