0 0.06063829787234042 0.5650793650793651 0.07021276595744681 0.26031746031746034
0 0.02021276595744681 0.5349206349206349 0.04042553191489362 0.2253968253968254
0 0.03297872340425532 0.5396825396825397 0.06595744680851064 0.24126984126984127
0 0.08191489361702127 0.5365079365079365 0.06170212765957447 0.22857142857142856
0 0.10851063829787234 0.5492063492063493 0.06382978723404255 0.23492063492063492
0 0.13085106382978723 0.5603174603174603 0.06595744680851064 0.2507936507936508
0 0.26276595744680853 0.6682539682539682 0.1723404255319149 0.6253968253968254
0 0.5255319148936171 0.6603174603174603 0.1702127659574468 0.6285714285714286
0 0.5957446808510638 0.6857142857142857 0.16595744680851063 0.6031746031746031
0 0.874468085106383 0.5603174603174603 0.06808510638297872 0.2507936507936508
0 0.8276595744680851 0.5571428571428572 0.06382978723404255 0.23809523809523808
0 0.7787234042553192 0.5523809523809524 0.059574468085106386 0.2222222222222222
0 0.7425531914893617 0.5619047619047619 0.05106382978723404 0.19682539682539682
0 0.7021276595744681 0.5380952380952381 0.05531914893617021 0.20634920634920634
0 0.6478723404255319 0.5222222222222223 0.0574468085106383 0.20634920634920634
0 0.7212765957446808 0.4873015873015873 0.05531914893617021 0.20634920634920634
0 0.45 0.5126984126984127 0.031914893617021274 0.12380952380952381
0 0.42127659574468085 0.5126984126984127 0.029787234042553193 0.11746031746031746
0 0.39574468085106385 0.5174603174603175 0.029787234042553193 0.12063492063492064
0 0.3723404255319149 0.5142857142857142 0.029787234042553193 0.11428571428571428
0 0.3393617021276596 0.5111111111111111 0.027659574468085105 0.10158730158730159
4 0.19148936170212766 0.49523809523809526 0.0851063829787234 0.10793650793650794
4 0.31382978723404253 0.4666666666666667 0.04893617021276596 0.050793650793650794
