0 0.3211538461538462 0.6717948717948717 0.0782051282051282 0.2564102564102564
0 0.4064102564102564 0.6811965811965812 0.09743589743589744 0.3230769230769231
0 0.475 0.6247863247863248 0.05512820512820513 0.1829059829059829
0 0.5 0.6111111111111112 0.046153846153846156 0.15555555555555556
0 0.5198717948717949 0.6094017094017095 0.03974358974358974 0.13162393162393163
0 0.5442307692307692 0.5991452991452991 0.029487179487179487 0.10085470085470086
0 0.5685897435897436 0.6982905982905983 0.09102564102564102 0.29914529914529914
0 0.657051282051282 0.6170940170940171 0.047435897435897434 0.15726495726495726
0 0.7455128205128205 0.6230769230769231 0.07051282051282051 0.23076923076923078
0 0.7006410256410256 0.5991452991452991 0.03461538461538462 0.1111111111111111
0 0.592948717948718 0.5991452991452991 0.03974358974358974 0.1282051282051282
0 0.6032051282051282 0.5888888888888889 0.026923076923076925 0.09401709401709402
0 0.6134615384615385 0.5905982905982906 0.026923076923076925 0.08717948717948718
0 0.6237179487179487 0.588034188034188 0.026923076923076925 0.09230769230769231
0 0.6448717948717949 0.5965811965811966 0.03076923076923077 0.10598290598290598
0 0.6705128205128205 0.5811965811965812 0.02564102564102564 0.08888888888888889
0 0.6814102564102564 0.5794871794871795 0.026923076923076925 0.09230769230769231
0 0.8256410256410256 0.5452991452991452 0.017948717948717947 0.06153846153846154
0 0.7782051282051282 0.5401709401709401 0.01282051282051282 0.041025641025641026
4 0.7583333333333333 0.5367521367521367 0.03205128205128205 0.041025641025641026
4 0.8006410256410257 0.5341880341880342 0.04230769230769231 0.02905982905982906
4 0.9115384615384615 0.5307692307692308 0.1717948717948718 0.02564102564102564
4 0.7083333333333334 0.5341880341880342 0.03974358974358974 0.02905982905982906
