0 0.05555555555555555 0.3542168674698795 0.0761904761904762 0.28433734939759037
0 0.18412698412698414 0.29156626506024097 0.05396825396825397 0.19759036144578312
0 0.23015873015873015 0.17710843373493976 0.02857142857142857 0.10843373493975904
0 0.2261904761904762 0.636144578313253 0.14126984126984127 0.5301204819277109
0 0.34285714285714286 0.39759036144578314 0.08888888888888889 0.327710843373494
0 0.3531746031746032 0.2927710843373494 0.05238095238095238 0.19518072289156627
0 0.6166666666666667 0.46987951807228917 0.10317460317460317 0.3855421686746988
0 0.5563492063492064 0.3566265060240964 0.07777777777777778 0.2891566265060241
0 0.5142857142857142 0.27710843373493976 0.05396825396825397 0.20240963855421687
0 0.4746031746031746 0.25180722891566265 0.0380952380952381 0.14698795180722893
0 0.43174603174603177 0.17951807228915662 0.044444444444444446 0.16626506024096385
0 0.40555555555555556 0.19879518072289157 0.020634920634920634 0.0746987951807229
0 0.8365079365079365 0.39518072289156625 0.08571428571428572 0.3180722891566265
0 0.746031746031746 0.30481927710843376 0.05714285714285714 0.21445783132530122
0 0.6468253968253969 0.2493975903614458 0.03650793650793651 0.14216867469879518
0 0.6158730158730159 0.2385542168674699 0.0380952380952381 0.1493975903614458
0 0.7785714285714286 0.2 0.026984126984126985 0.10602409638554217
0 0.8777777777777778 0.1578313253012048 0.015873015873015872 0.060240963855421686
2 0.3476190476190476 0.1855421686746988 0.02857142857142857 0.03855421686746988
