0 0.8452941176470589 0.7328 0.05529411764705883 0.1856
0 0.6988235294117647 0.7104 0.05647058823529412 0.192
0 0.7670588235294118 0.6984 0.05411764705882353 0.184
0 0.831764705882353 0.6872 0.047058823529411764 0.1584
0 0.5788235294117647 0.6552 0.05176470588235294 0.1744
0 0.5988235294117648 0.62 0.042352941176470586 0.1392
0 0.6570588235294118 0.648 0.04588235294117647 0.1536
0 0.6923529411764706 0.5832 0.03411764705882353 0.1168
0 0.7329411764705882 0.6488 0.042352941176470586 0.1456
0 0.7605882352941177 0.6096 0.029411764705882353 0.1024
0 0.8141176470588235 0.5872 0.03764705882352941 0.128
0 0.8305882352941176 0.5912 0.023529411764705882 0.0816
0 0.6176470588235294 0.588 0.03529411764705882 0.1168
0 0.5129411764705882 0.6256 0.04470588235294118 0.1536
0 0.4423529411764706 0.668 0.047058823529411764 0.1616
0 0.3811764705882353 0.6256 0.04470588235294118 0.1472
0 0.34 0.5904 0.03529411764705882 0.1216
0 0.2664705882352941 0.6456 0.04588235294117647 0.1552
0 0.26294117647058823 0.5896 0.04352941176470588 0.1456
0 0.13294117647058823 0.6008 0.047058823529411764 0.1552
0 0.018235294117647058 0.5152 0.029411764705882353 0.096
0 0.027058823529411764 0.524 0.018823529411764704 0.0624
0 0.07470588235294118 0.5152 0.02235294117647059 0.08
0 0.0976470588235294 0.5224 0.02588235294117647 0.0912
0 0.3235294117647059 0.5256 0.02588235294117647 0.0912
0 0.41294117647058826 0.5136 0.023529411764705882 0.0768
0 0.4423529411764706 0.5888 0.04 0.1312
0 0.5135294117647059 0.5896 0.03882352941176471 0.1328
0 0.7547058823529412 0.5704 0.027058823529411764 0.0944
2 0.8494117647058823 0.6072 0.03294117647058824 0.072
2 0.05058823529411765 0.5448 0.01647058823529412 0.0272
2 0.12529411764705883 0.5216 0.02235294117647059 0.0608
2 0.1411764705882353 0.5088 0.01411764705882353 0.048
2 0.16411764705882353 0.4928 0.015294117647058824 0.0288
2 0.1923529411764706 0.5168 0.02235294117647059 0.064
2 0.17647058823529413 0.5312 0.02823529411764706 0.0704
2 0.21705882352941178 0.5344 0.01764705882352941 0.064
2 0.2376470588235294 0.5336 0.02588235294117647 0.0688
2 0.22705882352941176 0.4832 0.03058823529411765 0.0416
2 0.24941176470588236 0.4776 0.02823529411764706 0.0496
2 0.2723529411764706 0.4808 0.01764705882352941 0.0368
2 0.29470588235294115 0.4832 0.015294117647058824 0.0416
2 0.2023529411764706 0.4856 0.02823529411764706 0.0528
2 0.20294117647058824 0.456 0.02 0.0288
2 0.46176470588235297 0.528 0.027058823529411764 0.064
2 0.5152941176470588 0.512 0.02823529411764706 0.048
2 0.5452941176470588 0.512 0.029411764705882353 0.048
4 0.2688235294117647 0.236 0.5329411764705883 0.2128
4 0.6882352941176471 0.304 0.31529411764705884 0.1216
4 0.7770588235294118 0.424 0.37529411764705883 0.1184
