0 0.06853396901072706 0.5452127659574468 0.041716328963051254 0.15425531914893617
0 0.07926102502979737 0.5647163120567376 0.03694874851013111 0.13652482269503546
0 0.12097735399284863 0.5647163120567376 0.03218116805721097 0.11879432624113476
0 0.15256257449344457 0.5673758865248227 0.033373063170441 0.1276595744680851
0 0.18057210965435042 0.550531914893617 0.041716328963051254 0.15070921985815602
0 0.20917759237187128 0.5363475177304965 0.041716328963051254 0.15425531914893617
0 0.2359952324195471 0.5629432624113475 0.03575685339690107 0.13652482269503546
0 0.2520858164481526 0.5425531914893617 0.03933253873659118 0.14893617021276595
0 0.2794994040524434 0.575354609929078 0.03456495828367104 0.12588652482269502
0 0.29201430274135876 0.550531914893617 0.04052443384982122 0.14716312056737588
0 0.3539928486293206 0.5460992907801419 0.04052443384982122 0.14893617021276595
0 0.3903456495828367 0.5540780141843972 0.03456495828367104 0.12943262411347517
0 0.4159713945172825 0.5691489361702128 0.04052443384982122 0.1453900709219858
0 0.4511323003575685 0.5443262411347518 0.03694874851013111 0.13829787234042554
0 0.47497020262216927 0.5443262411347518 0.04410011918951132 0.1595744680851064
0 0.5077473182359953 0.5664893617021277 0.04290822407628129 0.15780141843971632
0 0.535756853396901 0.5691489361702128 0.041716328963051254 0.1524822695035461
0 0.5876042908224076 0.5478723404255319 0.03814064362336114 0.13829787234042554
0 0.6406436233611442 0.5718085106382979 0.04410011918951132 0.16134751773049646
0 0.6567342073897497 0.5523049645390071 0.04290822407628129 0.16134751773049646
0 0.7032181168057211 0.5647163120567376 0.03575685339690107 0.13652482269503546
0 0.6877234803337307 0.5558510638297872 0.033373063170441 0.12588652482269502
0 0.7634088200238379 0.5531914893617021 0.04648390941597139 0.17375886524822695
0 0.7830750893921334 0.5921985815602837 0.04290822407628129 0.1595744680851064
0 0.833134684147795 0.5647163120567376 0.03575685339690107 0.13297872340425532
0 0.8516090584028605 0.5904255319148937 0.03933253873659118 0.1453900709219858
0 0.8951132300357568 0.5620567375886525 0.04290822407628129 0.15602836879432624
0 0.9696066746126341 0.5691489361702128 0.03694874851013111 0.1347517730496454
0 0.045887961859356376 0.8590425531914894 0.05363528009535161 0.19326241134751773
0 0.08224076281287247 0.8554964539007093 0.054827175208581644 0.20035460992907803
0 0.14898688915375446 0.8608156028368794 0.050059594755661505 0.18262411347517732
0 0.18951132300357568 0.8528368794326241 0.052443384982121574 0.1950354609929078
0 0.20143027413587605 0.8643617021276596 0.052443384982121574 0.18971631205673758
0 0.2759237187127533 0.8617021276595744 0.05363528009535161 0.19858156028368795
0 0.3694874851013111 0.8679078014184397 0.052443384982121574 0.19326241134751773
0 0.39272943980929675 0.848404255319149 0.060786650774731825 0.22163120567375885
0 0.4398092967818832 0.8687943262411347 0.050059594755661505 0.1879432624113475
0 0.5071513706793802 0.8572695035460993 0.05363528009535161 0.19680851063829788
0 0.5834326579261025 0.8608156028368794 0.05363528009535161 0.19326241134751773
0 0.699642431466031 0.8909574468085106 0.03814064362336114 0.1400709219858156
0 0.7479141835518475 0.8829787234042553 0.03694874851013111 0.13829787234042554
0 0.831942789034565 0.8714539007092199 0.04767580452920143 0.17553191489361702
0 0.9261025029797377 0.8546099290780141 0.057210965435041714 0.20921985815602837
0 0.9624553039332538 0.8652482269503546 0.04648390941597139 0.17375886524822695
2 0.30214541120381405 0.7898936170212766 0.04410011918951132 0.09397163120567376
2 0.6519666269368296 0.8111702127659575 0.050059594755661505 0.09397163120567376
2 0.7866507747318237 0.8147163120567376 0.050059594755661505 0.06914893617021277
2 0.7628128724672228 0.7872340425531915 0.03575685339690107 0.0425531914893617
2 0.8587604290822408 0.7836879432624113 0.029797377830750895 0.0851063829787234
4 0.04529201430274136 0.26063829787234044 0.03814064362336114 0.32269503546099293
4 0.38855780691299163 0.2579787234042553 0.5959475566150179 0.34574468085106386
4 0.8283671036948749 0.26152482269503546 0.2860548271752086 0.35638297872340424
