0 0.17279411764705882 0.9464679911699779 0.054411764705882354 0.10044150110375276
0 0.2036764705882353 0.9072847682119205 0.051470588235294115 0.09713024282560706
0 0.21323529411764705 0.902317880794702 0.047058823529411764 0.08719646799116998
0 0.26544117647058824 0.9271523178807947 0.075 0.1368653421633554
0 0.3044117647058823 0.9017660044150111 0.04411764705882353 0.08388520971302428
0 0.33088235294117646 0.934878587196468 0.06470588235294118 0.11920529801324503
0 0.42720588235294116 0.9227373068432672 0.07794117647058824 0.1434878587196468
0 0.45294117647058824 0.9442604856512141 0.05588235294117647 0.10264900662251655
0 0.49264705882352944 0.9266004415011038 0.07941176470588235 0.1445916114790287
0 0.5801470588235295 0.9227373068432672 0.08088235294117647 0.1479028697571744
0 0.6551470588235294 0.9299116997792495 0.075 0.13796909492273732
0 0.6933823529411764 0.9205298013245033 0.07794117647058824 0.1456953642384106
0 0.7602941176470588 0.9161147902869757 0.07647058823529412 0.1390728476821192
0 0.725735294117647 0.9078366445916115 0.07205882352941176 0.1357615894039735
0 0.7941176470588235 0.9105960264900662 0.07058823529411765 0.13245033112582782
0 0.825735294117647 0.9050772626931567 0.08970588235294118 0.16556291390728478
0 0.8580882352941176 0.9061810154525386 0.075 0.1390728476821192
0 0.8757352941176471 0.9045253863134658 0.08676470588235294 0.16225165562913907
0 0.5529411764705883 0.8752759381898455 0.04411764705882353 0.08167770419426049
0 0.6 0.8736203090507726 0.03529411764705882 0.06512141280353201
0 0.638235294117647 0.8686534216335541 0.03235294117647059 0.06181015452538632
0 0.5264705882352941 0.8785871964679912 0.03529411764705882 0.0640176600441501
0 0.5147058823529411 0.8725165562913907 0.041176470588235294 0.07836644591611479
0 0.4455882352941177 0.8758278145695364 0.029411764705882353 0.056291390728476824
0 0.45808823529411763 0.8769315673289183 0.025 0.04525386313465784
0 0.475 0.8664459161147903 0.020588235294117647 0.04194260485651214
0 0.3735294117647059 0.8664459161147903 0.020588235294117647 0.037527593818984545
2 0.649264705882353 0.8443708609271523 0.016176470588235296 0.026490066225165563
2 0.6676470588235294 0.8471302428256071 0.03235294117647059 0.02759381898454746
