0 0.075 0.7285714285714285 0.04 0.17142857142857143
0 0.11416666666666667 0.7442857142857143 0.03833333333333333 0.16285714285714287
0 0.15 0.8285714285714286 0.07 0.2914285714285714
0 0.21166666666666667 0.8728571428571429 0.04666666666666667 0.19714285714285715
0 0.17166666666666666 0.7371428571428571 0.03 0.13142857142857142
0 0.19 0.7285714285714285 0.03333333333333333 0.13714285714285715
0 0.22416666666666665 0.7328571428571429 0.035 0.15142857142857144
0 0.2758333333333333 0.7228571428571429 0.03166666666666667 0.13714285714285715
0 0.3175 0.8328571428571429 0.075 0.3171428571428571
0 0.4225 0.8485714285714285 0.06166666666666667 0.26857142857142857
0 0.3358333333333333 0.71 0.03166666666666667 0.13428571428571429
0 0.4691666666666667 0.73 0.025 0.10571428571428572
0 0.49166666666666664 0.7242857142857143 0.03 0.12857142857142856
0 0.5275 0.7128571428571429 0.035 0.15714285714285714
0 0.8783333333333333 0.67 0.016666666666666666 0.07714285714285714
4 0.8 0.68 0.08666666666666667 0.09142857142857143
4 0.9333333333333333 0.6642857142857143 0.09333333333333334 0.07714285714285714
