0 0.923 0.5135135135135135 0.07 0.25825825825825827
0 0.806 0.524024024024024 0.072 0.26126126126126126
0 0.703 0.527027027027027 0.074 0.27927927927927926
0 0.634 0.539039039039039 0.072 0.2732732732732733
0 0.477 0.5375375375375375 0.07 0.25825825825825827
0 0.432 0.539039039039039 0.072 0.2732732732732733
0 0.194 0.53003003003003 0.072 0.2672672672672673
0 0.076 0.5345345345345346 0.076 0.2822822822822823
0 0.02 0.34534534534534533 0.04 0.17417417417417416
0 0.042 0.4024024024024024 0.048 0.18018018018018017
0 0.119 0.3708708708708709 0.05 0.1831831831831832
0 0.167 0.37987987987987987 0.046 0.17717717717717718
0 0.561 0.2627627627627628 0.026 0.0990990990990991
0 0.577 0.2732732732732733 0.026 0.1021021021021021
0 0.596 0.26426426426426425 0.028 0.1021021021021021
2 0.302 0.3333333333333333 0.064 0.1021021021021021
2 0.191 0.15315315315315314 0.038 0.06606606606606606
2 0.152 0.15465465465465467 0.044 0.07507507507507508
4 0.861 0.0960960960960961 0.274 0.17417417417417416
