0 0.03125 0.07370517928286853 0.0325 0.12350597609561753
0 0.54875 0.6334661354581673 0.1275 0.4940239043824701
0 0.4725 0.5239043824701195 0.12 0.46613545816733065
0 0.35125 0.5079681274900398 0.1225 0.47410358565737054
0 0.4325 0.398406374501992 0.08 0.3187250996015936
0 0.65375 0.4601593625498008 0.0975 0.38645418326693226
0 0.62625 0.3147410358565737 0.0675 0.27091633466135456
0 0.86625 0.4402390438247012 0.0775 0.30677290836653387
0 0.705 0.6055776892430279 0.11 0.43824701195219123
0 0.87375 0.7211155378486056 0.1375 0.5418326693227091
2 0.145 0.8027888446215139 0.185 0.26693227091633465
2 0.3425 0.8187250996015937 0.155 0.2908366533864542
2 0.30125 0.549800796812749 0.0825 0.15139442231075698
2 0.79 0.32270916334661354 0.075 0.1593625498007968
2 0.13875 0.3107569721115538 0.1075 0.199203187250996
2 0.2275 0.20717131474103587 0.06 0.08764940239043825
2 0.27125 0.20916334661354583 0.0525 0.07569721115537849
2 0.365 0.24900398406374502 0.05 0.07569721115537849
2 0.3875 0.17729083665338646 0.045 0.06772908366533864
2 0.34375 0.1693227091633466 0.0325 0.05976095617529881
2 0.31125 0.14940239043824702 0.0325 0.05976095617529881
2 0.72125 0.19721115537848605 0.0425 0.06772908366533864
2 0.75 0.16533864541832669 0.035 0.05976095617529881
2 0.78625 0.21314741035856574 0.0475 0.05976095617529881
2 0.955 0.27091633466135456 0.055 0.08764940239043825
2 0.9 0.15139442231075698 0.04 0.0796812749003984
2 0.95375 0.16733067729083664 0.0325 0.055776892430278883
2 0.98 0.18127490039840638 0.035 0.08366533864541832
2 0.27375 0.33266932270916333 0.0825 0.099601593625498
2 0.7125 0.30677290836653387 0.06 0.11952191235059761
2 0.525 0.40239043824701193 0.07 0.4302788844621514
2 0.57375 0.22709163346613545 0.0525 0.10358565737051793
4 0.47375 0.1254980079681275 0.8425 0.2350597609561753
