0 0.232 0.7064056939501779 0.132 0.5800711743772242
0 0.259 0.5 0.054 0.24555160142348753
0 0.315 0.48398576512455516 0.05 0.2206405693950178
0 0.293 0.4608540925266904 0.038 0.17437722419928825
0 0.258 0.31494661921708184 0.04 0.17437722419928825
0 0.3 0.3185053380782918 0.036 0.1601423487544484
0 0.28 0.3167259786476868 0.036 0.15658362989323843
0 0.119 0.47153024911032027 0.054 0.24555160142348753
0 0.183 0.4626334519572954 0.046 0.20640569395017794
0 0.412 0.501779359430605 0.044 0.199288256227758
0 0.441 0.4501779359430605 0.042 0.18149466192170818
0 0.467 0.45729537366548045 0.042 0.19572953736654805
0 0.513 0.4875444839857651 0.046 0.199288256227758
0 0.493 0.4430604982206406 0.034 0.1601423487544484
0 0.383 0.4501779359430605 0.042 0.19572953736654805
0 0.334 0.45373665480427045 0.044 0.20284697508896798
2 0.012 0.3790035587188612 0.024 0.07473309608540925
2 0.034 0.37722419928825623 0.028 0.042704626334519574
2 0.057 0.4092526690391459 0.034 0.0711743772241993
2 0.094 0.40569395017793597 0.044 0.07829181494661921
2 0.948 0.40213523131672596 0.068 0.12811387900355872
4 0.523 0.28291814946619215 0.078 0.13167259786476868
4 0.553 0.4679715302491103 0.438 0.2597864768683274
