0 0.078 0.25825825825825827 0.076 0.2822822822822823
0 0.069 0.5195195195195195 0.13 0.4744744744744745
0 0.203 0.47897897897897895 0.118 0.4294294294294294
0 0.33 0.48348348348348347 0.088 0.3303303303303303
0 0.383 0.47147147147147145 0.086 0.3123123123123123
0 0.418 0.47597597597597596 0.088 0.3333333333333333
0 0.466 0.46846846846846846 0.092 0.34234234234234234
0 0.495 0.484984984984985 0.098 0.3633633633633634
0 0.54 0.539039039039039 0.144 0.5315315315315315
0 0.617 0.4864864864864865 0.13 0.4864864864864865
0 0.684 0.484984984984985 0.104 0.3813813813813814
0 0.714 0.47297297297297297 0.096 0.35735735735735735
0 0.738 0.4519519519519519 0.088 0.32732732732732733
0 0.761 0.44594594594594594 0.082 0.30930930930930933
0 0.786 0.43993993993993996 0.08 0.2972972972972973
0 0.816 0.4174174174174174 0.076 0.27627627627627627
0 0.88 0.35735735735735735 0.02 0.08408408408408409
2 0.145 0.35585585585585583 0.03 0.05105105105105105
2 0.658 0.3138138138138138 0.028 0.05105105105105105
4 0.945 0.35735735735735735 0.102 0.12012012012012012
