0 0.04833333333333333 0.6906565656565656 0.06666666666666667 0.24494949494949494
0 0.1 0.6641414141414141 0.03333333333333333 0.13131313131313133
0 0.13166666666666665 0.678030303030303 0.05 0.18434343434343434
0 0.16916666666666666 0.6679292929292929 0.041666666666666664 0.1590909090909091
0 0.24833333333333332 0.6578282828282829 0.03666666666666667 0.13383838383838384
0 0.31333333333333335 0.8232323232323232 0.09 0.3383838383838384
0 0.355 0.726010101010101 0.06666666666666667 0.25
0 0.4116666666666667 0.7108585858585859 0.07666666666666666 0.28535353535353536
0 0.4633333333333333 0.6944444444444444 0.07333333333333333 0.2777777777777778
0 0.5275 0.7133838383838383 0.06833333333333333 0.255050505050505
0 0.5591666666666667 0.7373737373737373 0.085 0.32323232323232326
0 0.5825 0.8118686868686869 0.09166666666666666 0.3409090909090909
0 0.6375 0.7449494949494949 0.07833333333333334 0.29797979797979796
0 0.6925 0.75 0.07833333333333334 0.29797979797979796
0 0.7475 0.7386363636363636 0.065 0.24494949494949494
0 0.8025 0.7815656565656566 0.09166666666666666 0.3409090909090909
2 0.935 0.5921717171717171 0.13 0.255050505050505
2 0.8525 0.6452020202020202 0.045 0.07828282828282829
2 0.8825 0.6098484848484849 0.03166666666666667 0.05303030303030303
2 0.7116666666666667 0.6060606060606061 0.02666666666666667 0.050505050505050504
2 0.6675 0.5972222222222222 0.025 0.05303030303030303
2 0.6208333333333333 0.5681818181818182 0.021666666666666667 0.050505050505050504
2 0.5991666666666666 0.5808080808080808 0.035 0.06565656565656566
2 0.2991666666666667 0.6022727272727273 0.06166666666666667 0.07828282828282829
2 0.7825 0.6388888888888888 0.025 0.045454545454545456
2 0.37166666666666665 0.5795454545454546 0.02666666666666667 0.03787878787878788
3 0.20833333333333334 0.16414141414141414 0.1 0.18181818181818182
3 0.42833333333333334 0.11868686868686869 0.09333333333333334 0.12121212121212122
3 0.7416666666666667 0.3042929292929293 0.06666666666666667 0.06818181818181818
4 0.16583333333333333 0.6237373737373737 0.205 0.12626262626262627
