0 0.044 0.5615835777126099 0.068 0.24926686217008798
0 0.022 0.5645161290322581 0.044 0.31378299120234604
0 0.141 0.6231671554252199 0.102 0.36656891495601174
0 0.188 0.6129032258064516 0.124 0.45161290322580644
0 0.244 0.6334310850439883 0.104 0.3812316715542522
0 0.273 0.5835777126099707 0.082 0.2932551319648094
0 0.347 0.6055718475073314 0.118 0.41935483870967744
0 0.473 0.6847507331378299 0.166 0.6011730205278593
0 0.615 0.6378299120234604 0.098 0.36070381231671556
0 0.687 0.6085043988269795 0.106 0.39002932551319647
0 0.642 0.5909090909090909 0.084 0.30791788856304986
0 0.73 0.5747800586510264 0.112 0.4046920821114369
0 0.779 0.5747800586510264 0.09 0.3284457478005865
0 0.809 0.6304985337243402 0.094 0.3343108504398827
0 0.888 0.6700879765395894 0.148 0.5366568914956011
0 0.94 0.6598240469208211 0.12 0.5747800586510264
2 0.153 0.3885630498533724 0.034 0.07331378299120235
2 0.241 0.39589442815249265 0.03 0.05865102639296188
2 0.277 0.4222873900293255 0.03 0.03519061583577713
2 0.4 0.4046920821114369 0.032 0.03519061583577713
2 0.399 0.4560117302052786 0.034 0.06158357771260997
2 0.434 0.46187683284457476 0.028 0.05571847507331378
2 0.577 0.46920821114369504 0.046 0.05278592375366569
2 0.83 0.4501466275659824 0.032 0.04985337243401759
2 0.855 0.44281524926686217 0.034 0.05865102639296188
