0 0.009895833333333333 0.48541666666666666 0.019791666666666666 0.1125
0 0.022395833333333334 0.4840277777777778 0.034375 0.11527777777777778
0 0.05364583333333333 0.48194444444444445 0.036458333333333336 0.12222222222222222
0 0.07604166666666666 0.48194444444444445 0.03958333333333333 0.13055555555555556
0 0.10104166666666667 0.4847222222222222 0.041666666666666664 0.1361111111111111
0 0.13854166666666667 0.48680555555555555 0.041666666666666664 0.1375
0 0.121875 0.48541666666666666 0.0375 0.12638888888888888
0 0.09114583333333333 0.4875 0.034375 0.11388888888888889
0 0.15520833333333334 0.4840277777777778 0.03958333333333333 0.12916666666666668
0 0.16770833333333332 0.4909722222222222 0.041666666666666664 0.14027777777777778
0 0.19166666666666668 0.48333333333333334 0.03958333333333333 0.13055555555555556
0 0.228125 0.4847222222222222 0.04375 0.14722222222222223
0 0.2578125 0.4798611111111111 0.036458333333333336 0.12083333333333333
0 0.26979166666666665 0.4826388888888889 0.035416666666666666 0.11527777777777778
0 0.2838541666666667 0.49166666666666664 0.046875 0.15555555555555556
0 0.30833333333333335 0.4791666666666667 0.035416666666666666 0.11666666666666667
0 0.321875 0.4756944444444444 0.035416666666666666 0.11805555555555555
0 0.33177083333333335 0.4930555555555556 0.053125 0.175
0 0.3609375 0.48333333333333334 0.04479166666666667 0.14722222222222223
0 0.403125 0.49027777777777776 0.05625 0.18611111111111112
0 0.453125 0.4847222222222222 0.06041666666666667 0.19722222222222222
0 0.43645833333333334 0.48819444444444443 0.052083333333333336 0.1736111111111111
0 0.4942708333333333 0.49722222222222223 0.059375 0.19444444444444445
0 0.5166666666666667 0.49166666666666664 0.058333333333333334 0.19166666666666668
0 0.5359375 0.4895833333333333 0.05520833333333333 0.17916666666666667
0 0.5567708333333333 0.5 0.057291666666666664 0.18888888888888888
0 0.5739583333333333 0.5048611111111111 0.0625 0.20694444444444443
0 0.6046875 0.5013888888888889 0.06145833333333333 0.20277777777777778
0 0.6338541666666667 0.5048611111111111 0.06354166666666666 0.20694444444444443
0 0.678125 0.5041666666666667 0.06041666666666667 0.2
0 0.6911458333333333 0.49930555555555556 0.071875 0.2375
0 0.7234375 0.49027777777777776 0.057291666666666664 0.19166666666666668
0 0.7645833333333333 0.5020833333333333 0.075 0.24861111111111112
0 0.8130208333333333 0.49027777777777776 0.057291666666666664 0.19166666666666668
0 0.8869791666666667 0.5069444444444444 0.08229166666666667 0.2722222222222222
0 0.9083333333333333 0.5069444444444444 0.07291666666666667 0.24166666666666667
0 0.9322916666666666 0.5013888888888889 0.0625 0.20833333333333334
0 0.9552083333333333 0.4840277777777778 0.052083333333333336 0.16805555555555557
0 0.9734375 0.4847222222222222 0.051041666666666666 0.16666666666666666
2 0.036458333333333336 0.4326388888888889 0.016666666666666666 0.020833333333333332
2 0.06354166666666666 0.43680555555555556 0.014583333333333334 0.018055555555555554
2 0.17916666666666667 0.42569444444444443 0.014583333333333334 0.02361111111111111
2 0.20260416666666667 0.4305555555555556 0.011458333333333333 0.025
2 0.21354166666666666 0.4326388888888889 0.014583333333333334 0.02361111111111111
2 0.23802083333333332 0.42986111111111114 0.011458333333333333 0.02638888888888889
2 0.25 0.4236111111111111 0.0125 0.022222222222222223
2 0.9786458333333333 0.3958333333333333 0.028125 0.044444444444444446
2 0.9390625 0.3145833333333333 0.026041666666666668 0.029166666666666667
2 0.9239583333333333 0.3333333333333333 0.01875 0.030555555555555555
2 0.7947916666666667 0.32708333333333334 0.014583333333333334 0.020833333333333332
2 0.7817708333333333 0.33125 0.013541666666666667 0.02361111111111111
2 0.7463541666666667 0.37569444444444444 0.015625 0.02361111111111111
2 0.6557291666666667 0.4131944444444444 0.023958333333333335 0.03194444444444444
2 0.6213541666666667 0.41597222222222224 0.019791666666666666 0.029166666666666667
2 0.5046875 0.4236111111111111 0.017708333333333333 0.025
2 0.4765625 0.4152777777777778 0.019791666666666666 0.030555555555555555
2 0.3828125 0.42569444444444443 0.015625 0.02638888888888889
2 0.3453125 0.42291666666666666 0.015625 0.029166666666666667
