0 0.02526315789473684 0.5072072072072072 0.05052631578947368 0.3009009009009009
0 0.11263157894736842 0.4666666666666667 0.07789473684210527 0.32432432432432434
0 0.13210526315789473 0.4018018018018018 0.06 0.25225225225225223
0 0.24210526315789474 0.6396396396396397 0.11578947368421053 0.4864864864864865
0 0.10052631578947369 0.6594594594594595 0.13789473684210526 0.5765765765765766
0 0.3542105263157895 0.6225225225225225 0.1336842105263158 0.5567567567567567
0 0.2789473684210526 0.35315315315315315 0.04631578947368421 0.1981981981981982
0 0.29526315789473684 0.36036036036036034 0.045263157894736845 0.1945945945945946
0 0.38526315789473686 0.5945945945945946 0.09263157894736843 0.3927927927927928
0 0.4921052631578947 0.5774774774774775 0.11894736842105263 0.4990990990990991
0 0.5268421052631579 0.3117117117117117 0.03894736842105263 0.16216216216216217
0 0.5952631578947368 0.5900900900900901 0.12526315789473685 0.527927927927928
0 0.7447368421052631 0.6009009009009009 0.1168421052631579 0.4918918918918919
0 0.8694736842105263 0.6108108108108108 0.13473684210526315 0.5621621621621622
0 0.4052631578947368 0.09549549549549549 0.016842105263157894 0.07567567567567568
0 0.41526315789473683 0.1018018018018018 0.015789473684210527 0.07027027027027027
0 0.1436842105263158 0.2063063063063063 0.01368421052631579 0.05945945945945946
0 0.1694736842105263 0.2009009009009009 0.010526315789473684 0.04864864864864865
0 0.5073684210526316 0.19099099099099098 0.010526315789473684 0.05045045045045045
2 0.049473684210526316 0.33513513513513515 0.04421052631578947 0.06126126126126126
2 0.1031578947368421 0.26216216216216215 0.023157894736842106 0.04504504504504504
2 0.22052631578947368 0.2693693693693694 0.0431578947368421 0.05225225225225225
2 0.22157894736842104 0.32432432432432434 0.03684210526315789 0.05765765765765766
2 0.39052631578947367 0.3261261261261261 0.05263157894736842 0.12972972972972974
3 0.533157894736842 0.07657657657657657 0.028421052631578948 0.055855855855855854
3 0.68 0.03873873873873874 0.03368421052631579 0.07027027027027027
3 0.8321052631578948 0.05405405405405406 0.024210526315789474 0.1009009009009009
