0 0.060950413223140494 0.4713375796178344 0.12190082644628099 0.89171974522293
0 0.09194214876033058 0.4426751592356688 0.18388429752066116 0.7898089171974523
0 0.22727272727272727 0.4872611464968153 0.2190082644628099 0.8280254777070064
0 0.33161157024793386 0.4745222929936306 0.20454545454545456 0.7707006369426752
0 0.48863636363636365 0.5207006369426752 0.1590909090909091 0.60828025477707
0 0.6869834710743802 0.5668789808917197 0.1921487603305785 0.7261146496815286
0 0.5402892561983471 0.47929936305732485 0.17148760330578514 0.6528662420382165
0 0.6074380165289256 0.46178343949044587 0.16115702479338842 0.6178343949044586
0 0.5588842975206612 0.4984076433121019 0.1590909090909091 0.6019108280254777
2 0.43388429752066116 0.16878980891719744 0.0743801652892562 0.1592356687898089
2 0.4855371900826446 0.13853503184713375 0.07851239669421488 0.1305732484076433
4 0.8326446280991735 0.4012738853503185 0.25206611570247933 0.43312101910828027
