0 0.9671875 0.6244131455399061 0.065625 0.25821596244131456
0 0.90390625 0.5974178403755869 0.0546875 0.20892018779342722
0 0.84140625 0.5551643192488263 0.0546875 0.20422535211267606
0 0.75390625 0.7312206572769953 0.0765625 0.2793427230046948
0 0.6734375 0.6514084507042254 0.065625 0.24647887323943662
0 0.61484375 0.755868544600939 0.0703125 0.26291079812206575
0 0.49296875 0.8004694835680751 0.0546875 0.20187793427230047
0 0.553125 0.6619718309859155 0.0625 0.2347417840375587
0 0.35390625 0.7593896713615024 0.0796875 0.2934272300469484
0 0.45546875 0.676056338028169 0.0671875 0.24882629107981222
0 0.79140625 0.5539906103286385 0.0296875 0.11737089201877934
0 0.765625 0.5539906103286385 0.03125 0.12206572769953052
0 0.73671875 0.5633802816901409 0.0296875 0.107981220657277
0 0.70390625 0.5657276995305164 0.0265625 0.09859154929577464
0 0.55 0.4694835680751174 0.01875 0.07511737089201878
0 0.53828125 0.46830985915492956 0.0171875 0.06338028169014084
0 0.521875 0.4706572769953052 0.01875 0.06807511737089202
0 0.50546875 0.46830985915492956 0.0171875 0.06807511737089202
0 0.38359375 0.57981220657277 0.0359375 0.13145539906103287
0 0.28828125 0.5903755868544601 0.0328125 0.12910798122065728
2 0.34453125 0.5316901408450704 0.0390625 0.06807511737089202
2 0.640625 0.5140845070422535 0.034375 0.06572769953051644
2 0.26875 0.5152582159624414 0.025 0.05868544600938967
2 0.31015625 0.5011737089201878 0.0328125 0.04460093896713615
2 0.396875 0.5199530516431925 0.021875 0.035211267605633804
2 0.49140625 0.5363849765258216 0.0265625 0.04929577464788732
2 0.7515625 0.48708920187793425 0.028125 0.035211267605633804
4 0.14609375 0.7417840375586855 0.2859375 0.5070422535211268
4 0.265625 0.4307511737089202 0.48125 0.19014084507042253
4 0.7515625 0.4424882629107981 0.490625 0.2652582159624413
