0 0.1275 0.9208333333333333 0.04 0.065
0 0.0625 0.9241666666666667 0.035 0.06166666666666667
0 0.34375 0.9166666666666666 0.0475 0.07666666666666666
0 0.31125 0.9075 0.0325 0.051666666666666666
0 0.25875 0.9108333333333334 0.0225 0.03833333333333333
0 0.41125 0.9141666666666667 0.0475 0.07833333333333334
0 0.47875 0.9166666666666666 0.0425 0.07
0 0.505 0.9116666666666666 0.035 0.06333333333333334
0 0.5275 0.9083333333333333 0.035 0.056666666666666664
0 0.66125 0.9158333333333334 0.0475 0.07833333333333334
0 0.71 0.9158333333333334 0.04 0.06833333333333333
0 0.825 0.9141666666666667 0.04 0.06833333333333333
0 0.915 0.9141666666666667 0.045 0.07166666666666667
0 0.95 0.9166666666666666 0.055 0.09333333333333334
4 0.30875 0.91 0.5975 0.08333333333333333
4 0.80375 0.9116666666666666 0.3625 0.11
4 0.5875 0.22166666666666668 0.425 0.09
