0 0.07363636363636364 0.6607629427792916 0.14727272727272728 0.6566757493188011
0 0.18 0.6580381471389646 0.16727272727272727 0.6130790190735694
0 0.3372727272727273 0.6130790190735694 0.10363636363636364 0.3869209809264305
0 0.2909090909090909 0.662125340599455 0.11272727272727273 0.4196185286103542
0 0.41 0.5980926430517711 0.10727272727272727 0.39509536784741145
0 0.4490909090909091 0.5844686648501363 0.09818181818181818 0.36239782016348776
0 0.4781818181818182 0.5599455040871935 0.07636363636363637 0.28610354223433243
0 0.519090909090909 0.5422343324250681 0.0890909090909091 0.33242506811989103
0 0.56 0.6062670299727521 0.09818181818181818 0.3678474114441417
0 0.6090909090909091 0.5449591280653951 0.08 0.2997275204359673
0 0.67 0.5762942779291553 0.08545454545454545 0.3188010899182561
0 0.6463636363636364 0.5435967302452316 0.07818181818181819 0.29155313351498635
0 0.7072727272727273 0.6416893732970027 0.07272727272727272 0.27520435967302453
0 0.7872727272727272 0.6348773841961853 0.09090909090909091 0.33787465940054495
0 0.84 0.55858310626703 0.09090909090909091 0.33787465940054495
0 0.7509090909090909 0.5653950953678474 0.08 0.29155313351498635
0 0.8081818181818182 0.5626702997275205 0.08181818181818182 0.3079019073569482
0 0.5827272727272728 0.5735694822888283 0.09272727272727273 0.3405994550408719
2 0.25727272727272726 0.6975476839237057 0.07090909090909091 0.30517711171662126
2 0.3572727272727273 0.41553133514986373 0.034545454545454546 0.07901907356948229
2 0.8136363636363636 0.48501362397820164 0.07090909090909091 0.15258855585831063
2 0.6981818181818182 0.4250681198910082 0.02909090909090909 0.07629427792915532
2 0.6690909090909091 0.4032697547683924 0.02909090909090909 0.05449591280653951
