0 0.619375 0.6443202979515829 0.15125 0.5512104283054003
0 0.81125 0.5353817504655494 0.0925 0.3370577281191806
0 0.909375 0.49441340782122906 0.06125 0.22905027932960895
0 0.97625 0.4776536312849162 0.0475 0.18063314711359404
0 0.941875 0.43482309124767227 0.02875 0.10614525139664804
0 0.871875 0.4292364990689013 0.03125 0.11731843575418995
0 0.845 0.43854748603351956 0.0375 0.13966480446927373
0 0.7525 0.42178770949720673 0.0275 0.10614525139664804
0 0.708125 0.4273743016759777 0.03625 0.13594040968342644
0 0.685625 0.4860335195530726 0.05125 0.18994413407821228
0 0.54125 0.5176908752327747 0.0675 0.24953445065176907
0 0.50625 0.4506517690875233 0.0425 0.1601489757914339
0 0.426875 0.44692737430167595 0.02625 0.1005586592178771
0 0.398125 0.462756052141527 0.03875 0.14711359404096835
0 0.34625 0.48789571694599626 0.0575 0.2085661080074488
0 0.30125 0.4553072625698324 0.0325 0.12476722532588454
0 0.27875 0.5633147113594041 0.095 0.35195530726256985
0 0.24125 0.46089385474860334 0.04 0.14711359404096835
0 0.1725 0.4748603351955307 0.04 0.1452513966480447
0 0.125 0.5297951582867784 0.0675 0.25139664804469275
0 0.053125 0.5046554934823091 0.05375 0.2011173184357542
0 0.0175 0.49068901303538176 0.035 0.18808193668528864
0 0.07125 0.44320297951582865 0.0225 0.0856610800744879
0 0.098125 0.43575418994413406 0.01625 0.0633147113594041
0 0.204375 0.43947858472998136 0.02375 0.0856610800744879
0 0.190625 0.4404096834264432 0.02125 0.08007448789571694
0 0.2125 0.4404096834264432 0.02 0.07635009310986965
0 0.321875 0.4245810055865922 0.01625 0.0595903165735568
0 0.36875 0.4245810055865922 0.02 0.074487895716946
0 0.44375 0.4245810055865922 0.02 0.0782122905027933
2 0.019375 0.4273743016759777 0.02625 0.06517690875232775
2 0.195625 0.40502793296089384 0.01375 0.027932960893854747
2 0.235625 0.4441340782122905 0.01875 0.07635009310986965
2 0.294375 0.41154562383612664 0.01375 0.0446927374301676
2 0.38375 0.39757914338919925 0.01 0.04283054003724395
2 0.39 0.40409683426443205 0.0125 0.040968342644320296
2 0.409375 0.4068901303538175 0.01625 0.04655493482309125
2 0.42375 0.40037243947858475 0.0175 0.048417132216014895
2 0.66125 0.4143389199255121 0.015 0.07262569832402235
2 0.773125 0.4068901303538175 0.03875 0.11731843575418995
2 0.9075 0.3808193668528864 0.02 0.04283054003724395
3 0.12125 0.2616387337057728 0.06 0.14338919925512103
3 0.174375 0.26256983240223464 0.02875 0.10800744878957169
3 0.2375 0.26536312849162014 0.045 0.09869646182495345
3 0.283125 0.27281191806331473 0.02375 0.09869646182495345
3 0.14 0.4106145251396648 0.025 0.054003724394785846
