0 0.06916666666666667 0.64 0.12166666666666667 0.445
0 0.105 0.6225 0.11 0.4
0 0.04833333333333333 0.61625 0.09 0.3375
0 0.0225 0.585 0.045 0.175
0 0.15416666666666667 0.65875 0.11166666666666666 0.4175
0 0.18583333333333332 0.6325 0.10833333333333334 0.4
0 0.24416666666666667 0.64375 0.11166666666666666 0.4175
0 0.275 0.6275 0.09333333333333334 0.34
0 0.22833333333333333 0.615 0.09333333333333334 0.35
0 0.31666666666666665 0.65 0.11 0.4
0 0.34 0.62375 0.09666666666666666 0.3575
0 0.375 0.66875 0.09666666666666666 0.3525
0 0.405 0.64875 0.09 0.3375
0 0.4425 0.6575 0.095 0.35
0 0.4608333333333333 0.645 0.085 0.32
0 0.5041666666666667 0.655 0.10166666666666667 0.38
0 0.5325 0.63375 0.09833333333333333 0.3575
0 0.585 0.6625 0.09666666666666666 0.355
0 0.6141666666666666 0.65 0.08166666666666667 0.305
0 0.6858333333333333 0.6475 0.09833333333333333 0.36
0 0.6641666666666667 0.63375 0.085 0.3125
0 0.7491666666666666 0.65 0.105 0.385
0 0.7325 0.635 0.08166666666666667 0.305
0 0.8266666666666667 0.66875 0.10333333333333333 0.3775
0 0.8591666666666666 0.6475 0.08166666666666667 0.3
0 0.8958333333333334 0.65625 0.11833333333333333 0.4325
0 0.9533333333333334 0.66125 0.09333333333333334 0.3725
2 0.85 0.5025 0.03666666666666667 0.065
2 0.9516666666666667 0.5775 0.09 0.34
2 0.6558333333333334 0.52375 0.028333333333333332 0.0475
2 0.5641666666666667 0.5175 0.03166666666666667 0.05
2 0.43 0.50875 0.023333333333333334 0.0475
2 0.39916666666666667 0.5025 0.03166666666666667 0.065
2 0.30833333333333335 0.50125 0.02666666666666667 0.0375
2 0.22416666666666665 0.48125 0.025 0.0525
2 0.0125 0.5725 0.025 0.175
2 0.03916666666666667 0.54 0.021666666666666667 0.075
2 0.535 0.73625 0.02 0.0575
