0 0.03359375 0.5260416666666666 0.0671875 0.40625
0 0.10390625 0.5364583333333334 0.1328125 0.43333333333333335
0 0.16484375 0.5223958333333333 0.1140625 0.37395833333333334
0 0.275390625 0.5635416666666667 0.13203125 0.42916666666666664
0 0.355078125 0.6135416666666667 0.13203125 0.42916666666666664
0 0.447265625 0.5463541666666667 0.10390625 0.340625
0 0.47734375 0.5359375 0.1015625 0.33229166666666665
0 0.5671875 0.6208333333333333 0.16875 0.55
0 0.681640625 0.5744791666666667 0.12890625 0.421875
0 0.612890625 0.5567708333333333 0.08828125 0.290625
0 0.644921875 0.5119791666666667 0.10234375 0.33229166666666665
0 0.737109375 0.6645833333333333 0.20234375 0.6583333333333333
0 0.86953125 0.6359375 0.2234375 0.7260416666666667
0 0.68359375 0.5473958333333333 0.10625 0.346875
2 0.1296875 0.3703125 0.0265625 0.05520833333333333
2 0.228515625 0.4739583333333333 0.06640625 0.12291666666666666
2 0.221875 0.384375 0.0546875 0.12916666666666668
2 0.290625 0.3921875 0.0453125 0.04895833333333333
2 0.3796875 0.4432291666666667 0.071875 0.17395833333333333
2 0.612890625 0.3697916666666667 0.03515625 0.10208333333333333
2 0.56875 0.36614583333333334 0.0640625 0.09479166666666666
2 0.776953125 0.40625 0.04921875 0.08958333333333333
2 0.760546875 0.3541666666666667 0.03046875 0.052083333333333336
2 0.771875 0.3541666666666667 0.034375 0.06875
2 0.826171875 0.38125 0.04140625 0.09791666666666667
2 0.939453125 0.4015625 0.08828125 0.17604166666666668
2 0.951953125 0.403125 0.08203125 0.19583333333333333
2 0.97734375 0.4744791666666667 0.0453125 0.28854166666666664
