0 0.613 0.622356495468278 0.166 0.6163141993957704
0 0.583 0.6027190332326284 0.142 0.5226586102719033
0 0.654 0.5981873111782477 0.1 0.37462235649546827
0 0.694 0.5861027190332326 0.08 0.29607250755287007
0 0.748 0.56797583081571 0.104 0.3867069486404834
0 0.73 0.5604229607250756 0.08 0.2990936555891239
0 0.844 0.5604229607250756 0.108 0.3957703927492447
0 0.909 0.49697885196374625 0.058 0.21450151057401812
0 0.932 0.6072507552870091 0.136 0.6404833836858006
0 0.739 0.3187311178247734 0.026 0.09969788519637462
0 0.717 0.32326283987915405 0.018 0.07250755287009064
0 0.687 0.324773413897281 0.034 0.12386706948640483
0 0.646 0.3202416918429003 0.024 0.09667673716012085
0 0.536 0.31268882175226587 0.024 0.08761329305135952
0 0.507 0.2945619335347432 0.026 0.09365558912386707
0 0.459 0.3413897280966767 0.038 0.14501510574018128
0 0.427 0.324773413897281 0.034 0.1299093655589124
0 0.444 0.3066465256797583 0.024 0.08761329305135952
0 0.403 0.3731117824773414 0.042 0.1661631419939577
0 0.374 0.36555891238670696 0.044 0.1691842900302115
0 0.339 0.5513595166163142 0.086 0.31722054380664655
0 0.322 0.5453172205438066 0.076 0.28700906344410876
0 0.355 0.30513595166163143 0.038 0.14501510574018128
0 0.328 0.30362537764350456 0.036 0.1419939577039275
0 0.311 0.311178247734139 0.026 0.09667673716012085
0 0.294 0.3187311178247734 0.024 0.08761329305135952
0 0.284 0.30362537764350456 0.024 0.09969788519637462
0 0.24 0.31268882175226587 0.028 0.10574018126888217
0 0.256 0.2990936555891239 0.028 0.1148036253776435
2 0.978 0.6827794561933535 0.044 0.6283987915407855
2 0.575 0.7749244712990937 0.054 0.0513595166163142
2 0.069 0.2930513595166163 0.03 0.04833836858006042
2 0.077 0.26435045317220546 0.026 0.05740181268882175
2 0.142 0.2764350453172205 0.024 0.03323262839879154
2 0.159 0.27341389728096677 0.01 0.03323262839879154
2 0.166 0.2764350453172205 0.012 0.03323262839879154
2 0.188 0.283987915407855 0.008 0.02416918429003021
2 0.2 0.28851963746223563 0.012 0.015105740181268883
2 0.218 0.2719033232628399 0.008 0.03625377643504532
2 0.226 0.283987915407855 0.02 0.04229607250755287
