0 0.935546875 0.6850393700787402 0.08463541666666667 0.31496062992125984
0 0.7877604166666666 0.6348425196850394 0.06770833333333333 0.25393700787401574
0 0.6139322916666666 0.7057086614173228 0.08984375 0.33267716535433073
0 0.6263020833333334 0.6683070866141733 0.078125 0.28937007874015747
0 0.6399739583333334 0.6446850393700787 0.07161458333333333 0.26968503937007876
0 0.482421875 0.6515748031496063 0.07421875 0.2755905511811024
0 0.3020833333333333 0.6860236220472441 0.08072916666666667 0.30118110236220474
0 0.23502604166666666 0.6683070866141733 0.07421875 0.27755905511811024
0 0.18424479166666666 0.7312992125984252 0.09244791666666667 0.34448818897637795
0 0.06901041666666667 0.6781496062992126 0.07552083333333333 0.2854330708661417
0 0.978515625 0.5895669291338582 0.04296875 0.20275590551181102
0 0.955078125 0.5905511811023622 0.05078125 0.1889763779527559
0 0.8795572916666666 0.593503937007874 0.05859375 0.21456692913385828
0 0.8528645833333334 0.5974409448818898 0.049479166666666664 0.18700787401574803
0 0.83203125 0.6023622047244095 0.044270833333333336 0.16929133858267717
0 0.791015625 0.6053149606299213 0.05859375 0.21850393700787402
0 0.765625 0.6190944881889764 0.046875 0.17519685039370078
0 0.7513020833333334 0.6171259842519685 0.046875 0.17125984251968504
0 0.73828125 0.6210629921259843 0.044270833333333336 0.1673228346456693
0 0.7194010416666666 0.6122047244094488 0.048177083333333336 0.18110236220472442
0 0.701171875 0.6161417322834646 0.055989583333333336 0.2047244094488189
0 0.6822916666666666 0.609251968503937 0.052083333333333336 0.19881889763779528
0 0.662109375 0.6043307086614174 0.05078125 0.19291338582677164
0 0.5735677083333334 0.6269685039370079 0.053385416666666664 0.19881889763779528
0 0.552734375 0.6082677165354331 0.05859375 0.21653543307086615
0 0.5208333333333334 0.6181102362204725 0.049479166666666664 0.1889763779527559
0 0.5071614583333334 0.6141732283464567 0.048177083333333336 0.18503937007874016
0 0.4375 0.6269685039370079 0.057291666666666664 0.2106299212598425
0 0.4446614583333333 0.6043307086614174 0.061197916666666664 0.22440944881889763
0 0.3912760416666667 0.6181102362204725 0.06380208333333333 0.23622047244094488
0 0.3704427083333333 0.6112204724409449 0.05859375 0.21850393700787402
0 0.3567708333333333 0.609251968503937 0.052083333333333336 0.19488188976377951
0 0.34375 0.610236220472441 0.046875 0.17716535433070865
0 0.2994791666666667 0.6279527559055118 0.0625 0.23622047244094488
0 0.09244791666666667 0.6427165354330708 0.059895833333333336 0.22244094488188976
0 0.014973958333333334 0.6604330708661418 0.029947916666666668 0.19488188976377951
0 0.020182291666666668 0.6486220472440944 0.040364583333333336 0.2106299212598425
0 0.026041666666666668 0.6427165354330708 0.052083333333333336 0.20669291338582677
0 0.13671875 0.6259842519685039 0.052083333333333336 0.1968503937007874
2 0.2682291666666667 0.04232283464566929 0.036458333333333336 0.06496062992125984
2 0.3326822916666667 0.09251968503937008 0.02734375 0.05905511811023622
2 0.3684895833333333 0.06791338582677166 0.0234375 0.07283464566929133
2 0.9869791666666666 0.0344488188976378 0.0234375 0.045275590551181105
2 0.9837239583333334 0.08759842519685039 0.024739583333333332 0.05708661417322835
2 0.8151041666666666 0.1673228346456693 0.026041666666666668 0.05511811023622047
2 0.6927083333333334 0.17125984251968504 0.020833333333333332 0.051181102362204724
2 0.6640625 0.1466535433070866 0.018229166666666668 0.05708661417322835
2 0.6399739583333334 0.14173228346456693 0.029947916666666668 0.051181102362204724
2 0.61328125 0.13877952755905512 0.026041666666666668 0.0531496062992126
2 0.693359375 0.13385826771653545 0.014322916666666666 0.03543307086614173
2 0.7083333333333334 0.13484251968503938 0.015625 0.045275590551181105
2 0.728515625 0.14173228346456693 0.016927083333333332 0.051181102362204724
2 0.7434895833333334 0.14173228346456693 0.020833333333333332 0.04330708661417323
2 0.7584635416666666 0.13976377952755906 0.01953125 0.051181102362204724
2 0.771484375 0.13976377952755906 0.014322916666666666 0.04330708661417323
2 0.78515625 0.13582677165354332 0.018229166666666668 0.04330708661417323
2 0.8001302083333334 0.13877952755905512 0.01953125 0.045275590551181105
2 0.791015625 0.10433070866141732 0.022135416666666668 0.03543307086614173
2 0.7669270833333334 0.09744094488188976 0.018229166666666668 0.025590551181102362
2 0.751953125 0.10236220472440945 0.014322916666666666 0.031496062992125984
2 0.7350260416666666 0.10728346456692914 0.014322916666666666 0.03346456692913386
2 0.7141927083333334 0.10137795275590551 0.009114583333333334 0.021653543307086614
2 0.6953125 0.10334645669291338 0.018229166666666668 0.03346456692913386
2 0.67578125 0.1062992125984252 0.0234375 0.03543307086614173
2 0.66796875 0.0797244094488189 0.018229166666666668 0.03346456692913386
2 0.68359375 0.07874015748031496 0.015625 0.027559055118110236
2 0.7057291666666666 0.07677165354330709 0.010416666666666666 0.023622047244094488
2 0.7233072916666666 0.07578740157480315 0.009114583333333334 0.021653543307086614
2 0.7415364583333334 0.07480314960629922 0.01171875 0.023622047244094488
2 0.76171875 0.07381889763779527 0.010416666666666666 0.017716535433070866
2 0.77734375 0.0797244094488189 0.013020833333333334 0.025590551181102362
2 0.767578125 0.054133858267716536 0.014322916666666666 0.02952755905511811
2 0.75 0.058070866141732284 0.0234375 0.04133858267716536
2 0.7317708333333334 0.05610236220472441 0.013020833333333334 0.03346456692913386
2 0.7141927083333334 0.054133858267716536 0.014322916666666666 0.03346456692913386
2 0.703125 0.03248031496062992 0.018229166666666668 0.03740157480314961
2 0.693359375 0.0531496062992126 0.01171875 0.031496062992125984
2 0.6822916666666666 0.03740157480314961 0.020833333333333332 0.027559055118110236
2 0.6770833333333334 0.0531496062992126 0.018229166666666668 0.027559055118110236
2 0.65625 0.0531496062992126 0.018229166666666668 0.027559055118110236
2 0.6614583333333334 0.038385826771653545 0.018229166666666668 0.025590551181102362
2 0.6731770833333334 0.03346456692913386 0.018229166666666668 0.01968503937007874
2 0.5442708333333334 0.0531496062992126 0.033854166666666664 0.06299212598425197
2 0.4869791666666667 0.04921259842519685 0.03125 0.03937007874015748
2 0.4765625 0.07775590551181102 0.018229166666666668 0.02952755905511811
2 0.501953125 0.09251968503937008 0.01953125 0.047244094488188976
2 0.5345052083333334 0.10925196850393701 0.029947916666666668 0.045275590551181105
2 0.5377604166666666 0.13681102362204725 0.0234375 0.02952755905511811
2 0.5416666666666666 0.16929133858267717 0.0234375 0.047244094488188976
2 0.5013020833333334 0.13582677165354332 0.015625 0.03937007874015748
2 0.4908854166666667 0.11023622047244094 0.015625 0.047244094488188976
2 0.46484375 0.10039370078740158 0.0234375 0.03937007874015748
2 0.4752604166666667 0.1309055118110236 0.020833333333333332 0.02952755905511811
2 0.4850260416666667 0.16043307086614172 0.022135416666666668 0.02952755905511811
2 0.4602864583333333 0.15551181102362205 0.022135416666666668 0.03543307086614173
2 0.4348958333333333 0.1624015748031496 0.018229166666666668 0.03346456692913386
2 0.4264322916666667 0.13385826771653545 0.024739583333333332 0.047244094488188976
2 0.4055989583333333 0.140748031496063 0.01953125 0.0531496062992126
2 0.3802083333333333 0.15846456692913385 0.015625 0.03740157480314961
2 0.359375 0.16338582677165353 0.018229166666666668 0.031496062992125984
2 0.3229166666666667 0.17716535433070865 0.0234375 0.04330708661417323
2 0.294921875 0.1702755905511811 0.01953125 0.04921259842519685
2 0.2649739583333333 0.16830708661417323 0.022135416666666668 0.03346456692913386
2 0.208984375 0.11122047244094488 0.024739583333333332 0.04921259842519685
2 0.18880208333333334 0.11220472440944881 0.026041666666666668 0.051181102362204724
2 0.17122395833333334 0.10728346456692914 0.01953125 0.0531496062992126
2 0.13606770833333334 0.11023622047244094 0.024739583333333332 0.047244094488188976
2 0.1640625 0.19389763779527558 0.026041666666666668 0.0531496062992126
2 0.126953125 0.19389763779527558 0.029947916666666668 0.06496062992125984
2 0.080078125 0.13681102362204725 0.022135416666666668 0.04921259842519685
2 0.06510416666666667 0.13484251968503938 0.0234375 0.05708661417322835
2 0.041666666666666664 0.1309055118110236 0.020833333333333332 0.0610236220472441
2 0.13020833333333334 0.04921259842519685 0.028645833333333332 0.05905511811023622
2 0.08723958333333333 0.051181102362204724 0.036458333333333336 0.06692913385826772
2 0.06510416666666667 0.024606299212598427 0.03125 0.04133858267716536
2 0.059895833333333336 0.04822834645669291 0.020833333333333332 0.06496062992125984
2 0.046223958333333336 0.047244094488188976 0.024739583333333332 0.05511811023622047
2 0.016276041666666668 0.03641732283464567 0.01953125 0.06496062992125984
2 0.005859375 0.03248031496062992 0.01171875 0.0610236220472441
2 0.2630208333333333 0.5196850393700787 0.026041666666666668 0.027559055118110236
2 0.2649739583333333 0.5511811023622047 0.016927083333333332 0.047244094488188976
2 0.3229166666666667 0.5462598425196851 0.0234375 0.045275590551181105
2 0.3326822916666667 0.5344488188976378 0.016927083333333332 0.03740157480314961
2 0.9342447916666666 0.4911417322834646 0.01953125 0.03740157480314961
2 0.90625 0.5108267716535433 0.0234375 0.045275590551181105
2 0.9036458333333334 0.4950787401574803 0.015625 0.03740157480314961
2 0.9602864583333334 0.5206692913385826 0.016927083333333332 0.03346456692913386
2 0.9720052083333334 0.5039370078740157 0.01953125 0.03543307086614173
2 0.810546875 0.5246062992125984 0.016927083333333332 0.04133858267716536
2 0.818359375 0.5196850393700787 0.014322916666666666 0.03937007874015748
2 0.8014322916666666 0.5236220472440944 0.016927083333333332 0.047244094488188976
2 0.7649739583333334 0.514763779527559 0.024739583333333332 0.04921259842519685
2 0.7591145833333334 0.5255905511811023 0.018229166666666668 0.027559055118110236
2 0.728515625 0.5068897637795275 0.01953125 0.045275590551181105
2 0.71484375 0.515748031496063 0.013020833333333334 0.023622047244094488
2 0.689453125 0.5029527559055118 0.01171875 0.021653543307086614
2 0.6477864583333334 0.5265748031496063 0.016927083333333332 0.03740157480314961
2 0.6100260416666666 0.5068897637795275 0.016927083333333332 0.021653543307086614
2 0.5904947916666666 0.514763779527559 0.024739583333333332 0.03346456692913386
2 0.3834635416666667 0.5196850393700787 0.014322916666666666 0.031496062992125984
2 0.18880208333333334 0.547244094488189 0.0234375 0.031496062992125984
2 0.20638020833333334 0.5403543307086615 0.01953125 0.03346456692913386
2 0.19075520833333334 0.5246062992125984 0.022135416666666668 0.025590551181102362
2 0.177734375 0.5364173228346457 0.022135416666666668 0.02952755905511811
2 0.10677083333333333 0.5462598425196851 0.018229166666666668 0.03346456692913386
2 0.111328125 0.5334645669291339 0.024739583333333332 0.03543307086614173
2 0.026041666666666668 0.5600393700787402 0.013020833333333334 0.02952755905511811
2 0.043619791666666664 0.655511811023622 0.032552083333333336 0.23228346456692914
4 0.8098958333333334 0.515748031496063 0.3776041666666667 0.047244094488188976
4 0.4615885416666667 0.531496062992126 0.12369791666666667 0.07480314960629922
