0 0.04833333333333333 0.6591478696741855 0.08 0.3007518796992481
0 0.11916666666666667 0.7205513784461153 0.08166666666666667 0.3082706766917293
0 0.165 0.6340852130325815 0.07333333333333333 0.2756892230576441
0 0.2608333333333333 0.7218045112781954 0.10166666666666667 0.37092731829573933
0 0.235 0.6654135338345865 0.07666666666666666 0.2882205513784461
0 0.335 0.6842105263157895 0.07333333333333333 0.2756892230576441
0 0.31166666666666665 0.6441102756892231 0.07333333333333333 0.2706766917293233
0 0.37916666666666665 0.706766917293233 0.095 0.3508771929824561
0 0.4475 0.7192982456140351 0.10166666666666667 0.37092731829573933
0 0.4925 0.6854636591478697 0.08166666666666667 0.3082706766917293
0 0.5283333333333333 0.7105263157894737 0.09 0.3383458646616541
0 0.6058333333333333 0.6729323308270677 0.07166666666666667 0.2631578947368421
0 0.6566666666666666 0.731829573934837 0.09 0.3358395989974937
0 0.66 0.6804511278195489 0.08 0.2982456140350877
0 0.7016666666666667 0.7731829573934837 0.11666666666666667 0.43358395989974935
0 0.8391666666666666 0.7393483709273183 0.10166666666666667 0.37593984962406013
2 0.3775 0.7606516290726817 0.051666666666666666 0.19298245614035087
