0 0.951 0.5345454545454545 0.058 0.2545454545454545
0 0.857 0.5163636363636364 0.058 0.2690909090909091
0 0.807 0.5127272727272727 0.05 0.21818181818181817
0 0.689 0.5509090909090909 0.082 0.36727272727272725
0 0.668 0.49454545454545457 0.056 0.26181818181818184
0 0.59 0.4909090909090909 0.04 0.18181818181818182
0 0.572 0.5018181818181818 0.048 0.2109090909090909
0 0.535 0.5418181818181819 0.062 0.27636363636363637
0 0.483 0.5854545454545454 0.102 0.4509090909090909
0 0.418 0.49636363636363634 0.06 0.26545454545454544
0 0.438 0.4818181818181818 0.04 0.1781818181818182
0 0.504 0.47454545454545455 0.032 0.14181818181818182
0 0.384 0.5418181818181819 0.076 0.3418181818181818
0 0.361 0.49454545454545457 0.05 0.21818181818181817
0 0.321 0.48727272727272725 0.042 0.1890909090909091
0 0.294 0.5218181818181818 0.056 0.2581818181818182
0 0.244 0.6054545454545455 0.124 0.5490909090909091
0 0.185 0.48 0.05 0.22545454545454546
0 0.147 0.5436363636363636 0.09 0.39636363636363636
0 0.111 0.5163636363636364 0.066 0.29818181818181816
0 0.092 0.49272727272727274 0.052 0.23636363636363636
0 0.063 0.4890909090909091 0.05 0.2290909090909091
2 0.27 0.4636363636363636 0.02 0.07636363636363637
3 0.073 0.7109090909090909 0.138 0.12
3 0.051 0.649090909090909 0.102 0.07636363636363637
3 0.044 0.610909090909091 0.088 0.04363636363636364
3 0.028 0.5927272727272728 0.052 0.03636363636363636
3 0.372 0.7563636363636363 0.232 0.14545454545454545
3 0.286 0.6890909090909091 0.172 0.08363636363636363
