0 0.45740740740740743 0.5291666666666667 0.12962962962962962 0.48055555555555557
0 0.5305555555555556 0.5902777777777778 0.08333333333333333 0.30833333333333335
0 0.5564814814814815 0.6097222222222223 0.06481481481481481 0.2361111111111111
0 0.575 0.5847222222222223 0.053703703703703705 0.19722222222222222
0 0.5861111111111111 0.44305555555555554 0.03148148148148148 0.11388888888888889
0 0.6055555555555555 0.41805555555555557 0.02962962962962963 0.11388888888888889
0 0.6203703703703703 0.39305555555555555 0.022222222222222223 0.09166666666666666
0 0.6370370370370371 0.37916666666666665 0.022222222222222223 0.08611111111111111
0 0.6462962962962963 0.35694444444444445 0.018518518518518517 0.075
0 0.6675925925925926 0.34444444444444444 0.016666666666666666 0.06111111111111111
0 0.6435185185185185 0.6125 0.08333333333333333 0.30277777777777776
0 0.6861111111111111 0.6138888888888889 0.07592592592592592 0.2833333333333333
0 0.7046296296296296 0.6083333333333333 0.07592592592592592 0.2833333333333333
0 0.8425925925925926 0.6458333333333334 0.07407407407407407 0.275
0 0.8629629629629629 0.625 0.07777777777777778 0.28888888888888886
0 0.9583333333333334 0.5722222222222222 0.046296296296296294 0.17222222222222222
0 0.937037037037037 0.5222222222222223 0.040740740740740744 0.15555555555555556
0 0.9074074074074074 0.4722222222222222 0.037037037037037035 0.13333333333333333
0 0.9842592592592593 0.4638888888888889 0.03148148148148148 0.11666666666666667
0 0.9490740740740741 0.41944444444444445 0.020370370370370372 0.07777777777777778
0 0.8740740740740741 0.3875 0.022222222222222223 0.08055555555555556
0 0.8472222222222222 0.4236111111111111 0.027777777777777776 0.10277777777777777
0 0.8240740740740741 0.39166666666666666 0.022222222222222223 0.08333333333333333
0 0.8074074074074075 0.37777777777777777 0.018518518518518517 0.07222222222222222
0 0.7972222222222223 0.3541666666666667 0.020370370370370372 0.08055555555555556
0 0.7888888888888889 0.34305555555555556 0.018518518518518517 0.06944444444444445
0 0.8425925925925926 0.34444444444444444 0.018518518518518517 0.06666666666666667
0 0.7361111111111112 0.3416666666666667 0.020370370370370372 0.08333333333333333
0 0.7453703703703703 0.3680555555555556 0.024074074074074074 0.09166666666666666
0 0.7518518518518519 0.3875 0.022222222222222223 0.09166666666666666
0 0.7675925925925926 0.4152777777777778 0.027777777777777776 0.10833333333333334
0 0.7731481481481481 0.44583333333333336 0.027777777777777776 0.10277777777777777
0 0.7916666666666666 0.46805555555555556 0.03148148148148148 0.125
0 0.6944444444444444 0.40694444444444444 0.022222222222222223 0.08055555555555556
0 0.5583333333333333 0.37222222222222223 0.016666666666666666 0.06111111111111111
0 0.41759259259259257 0.6069444444444444 0.06111111111111111 0.23055555555555557
0 0.3685185185185185 0.6 0.06666666666666667 0.25
0 0.3111111111111111 0.5986111111111111 0.07037037037037037 0.2638888888888889
0 0.29259259259259257 0.5972222222222222 0.06296296296296296 0.2388888888888889
0 0.2490740740740741 0.6055555555555555 0.07962962962962963 0.28888888888888886
0 0.22685185185185186 0.5777777777777777 0.06851851851851852 0.2611111111111111
0 0.17777777777777778 0.5902777777777778 0.05925925925925926 0.225
0 0.11481481481481481 0.5944444444444444 0.06666666666666667 0.24444444444444444
0 0.06388888888888888 0.5888888888888889 0.07222222222222222 0.2722222222222222
0 0.03796296296296296 0.5763888888888888 0.05740740740740741 0.21944444444444444
0 0.08611111111111111 0.5666666666666667 0.046296296296296294 0.16666666666666666
0 0.13796296296296295 0.5333333333333333 0.046296296296296294 0.16666666666666666
0 0.3453703703703704 0.4444444444444444 0.03518518518518519 0.1388888888888889
0 0.37777777777777777 0.39861111111111114 0.022222222222222223 0.09166666666666666
0 0.23055555555555557 0.42777777777777776 0.027777777777777776 0.1
0 0.5231481481481481 0.3277777777777778 0.016666666666666666 0.06666666666666667
0 0.5064814814814815 0.35138888888888886 0.020370370370370372 0.075
0 0.27314814814814814 0.5375 0.046296296296296294 0.16944444444444445
2 0.45925925925925926 0.6319444444444444 0.05925925925925926 0.25833333333333336
2 0.6546296296296297 0.4986111111111111 0.012962962962962963 0.041666666666666664
2 0.6675925925925926 0.48194444444444445 0.024074074074074074 0.058333333333333334
2 0.6666666666666666 0.44305555555555554 0.018518518518518517 0.04722222222222222
2 0.675 0.4111111111111111 0.020370370370370372 0.05
2 0.687037037037037 0.39861111111111114 0.018518518518518517 0.041666666666666664
2 0.6925925925925925 0.3486111111111111 0.007407407407407408 0.03611111111111111
2 0.6990740740740741 0.3402777777777778 0.012962962962962963 0.019444444444444445
2 0.7018518518518518 0.3277777777777778 0.018518518518518517 0.03888888888888889
2 0.6990740740740741 0.30694444444444446 0.027777777777777776 0.03611111111111111
2 0.65 0.30416666666666664 0.014814814814814815 0.03611111111111111
2 0.8296296296296296 0.6416666666666667 0.07777777777777778 0.2388888888888889
2 0.8101851851851852 0.46111111111111114 0.03518518518518519 0.07222222222222222
2 0.9074074074074074 0.37916666666666665 0.02962962962962963 0.08611111111111111
2 0.8611111111111112 0.35 0.022222222222222223 0.07222222222222222
2 0.8518518518518519 0.43333333333333335 0.040740740740740744 0.08888888888888889
2 0.8 0.5013888888888889 0.044444444444444446 0.075
2 0.5657407407407408 0.5361111111111111 0.027777777777777776 0.08888888888888889
2 0.5555555555555556 0.6513888888888889 0.05925925925925926 0.175
2 0.6037037037037037 0.3138888888888889 0.03333333333333333 0.05
2 0.5916666666666667 0.3263888888888889 0.027777777777777776 0.05277777777777778
2 0.5805555555555556 0.35694444444444445 0.024074074074074074 0.058333333333333334
2 0.5574074074074075 0.30972222222222223 0.03333333333333333 0.03611111111111111
2 0.5462962962962963 0.33611111111111114 0.025925925925925925 0.05
2 0.5361111111111111 0.3416666666666667 0.024074074074074074 0.03888888888888889
2 0.5259259259259259 0.37777777777777777 0.03333333333333333 0.06666666666666667
2 0.49722222222222223 0.3527777777777778 0.024074074074074074 0.05555555555555555
2 0.48703703703703705 0.3458333333333333 0.022222222222222223 0.05277777777777778
2 0.5055555555555555 0.42916666666666664 0.02962962962962963 0.09166666666666666
2 0.41388888888888886 0.45555555555555555 0.053703703703703705 0.08333333333333333
2 0.4212962962962963 0.4236111111111111 0.03148148148148148 0.06944444444444445
2 0.43425925925925923 0.3458333333333333 0.027777777777777776 0.058333333333333334
2 0.31203703703703706 0.4444444444444444 0.046296296296296294 0.08333333333333333
2 0.11666666666666667 0.48333333333333334 0.04814814814814815 0.11666666666666667
2 0.05 0.4888888888888889 0.02962962962962963 0.07222222222222222
2 0.014814814814814815 0.55 0.02962962962962963 0.17222222222222222
2 0.18055555555555555 0.44722222222222224 0.05 0.1111111111111111
2 0.34074074074074073 0.4263888888888889 0.05925925925925926 0.1361111111111111
