0 0.027 0.6756756756756757 0.054 0.22822822822822822
0 0.077 0.6756756756756757 0.066 0.24024024024024024
0 0.122 0.6726726726726727 0.064 0.23423423423423423
0 0.179 0.6681681681681682 0.062 0.23123123123123124
0 0.217 0.6696696696696697 0.062 0.22822822822822822
0 0.297 0.6591591591591591 0.066 0.24324324324324326
0 0.259 0.6591591591591591 0.114 0.42342342342342343
0 0.36 0.6516516516516516 0.088 0.32432432432432434
0 0.425 0.6426426426426426 0.158 0.5765765765765766
0 0.749 0.6516516516516516 0.13 0.4744744744744745
0 0.678 0.6471471471471472 0.116 0.42342342342342343
0 0.623 0.6426426426426426 0.098 0.3663663663663664
0 0.833 0.6501501501501501 0.118 0.43543543543543545
0 0.903 0.6426426426426426 0.03 0.12012012012012012
0 0.156 0.6606606606606606 0.048 0.18618618618618618
2 0.633 0.6126126126126126 0.198 0.17417417417417416
2 0.424 0.6936936936936937 0.124 0.43243243243243246
2 0.516 0.6126126126126126 0.02 0.036036036036036036
2 0.538 0.6111111111111112 0.02 0.04504504504504504
2 0.542 0.6036036036036037 0.016 0.03003003003003003
2 0.511 0.5795795795795796 0.018 0.03003003003003003
2 0.201 0.5855855855855856 0.018 0.024024024024024024
2 0.978 0.581081081081081 0.012 0.021021021021021023
2 0.988 0.6021021021021021 0.008 0.015015015015015015
2 0.995 0.6186186186186187 0.006 0.024024024024024024
2 0.994 0.5900900900900901 0.008 0.03903903903903904
2 0.952 0.6096096096096096 0.012 0.042042042042042045
2 0.969 0.6006006006006006 0.01 0.03003003003003003
2 0.98 0.6186186186186187 0.008 0.024024024024024024
2 0.931 0.6066066066066066 0.022 0.042042042042042045
2 0.94 0.6006006006006006 0.008 0.018018018018018018
2 0.936 0.5885885885885885 0.016 0.03003003003003003
2 0.643 0.6111111111111112 0.014 0.03303303303303303
2 0.63 0.5990990990990991 0.012 0.02702702702702703
2 0.272 0.6021021021021021 0.016 0.057057057057057055
2 0.356 0.7327327327327328 0.064 0.15615615615615616
2 0.504 0.6141141141141141 0.012 0.03903903903903904
4 0.182 0.5960960960960962 0.084 0.06906906906906907
4 0.95 0.5975975975975976 0.092 0.06006006006006006
4 0.526 0.5945945945945946 0.072 0.042042042042042045
