0 0.0224609375 0.5791788856304986 0.044921875 0.2697947214076246
0 0.041015625 0.5256598240469208 0.03125 0.1187683284457478
0 0.05810546875 0.5263929618768328 0.0322265625 0.12316715542521994
0 0.02490234375 0.5190615835777126 0.0341796875 0.12903225806451613
0 0.0869140625 0.5271260997067448 0.03125 0.1187683284457478
0 0.111328125 0.5227272727272727 0.033203125 0.1217008797653959
0 0.14013671875 0.591642228739003 0.0849609375 0.312316715542522
0 0.1787109375 0.5271260997067448 0.04296875 0.1627565982404692
0 0.2216796875 0.5909090909090909 0.09765625 0.36070381231671556
0 0.2578125 0.5241935483870968 0.033203125 0.12463343108504399
0 0.27490234375 0.5278592375366569 0.0302734375 0.11436950146627566
0 0.2939453125 0.532258064516129 0.03125 0.11436950146627566
0 0.23486328125 0.533724340175953 0.0380859375 0.1436950146627566
0 0.38134765625 0.5872434017595308 0.0869140625 0.32111436950146627
0 0.4306640625 0.530791788856305 0.029296875 0.10850439882697947
0 0.47998046875 0.6107038123167156 0.1005859375 0.3680351906158358
0 0.447265625 0.5520527859237536 0.017578125 0.0689149560117302
0 0.50439453125 0.5131964809384164 0.0361328125 0.1378299120234604
0 0.546875 0.5879765395894428 0.08203125 0.30498533724340177
0 0.603515625 0.5344574780058651 0.02734375 0.10410557184750734
0 0.62890625 0.5183284457478006 0.0390625 0.14809384164222875
0 0.67626953125 0.5857771260997068 0.0927734375 0.3416422287390029
0 0.65087890625 0.5073313782991202 0.0361328125 0.1378299120234604
0 0.7265625 0.5256598240469208 0.037109375 0.13636363636363635
0 0.7041015625 0.5241935483870968 0.03515625 0.13343108504398826
0 0.83544921875 0.5835777126099707 0.0908203125 0.3313782991202346
0 0.8671875 0.5300586510263929 0.029296875 0.11290322580645161
0 0.888671875 0.5227272727272727 0.037109375 0.13929618768328444
0 0.95166015625 0.5982404692082112 0.0966796875 0.36363636363636365
0 0.990234375 0.5344574780058651 0.01953125 0.14516129032258066
0 0.9736328125 0.5190615835777126 0.041015625 0.1495601173020528
2 0.99072265625 0.4596774193548387 0.0185546875 0.0689149560117302
2 0.970703125 0.5689149560117303 0.005859375 0.1495601173020528
2 0.576171875 0.5425219941348973 0.03125 0.11143695014662756
2 0.52001953125 0.5366568914956011 0.0302734375 0.0967741935483871
2 0.41259765625 0.5630498533724341 0.0341796875 0.07624633431085044
2 0.3369140625 0.5439882697947214 0.037109375 0.10263929618768329
2 0.326171875 0.5131964809384164 0.017578125 0.03519061583577713
2 0.3095703125 0.5513196480938416 0.02734375 0.10557184750733138
2 0.1630859375 0.4831378299120235 0.02734375 0.06598240469208211
