0 0.014634146341463415 0.6205357142857143 0.02926829268292683 0.20535714285714285
0 0.045121951219512194 0.6339285714285714 0.06097560975609756 0.26785714285714285
0 0.07560975609756097 0.6138392857142857 0.05853658536585366 0.26339285714285715
0 0.09268292682926829 0.6540178571428571 0.06829268292682927 0.3080357142857143
0 0.1378048780487805 0.6227678571428571 0.05121951219512195 0.24553571428571427
0 0.15609756097560976 0.625 0.05853658536585366 0.26785714285714285
0 0.16097560975609757 0.6584821428571429 0.06829268292682927 0.3169642857142857
0 0.22073170731707317 0.6696428571428571 0.07560975609756097 0.3392857142857143
0 0.20853658536585365 0.6272321428571429 0.06585365853658537 0.29017857142857145
0 0.27439024390243905 0.6339285714285714 0.06585365853658537 0.30357142857142855
0 0.2939024390243902 0.6741071428571429 0.08048780487804878 0.36607142857142855
0 0.35121951219512193 0.640625 0.06829268292682927 0.3169642857142857
0 0.4036585365853659 0.6049107142857143 0.06097560975609756 0.28125
0 0.38658536585365855 0.6004464285714286 0.05609756097560976 0.26339285714285715
0 0.44634146341463415 0.6428571428571429 0.07317073170731707 0.33035714285714285
0 0.4853658536585366 0.6316964285714286 0.06829268292682927 0.3169642857142857
0 0.5304878048780488 0.6160714285714286 0.06097560975609756 0.26785714285714285
0 0.5768292682926829 0.5959821428571429 0.05121951219512195 0.24553571428571427
0 0.6060975609756097 0.625 0.07073170731707316 0.33035714285714285
0 0.651219512195122 0.6071428571428571 0.05365853658536585 0.25
0 0.6695121951219513 0.6049107142857143 0.05121951219512195 0.23660714285714285
0 0.6902439024390243 0.6071428571428571 0.04878048780487805 0.22321428571428573
0 0.7219512195121951 0.6160714285714286 0.06341463414634146 0.2857142857142857
0 0.75 0.6116071428571429 0.05609756097560976 0.25892857142857145
0 0.774390243902439 0.5915178571428571 0.05609756097560976 0.2544642857142857
0 0.8195121951219512 0.5892857142857143 0.05365853658536585 0.24107142857142858
0 0.8512195121951219 0.6116071428571429 0.06341463414634146 0.29464285714285715
0 0.8841463414634146 0.578125 0.05121951219512195 0.24553571428571427
0 0.9573170731707317 0.6026785714285714 0.06585365853658537 0.30357142857142855
0 0.9536585365853658 0.5758928571428571 0.05365853658536585 0.25
0 0.11707317073170732 0.6071428571428571 0.04878048780487805 0.21428571428571427
2 0.14512195121951219 0.5424107142857143 0.026829268292682926 0.13839285714285715
2 0.4402439024390244 0.5915178571428571 0.01707317073170732 0.14732142857142858
2 0.5195121951219512 0.5022321428571429 0.05365853658536585 0.08482142857142858
