0 0.0325 0.31083333333333335 0.065 0.22166666666666668
0 0.16333333333333333 0.2891666666666667 0.10333333333333333 0.25166666666666665
0 0.07166666666666667 0.2725 0.056666666666666664 0.14166666666666666
0 0.2375 0.29333333333333333 0.07166666666666667 0.18
0 0.2841666666666667 0.2783333333333333 0.075 0.18333333333333332
0 0.21333333333333335 0.2525 0.04 0.10166666666666667
0 0.3233333333333333 0.24666666666666667 0.02666666666666667 0.06666666666666667
0 0.3541666666666667 0.2683333333333333 0.058333333333333334 0.14666666666666667
0 0.43583333333333335 0.2658333333333333 0.058333333333333334 0.145
0 0.5058333333333334 0.31 0.13833333333333334 0.34
0 0.5533333333333333 0.23583333333333334 0.03666666666666667 0.095
0 0.5758333333333333 0.24416666666666667 0.03833333333333333 0.095
0 0.5958333333333333 0.2425 0.03833333333333333 0.09833333333333333
0 0.6066666666666667 0.23416666666666666 0.04 0.10166666666666667
0 0.6608333333333334 0.14916666666666667 0.025 0.065
0 0.6625 0.23 0.04833333333333333 0.12
0 0.2633333333333333 0.24 0.023333333333333334 0.06333333333333334
0 0.09583333333333334 0.25416666666666665 0.021666666666666667 0.051666666666666666
0 0.6808333333333333 0.26416666666666666 0.03166666666666667 0.08166666666666667
0 0.7383333333333333 0.25416666666666665 0.03 0.07833333333333334
0 0.8266666666666667 0.31 0.12666666666666668 0.31
0 0.9316666666666666 0.27166666666666667 0.056666666666666664 0.13666666666666666
0 0.15083333333333335 0.7883333333333333 0.16833333333333333 0.4166666666666667
0 0.22 0.7575 0.08333333333333333 0.20833333333333334
0 0.17333333333333334 0.7508333333333334 0.09666666666666666 0.235
0 0.2675 0.76 0.07833333333333334 0.19
0 0.0075 0.6408333333333334 0.015 0.065
0 0.3725 0.8041666666666667 0.15166666666666667 0.36833333333333335
0 0.42 0.7908333333333334 0.09 0.225
0 0.48583333333333334 0.7375 0.055 0.13833333333333334
0 0.52 0.7475 0.056666666666666664 0.13833333333333334
0 0.5575 0.7458333333333333 0.055 0.135
0 0.6141666666666666 0.7425 0.055 0.13833333333333334
0 0.5883333333333334 0.7275 0.04666666666666667 0.115
0 0.65 0.73 0.04 0.10333333333333333
0 0.71 0.735 0.04 0.1
0 0.7316666666666667 0.7391666666666666 0.03333333333333333 0.085
0 0.745 0.7358333333333333 0.03 0.075
0 0.0525 0.25583333333333336 0.03166666666666667 0.07833333333333334
0 0.53 0.22916666666666666 0.03333333333333333 0.08166666666666667
0 0.8733333333333333 0.7691666666666667 0.18666666666666668 0.4583333333333333
2 0.4216666666666667 0.16416666666666666 0.04 0.07166666666666667
2 0.45916666666666667 0.2225 0.025 0.06166666666666667
2 0.86 0.2525 0.04 0.10166666666666667
2 0.9866666666666667 0.18166666666666667 0.023333333333333334 0.07
2 0.3233333333333333 0.6941666666666667 0.02666666666666667 0.075
2 0.09166666666666666 0.6433333333333333 0.04 0.06333333333333334
2 0.9783333333333334 0.7416666666666667 0.04 0.19333333333333333
2 0.1925 0.6675 0.041666666666666664 0.03833333333333333
2 0.7183333333333334 0.24083333333333334 0.02666666666666667 0.051666666666666666
2 0.5675 0.21833333333333332 0.018333333333333333 0.05
2 0.6841666666666667 0.23583333333333334 0.018333333333333333 0.041666666666666664
2 0.6375 0.7075 0.021666666666666667 0.055
