0 0.4216666666666667 0.344375 0.24666666666666667 0.45375
0 0.21333333333333335 0.513125 0.08 0.14875
0 0.15916666666666668 0.51 0.10166666666666667 0.19
0 0.0875 0.52125 0.09166666666666666 0.1725
0 0.03833333333333333 0.52875 0.07666666666666666 0.18
0 0.034166666666666665 0.51875 0.06833333333333333 0.23
0 0.051666666666666666 0.515 0.10333333333333333 0.1975
0 0.2783333333333333 0.518125 0.02666666666666667 0.04875
0 0.2966666666666667 0.515 0.02666666666666667 0.0525
0 0.25416666666666665 0.52 0.025 0.045
0 0.8683333333333333 0.479375 0.18 0.33125
0 0.7966666666666666 0.488125 0.15666666666666668 0.28625
0 0.73 0.470625 0.16666666666666666 0.30875
0 0.6933333333333334 0.4825 0.14 0.26
0 0.6075 0.503125 0.125 0.23125
0 0.5833333333333334 0.5025 0.11 0.2
0 0.5658333333333333 0.50875 0.105 0.195
0 0.55 0.51 0.1 0.185
0 0.5316666666666666 0.501875 0.09666666666666666 0.18125
0 0.67 0.48875 0.09333333333333334 0.175
0 0.9183333333333333 0.479375 0.16333333333333333 0.34875
0 0.9425 0.480625 0.115 0.37375
2 0.985 0.235 0.03 0.075
2 0.9558333333333333 0.285 0.06833333333333333 0.075
2 0.9225 0.283125 0.07166666666666667 0.04125
2 0.9058333333333334 0.30375 0.051666666666666666 0.0275
2 0.9166666666666666 0.35125 0.06333333333333334 0.055
2 0.6375 0.41125 0.04833333333333333 0.0475
2 0.435 0.530625 0.06666666666666667 0.12625
2 0.33666666666666667 0.4775 0.04666666666666667 0.0825
2 0.37583333333333335 0.535625 0.04833333333333333 0.11625
2 0.5141666666666667 0.515625 0.04833333333333333 0.14375
2 0.06583333333333333 0.46 0.03833333333333333 0.0475
2 0.0775 0.446875 0.028333333333333332 0.04875
