0 0.08133333333333333 0.6628205128205128 0.08266666666666667 0.3871794871794872
0 0.13266666666666665 0.6615384615384615 0.07866666666666666 0.37435897435897436
0 0.15666666666666668 0.6538461538461539 0.07333333333333333 0.3435897435897436
0 0.19133333333333333 0.6551282051282051 0.06533333333333333 0.30512820512820515
0 0.20933333333333334 0.6743589743589744 0.07466666666666667 0.358974358974359
0 0.236 0.6602564102564102 0.06933333333333333 0.33076923076923076
0 0.272 0.6653846153846154 0.08 0.3769230769230769
0 0.296 0.65 0.064 0.30512820512820515
0 0.32133333333333336 0.6756410256410257 0.07466666666666667 0.3564102564102564
0 0.3446666666666667 0.6474358974358975 0.07066666666666667 0.33589743589743587
0 0.372 0.6743589743589744 0.06933333333333333 0.3282051282051282
0 0.39 0.6653846153846154 0.06266666666666666 0.3
0 0.4026666666666667 0.6410256410256411 0.06133333333333333 0.29743589743589743
0 0.4246666666666667 0.6705128205128205 0.06533333333333333 0.3153846153846154
0 0.4613333333333333 0.6641025641025641 0.072 0.3435897435897436
0 0.48933333333333334 0.6461538461538462 0.072 0.3435897435897436
0 0.508 0.6358974358974359 0.06666666666666667 0.3128205128205128
0 0.5266666666666666 0.658974358974359 0.072 0.3384615384615385
0 0.546 0.6410256410256411 0.068 0.3282051282051282
0 0.564 0.6141025641025641 0.06933333333333333 0.33076923076923076
0 0.5913333333333334 0.6679487179487179 0.07066666666666667 0.33589743589743587
0 0.6086666666666667 0.6346153846153846 0.068 0.32564102564102565
0 0.6466666666666666 0.658974358974359 0.072 0.3384615384615385
0 0.662 0.6371794871794871 0.06533333333333333 0.3153846153846154
0 0.6873333333333334 0.6538461538461539 0.068 0.3282051282051282
0 0.7006666666666667 0.6230769230769231 0.068 0.31794871794871793
0 0.732 0.6461538461538462 0.06933333333333333 0.3333333333333333
0 0.7613333333333333 0.6256410256410256 0.064 0.30256410256410254
0 0.7433333333333333 0.6141025641025641 0.06266666666666666 0.3
0 0.7933333333333333 0.6384615384615384 0.064 0.3076923076923077
0 0.8053333333333333 0.6025641025641025 0.064 0.3076923076923077
0 0.8246666666666667 0.5974358974358974 0.06266666666666666 0.30256410256410254
0 0.8446666666666667 0.6230769230769231 0.068 0.31794871794871793
0 0.8733333333333333 0.5846153846153846 0.06133333333333333 0.29743589743589743
0 0.8946666666666667 0.6153846153846154 0.06133333333333333 0.2923076923076923
0 0.9153333333333333 0.5884615384615385 0.06 0.28974358974358977
0 0.924 0.5551282051282052 0.06666666666666667 0.32051282051282054
0 0.9653333333333334 0.5461538461538461 0.06933333333333333 0.3230769230769231
2 0.28933333333333333 0.4666666666666667 0.032 0.05641025641025641
2 0.31 0.48846153846153845 0.017333333333333333 0.05897435897435897
2 0.3453333333333333 0.4705128205128205 0.021333333333333333 0.07435897435897436
2 0.36933333333333335 0.48333333333333334 0.02666666666666667 0.06923076923076923
2 0.42133333333333334 0.48205128205128206 0.024 0.05641025641025641
2 0.44 0.5153846153846153 0.018666666666666668 0.08205128205128205
2 0.7733333333333333 0.45897435897435895 0.021333333333333333 0.06153846153846154
2 0.8926666666666667 0.43974358974358974 0.017333333333333333 0.04871794871794872
