0 0.13166666666666665 0.5754189944134078 0.13666666666666666 0.5586592178770949
0 0.39416666666666667 0.5586592178770949 0.15833333333333333 0.6536312849162011
0 0.34833333333333333 0.5600558659217877 0.15 0.611731843575419
0 0.22583333333333333 0.40083798882681565 0.06833333333333333 0.28212290502793297
0 0.195 0.3854748603351955 0.06666666666666667 0.2737430167597765
0 0.17416666666666666 0.33519553072625696 0.025 0.10614525139664804
0 0.16083333333333333 0.3435754189944134 0.021666666666666667 0.09497206703910614
0 0.29083333333333333 0.3659217877094972 0.051666666666666666 0.2122905027932961
0 0.24416666666666667 0.36731843575418993 0.04833333333333333 0.20391061452513967
0 0.4741666666666667 0.4273743016759777 0.08833333333333333 0.3687150837988827
0 0.53 0.4958100558659218 0.11333333333333333 0.4720670391061452
0 0.6741666666666667 0.590782122905028 0.09833333333333333 0.4106145251396648
0 0.6633333333333333 0.4622905027932961 0.14666666666666667 0.6061452513966481
0 0.6175 0.4483240223463687 0.135 0.5558659217877095
0 0.5883333333333334 0.45251396648044695 0.12 0.49162011173184356
0 0.7383333333333333 0.4958100558659218 0.13 0.5391061452513967
0 0.78 0.441340782122905 0.11666666666666667 0.48044692737430167
0 0.8975 0.5153631284916201 0.165 0.6787709497206704
0 0.9216666666666666 0.4553072625698324 0.15666666666666668 0.6536312849162011
0 0.43083333333333335 0.43156424581005587 0.07833333333333334 0.32122905027932963
0 0.6983333333333334 0.43156424581005587 0.11333333333333333 0.4720670391061452
0 0.049166666666666664 0.3435754189944134 0.025 0.10614525139664804
0 0.030833333333333334 0.3477653631284916 0.025 0.10335195530726257
0 0.06666666666666667 0.3393854748603352 0.02666666666666667 0.10893854748603352
0 0.8425 0.4273743016759777 0.08166666666666667 0.33519553072625696
0 0.965 0.41201117318435754 0.07 0.3715083798882682
2 0.5416666666666666 0.28910614525139666 0.043333333333333335 0.17039106145251395
2 0.5608333333333333 0.276536312849162 0.018333333333333333 0.07262569832402235
2 0.11 0.29748603351955305 0.016666666666666666 0.036312849162011177
2 0.44666666666666666 0.2681564245810056 0.03 0.08379888268156424
2 0.9883333333333333 0.2430167597765363 0.02 0.12290502793296089
4 0.09583333333333334 0.3463687150837989 0.025 0.10614525139664804
4 0.14583333333333334 0.3365921787709497 0.03166666666666667 0.09217877094972067
4 0.27166666666666667 0.3407821229050279 0.03666666666666667 0.1564245810055866
4 0.415 0.29608938547486036 0.056666666666666664 0.11173184357541899
4 0.8008333333333333 0.25 0.125 0.12569832402234637
4 0.010833333333333334 0.3463687150837989 0.021666666666666667 0.11173184357541899
