0 0.03695652173913044 0.5831721470019342 0.07391304347826087 0.3114119922630561
0 0.1072463768115942 0.6063829787234043 0.11884057971014493 0.38878143133462284
0 0.25507246376811593 0.6518375241779497 0.1391304347826087 0.46034816247582205
0 0.30144927536231886 0.5996131528046421 0.09855072463768116 0.32495164410058025
0 0.36231884057971014 0.5154738878143134 0.043478260869565216 0.14119922630560927
0 0.4514492753623188 0.688588007736944 0.1782608695652174 0.5802707930367504
0 0.527536231884058 0.4932301740812379 0.028985507246376812 0.10058027079303675
0 0.5152173913043478 0.48452611218568664 0.02463768115942029 0.08317214700193423
0 0.5623188405797102 0.48549323017408125 0.02318840579710145 0.07736943907156674
0 0.5818840579710145 0.5676982591876208 0.07391304347826087 0.24564796905222436
0 0.6065217391304348 0.5909090909090909 0.09420289855072464 0.3114119922630561
0 0.6797101449275362 0.6518375241779497 0.1391304347826087 0.4564796905222437
0 0.7268115942028985 0.5851063829787234 0.08260869565217391 0.2688588007736944
0 0.7695652173913043 0.5251450676982592 0.04927536231884058 0.1644100580270793
0 0.8065217391304348 0.6170212765957447 0.1144927536231884 0.37524177949709864
0 0.9282608695652174 0.5996131528046421 0.09130434782608696 0.2978723404255319
0 0.9818840579710145 0.5328820116054158 0.036231884057971016 0.195357833655706
0 0.9630434782608696 0.5270793036750484 0.05652173913043478 0.18762088974854932
0 0.894927536231884 0.5125725338491296 0.04492753623188406 0.1470019342359768
0 0.8724637681159421 0.5270793036750484 0.05217391304347826 0.16827852998065765
0 0.19057971014492753 0.5406189555125726 0.050724637681159424 0.16827852998065765
0 0.16304347826086957 0.5309477756286267 0.04782608695652174 0.16054158607350097
0 0.060144927536231886 0.539651837524178 0.059420289855072465 0.19342359767891681
2 0.7579710144927536 0.4564796905222437 0.02608695652173913 0.07736943907156674
2 0.8355072463768116 0.4835589941972921 0.02463768115942029 0.06576402321083172
2 0.9456521739130435 0.44390715667311414 0.02463768115942029 0.03288201160541586
2 0.6456521739130435 0.47678916827852996 0.02753623188405797 0.059961315280464215
2 0.6318840579710145 0.46808510638297873 0.017391304347826087 0.061895551257253385
2 0.5855072463768116 0.4400386847195358 0.014492753623188406 0.017408123791102514
2 0.9427536231884058 0.4574468085106383 0.015942028985507246 0.029013539651837523
2 0.13478260869565217 0.4787234042553192 0.03188405797101449 0.07543520309477757
2 0.04710144927536232 0.47195357833655704 0.013043478260869565 0.030947775628626693
2 0.05652173913043478 0.44294003868471954 0.017391304347826087 0.027079303675048357
2 0.08333333333333333 0.46421663442940037 0.013043478260869565 0.030947775628626693
2 0.22971014492753622 0.44874274661508706 0.010144927536231883 0.027079303675048357
