0 0.22708333333333333 0.60625 0.09375 0.34375
0 0.27395833333333336 0.55 0.03333333333333333 0.125
0 0.290625 0.55234375 0.03125 0.1203125
0 0.3171875 0.56796875 0.046875 0.1765625
0 0.3453125 0.5640625 0.053125 0.19375
0 0.38333333333333336 0.56171875 0.05625 0.2078125
0 0.4328125 0.5671875 0.057291666666666664 0.2125
0 0.49895833333333334 0.57890625 0.058333333333333334 0.2171875
0 0.653125 0.5828125 0.06875 0.25625
0 0.7552083333333334 0.584375 0.07291666666666667 0.265625
0 0.84375 0.59296875 0.075 0.2765625
0 0.9276041666666667 0.6046875 0.078125 0.2875
0 0.253125 0.5453125 0.020833333333333332 0.075
0 0.20520833333333333 0.5453125 0.03958333333333333 0.14375
0 0.1671875 0.5515625 0.036458333333333336 0.1375
0 0.013541666666666667 0.55703125 0.027083333333333334 0.1984375
2 0.26145833333333335 0.50625 0.014583333333333334 0.053125
2 0.07395833333333333 0.48515625 0.014583333333333334 0.0359375
3 0.5302083333333333 0.60234375 0.022916666666666665 0.0703125
3 0.5953125 0.575 0.03229166666666667 0.075
3 0.7177083333333333 0.5703125 0.0375 0.071875
3 0.8104166666666667 0.60546875 0.04583333333333333 0.0703125
4 0.18802083333333333 0.4953125 0.03229166666666667 0.05625
4 0.08229166666666667 0.51015625 0.15208333333333332 0.0703125
