0 0.020833333333333332 0.6947916666666667 0.041666666666666664 0.13125
0 0.1275 0.6927083333333334 0.041666666666666664 0.13125
0 0.1975 0.6291666666666667 0.041666666666666664 0.125
0 0.24916666666666668 0.6 0.028333333333333332 0.09166666666666666
0 0.7466666666666667 0.8697916666666666 0.056666666666666664 0.17708333333333334
0 0.8766666666666667 0.7416666666666667 0.05 0.15833333333333333
0 0.9625 0.7635416666666667 0.055 0.16875
0 0.8266666666666667 0.6322916666666667 0.04 0.12708333333333333
0 0.9708333333333333 0.6364583333333333 0.03166666666666667 0.10208333333333333
0 0.31583333333333335 0.6552083333333333 0.035 0.11458333333333333
0 0.33666666666666667 0.6135416666666667 0.03333333333333333 0.10208333333333333
0 0.3875 0.8166666666666667 0.035 0.1125
0 0.9458333333333333 0.68125 0.035 0.10833333333333334
2 0.049166666666666664 0.9739583333333334 0.021666666666666667 0.04791666666666667
2 0.08083333333333333 0.9541666666666667 0.065 0.08333333333333333
2 0.30333333333333334 0.9802083333333333 0.03 0.035416666666666666
2 0.635 0.9270833333333334 0.05333333333333334 0.1375
2 0.6008333333333333 0.8552083333333333 0.041666666666666664 0.06041666666666667
2 0.5008333333333334 0.840625 0.04833333333333333 0.08125
2 0.38333333333333336 0.896875 0.08666666666666667 0.16875
2 0.42583333333333334 0.9020833333333333 0.058333333333333334 0.15833333333333333
2 0.13083333333333333 0.8416666666666667 0.058333333333333334 0.1375
2 0.21583333333333332 0.8510416666666667 0.08166666666666667 0.14375
2 0.5691666666666667 0.7979166666666667 0.06166666666666667 0.12083333333333333
2 0.65 0.8114583333333333 0.03666666666666667 0.11041666666666666
2 0.6466666666666666 0.8 0.023333333333333334 0.0625
2 0.6933333333333334 0.809375 0.06333333333333334 0.12291666666666666
2 0.7125 0.7583333333333333 0.04833333333333333 0.05
2 0.5008333333333334 0.771875 0.04833333333333333 0.09375
2 0.4508333333333333 0.771875 0.051666666666666666 0.11041666666666666
2 0.2758333333333333 0.7333333333333333 0.051666666666666666 0.1
2 0.29083333333333333 0.6583333333333333 0.035 0.05416666666666667
2 0.30083333333333334 0.6947916666666667 0.03166666666666667 0.04791666666666667
2 0.1825 0.771875 0.051666666666666666 0.08541666666666667
2 0.4 0.7114583333333333 0.03666666666666667 0.04791666666666667
2 0.28833333333333333 0.796875 0.03333333333333333 0.06041666666666667
2 0.3441666666666667 0.753125 0.06166666666666667 0.11875
4 0.6466666666666666 0.5854166666666667 0.7 0.37083333333333335
