0 0.13877551020408163 0.852760736196319 0.07755102040816327 0.2822085889570552
0 0.1816326530612245 0.8496932515337423 0.07755102040816327 0.294478527607362
0 0.10306122448979592 0.8312883435582822 0.05510204081632653 0.2085889570552147
0 0.32755102040816325 0.843558282208589 0.03877551020408163 0.147239263803681
0 0.386734693877551 0.8466257668711656 0.03469387755102041 0.13496932515337423
0 0.4091836734693878 0.843558282208589 0.03469387755102041 0.13496932515337423
0 0.4377551020408163 0.838957055214724 0.03469387755102041 0.13190184049079753
0 0.46938775510204084 0.848159509202454 0.036734693877551024 0.1441717791411043
0 0.5061224489795918 0.8404907975460123 0.036734693877551024 0.1411042944785276
0 0.5244897959183673 0.8542944785276073 0.0326530612244898 0.12576687116564417
0 0.5428571428571428 0.8404907975460123 0.04081632653061224 0.147239263803681
0 0.5704081632653061 0.8512269938650306 0.03469387755102041 0.13190184049079753
0 0.5928571428571429 0.8496932515337423 0.030612244897959183 0.12269938650306748
0 0.613265306122449 0.848159509202454 0.03469387755102041 0.13190184049079753
0 0.6387755102040816 0.8374233128834356 0.02857142857142857 0.11042944785276074
0 0.6224489795918368 0.8374233128834356 0.02857142857142857 0.11042944785276074
0 0.7397959183673469 0.8619631901840491 0.05918367346938776 0.2147239263803681
0 0.9571428571428572 0.8634969325153374 0.04897959183673469 0.18098159509202455
0 0.676530612244898 0.8374233128834356 0.022448979591836733 0.07975460122699386
0 0.4928571428571429 0.838957055214724 0.03469387755102041 0.13190184049079753
0 0.37448979591836734 0.852760736196319 0.030612244897959183 0.11042944785276074
0 0.3469387755102041 0.8496932515337423 0.02857142857142857 0.1165644171779141
0 0.36122448979591837 0.8512269938650306 0.02857142857142857 0.10736196319018405
2 0.7887755102040817 0.8619631901840491 0.04693877551020408 0.1165644171779141
2 0.8122448979591836 0.8680981595092024 0.0653061224489796 0.12883435582822086
2 0.8591836734693877 0.8742331288343558 0.08163265306122448 0.15337423312883436
4 0.2602040816326531 0.8420245398773006 0.10408163265306122 0.18098159509202455
