0 0.12727272727272726 0.7657766990291263 0.04 0.13349514563106796
0 0.1781818181818182 0.8033980582524272 0.04 0.13106796116504854
0 0.2 0.7366504854368932 0.03272727272727273 0.11407766990291263
0 0.22272727272727272 0.7354368932038835 0.034545454545454546 0.11165048543689321
0 0.2381818181818182 0.7390776699029126 0.03272727272727273 0.10436893203883495
0 0.24818181818181817 0.7317961165048543 0.034545454545454546 0.11893203883495146
0 0.2809090909090909 0.7475728155339806 0.02 0.07281553398058252
0 0.29454545454545455 0.7973300970873787 0.03272727272727273 0.11407766990291263
0 0.33636363636363636 0.7305825242718447 0.03272727272727273 0.10679611650485436
0 0.38545454545454544 0.7512135922330098 0.03272727272727273 0.10436893203883495
0 0.4009090909090909 0.75 0.034545454545454546 0.11165048543689321
0 0.4390909090909091 0.7949029126213593 0.1 0.3325242718446602
0 0.6654545454545454 0.7985436893203883 0.04363636363636364 0.14563106796116504
0 0.7127272727272728 0.7621359223300971 0.02909090909090909 0.10194174757281553
0 0.7481818181818182 0.7609223300970874 0.02727272727272727 0.09466019417475728
0 0.7618181818181818 0.7924757281553398 0.04 0.13349514563106796
0 0.76 0.6808252427184466 0.01818181818181818 0.06067961165048544
0 0.82 0.6116504854368932 0.01818181818181818 0.05825242718446602
0 0.9063636363636364 0.5728155339805825 0.016363636363636365 0.05339805825242718
0 0.9336363636363636 0.5837378640776699 0.016363636363636365 0.050970873786407765
0 0.9645454545454546 0.5849514563106796 0.016363636363636365 0.05825242718446602
2 0.6590909090909091 0.7305825242718447 0.02 0.05339805825242718
2 0.7390909090909091 0.6638349514563107 0.016363636363636365 0.0412621359223301
2 0.8627272727272727 0.7281553398058253 0.02727272727272727 0.043689320388349516
4 0.8163636363636364 0.5837378640776699 0.02909090909090909 0.07524271844660194
4 0.8163636363636364 0.7099514563106796 0.02909090909090909 0.04611650485436893
4 0.899090909090909 0.7135922330097088 0.03090909090909091 0.043689320388349516
