0 0.8572463768115942 0.7347826086956522 0.0536231884057971 0.2
0 0.8188405797101449 0.6934782608695652 0.028985507246376812 0.11304347826086956
0 0.4557971014492754 0.7336956521739131 0.0391304347826087 0.15
0 0.43478260869565216 0.7271739130434782 0.04057971014492753 0.15434782608695652
0 0.38333333333333336 0.758695652173913 0.06231884057971015 0.23478260869565218
0 0.33043478260869563 0.7663043478260869 0.06376811594202898 0.23695652173913043
0 0.2826086956521739 0.7489130434782608 0.04927536231884058 0.18478260869565216
0 0.22681159420289856 0.7923913043478261 0.07971014492753623 0.29782608695652174
0 0.19782608695652174 0.7728260869565218 0.059420289855072465 0.21956521739130436
0 0.16376811594202897 0.7641304347826087 0.06086956521739131 0.22391304347826088
0 0.1289855072463768 0.8076086956521739 0.0782608695652174 0.29347826086956524
0 0.09057971014492754 0.7423913043478261 0.042028985507246375 0.15869565217391304
0 0.031159420289855074 0.7978260869565217 0.06231884057971015 0.22608695652173913
0 0.4043478260869565 0.7184782608695652 0.028985507246376812 0.1108695652173913
0 0.2536231884057971 0.7369565217391304 0.03768115942028986 0.14347826086956522
0 0.46956521739130436 0.7271739130434782 0.02318840579710145 0.0891304347826087
2 0.34782608695652173 0.6804347826086956 0.014492753623188406 0.034782608695652174
2 0.35797101449275365 0.6793478260869565 0.02318840579710145 0.04565217391304348
4 0.4543478260869565 0.6184782608695653 0.13478260869565217 0.1108695652173913
