0 0.9555555555555556 0.5458333333333333 0.08888888888888889 0.3972222222222222
0 0.8981481481481481 0.5083333333333333 0.07037037037037037 0.26666666666666666
0 0.7481481481481481 0.5 0.05555555555555555 0.20555555555555555
0 0.774074074074074 0.46944444444444444 0.04814814814814815 0.18333333333333332
0 0.7074074074074074 0.4625 0.04814814814814815 0.18611111111111112
0 0.6694444444444444 0.5138888888888888 0.06851851851851852 0.25
0 0.6574074074074074 0.6430555555555556 0.15925925925925927 0.5861111111111111
0 0.40370370370370373 0.5875 0.14814814814814814 0.5472222222222223
0 0.29814814814814816 0.5111111111111111 0.07037037037037037 0.25555555555555554
0 0.29444444444444445 0.49166666666666664 0.040740740740740744 0.15
0 0.24537037037037038 0.49444444444444446 0.053703703703703705 0.2
0 0.20092592592592592 0.5736111111111111 0.09814814814814815 0.35833333333333334
0 0.07592592592592592 0.5458333333333333 0.1037037037037037 0.3861111111111111
0 0.1398148148148148 0.5166666666666667 0.06111111111111111 0.22777777777777777
0 0.3490740740740741 0.4666666666666667 0.046296296296296294 0.16666666666666666
0 0.4740740740740741 0.49444444444444446 0.05185185185185185 0.2
2 0.34814814814814815 0.46805555555555556 0.08148148148148149 0.15833333333333333
2 0.8611111111111112 0.42083333333333334 0.02962962962962963 0.041666666666666664
3 0.21388888888888888 0.37222222222222223 0.020370370370370372 0.03888888888888889
4 0.55 0.45555555555555555 0.05555555555555555 0.18333333333333332
