0 0.4423076923076923 0.5645491803278688 0.047692307692307694 0.15368852459016394
0 0.5323076923076923 0.6823770491803278 0.12307692307692308 0.4057377049180328
0 0.6623076923076923 0.5891393442622951 0.07230769230769231 0.23565573770491804
0 0.7461538461538462 0.5809426229508197 0.06769230769230769 0.2192622950819672
0 0.9615384615384616 0.6342213114754098 0.07692307692307693 0.26434426229508196
0 0.7892307692307692 0.5665983606557377 0.055384615384615386 0.18237704918032788
0 0.8184615384615385 0.5676229508196722 0.05846153846153846 0.19262295081967212
0 0.8392307692307692 0.569672131147541 0.06 0.20081967213114754
0 0.8507692307692307 0.5778688524590164 0.06153846153846154 0.20491803278688525
0 0.8669230769230769 0.5860655737704918 0.06615384615384616 0.21311475409836064
0 0.8838461538461538 0.5911885245901639 0.06923076923076923 0.22336065573770492
0 0.9053846153846153 0.5881147540983607 0.06923076923076923 0.22950819672131148
0 0.9192307692307692 0.6045081967213115 0.07538461538461538 0.25
0 0.024615384615384615 0.6352459016393442 0.04923076923076923 0.23770491803278687
0 0.03307692307692308 0.6034836065573771 0.03538461538461538 0.1168032786885246
0 0.047692307692307694 0.6198770491803278 0.06769230769230769 0.22336065573770492
0 0.06615384615384616 0.6127049180327869 0.05846153846153846 0.19262295081967212
0 0.08923076923076922 0.6147540983606558 0.055384615384615386 0.18442622950819673
0 0.12307692307692308 0.5963114754098361 0.05846153846153846 0.19262295081967212
0 0.1423076923076923 0.6004098360655737 0.05384615384615385 0.1762295081967213
0 0.9492307692307692 0.625 0.07384615384615385 0.24180327868852458
0 0.9323076923076923 0.6239754098360656 0.07076923076923076 0.23155737704918034
0 0.9753846153846154 0.6280737704918032 0.04923076923076923 0.2848360655737705
0 0.19923076923076924 0.5819672131147541 0.05076923076923077 0.16393442622950818
0 0.28307692307692306 0.5502049180327869 0.04 0.13729508196721313
2 0.9476923076923077 0.48770491803278687 0.027692307692307693 0.040983606557377046
2 0.9038461538461539 0.45901639344262296 0.02 0.036885245901639344
2 0.9238461538461539 0.45389344262295084 0.023076923076923078 0.055327868852459015
2 0.9438461538461539 0.44672131147540983 0.02 0.03278688524590164
2 0.7746153846153846 0.4682377049180328 0.013846153846153847 0.030737704918032786
2 0.7961538461538461 0.4610655737704918 0.026153846153846153 0.03278688524590164
2 0.823076923076923 0.45799180327868855 0.021538461538461538 0.03483606557377049
4 0.33384615384615385 0.5573770491803278 0.36923076923076925 0.26229508196721313
4 0.9776923076923076 0.5102459016393442 0.04153846153846154 0.0860655737704918
4 0.6592307692307692 0.5450819672131147 0.24461538461538462 0.1885245901639344
