0 0.06125 0.46321070234113715 0.0625 0.2040133779264214
0 0.12 0.520066889632107 0.1 0.32441471571906355
0 0.2175 0.5668896321070234 0.125 0.4180602006688963
0 0.19125 0.5 0.0875 0.2909698996655518
0 0.26125 0.48494983277591974 0.0725 0.24749163879598662
0 0.4 0.520066889632107 0.095 0.3177257525083612
0 0.4275 0.49665551839464883 0.09 0.2976588628762542
0 0.51 0.6120401337792643 0.175 0.5752508361204013
0 0.57875 0.45484949832775917 0.0575 0.18729096989966554
0 0.66625 0.5150501672240803 0.0925 0.3076923076923077
0 0.66125 0.48494983277591974 0.0875 0.29431438127090304
0 0.81875 0.5652173913043478 0.1275 0.4214046822742475
0 0.84 0.4698996655518395 0.075 0.25752508361204013
0 0.8675 0.479933110367893 0.085 0.2842809364548495
0 0.91125 0.5033444816053512 0.0925 0.3110367892976589
0 0.94875 0.41638795986622074 0.0325 0.11705685618729098
0 0.45375 0.479933110367893 0.0725 0.24414715719063546
3 0.61375 0.431438127090301 0.0425 0.16722408026755853
3 0.775 0.3896321070234114 0.03 0.1505016722408027
3 0.74625 0.4297658862876254 0.0425 0.21739130434782608
3 0.69125 0.40468227424749165 0.0425 0.09364548494983277
3 0.71625 0.43478260869565216 0.0325 0.14046822742474915
