0 0.279 0.5854092526690391 0.186 0.8078291814946619
0 0.434 0.5836298932384342 0.188 0.8256227758007118
0 0.561 0.5729537366548043 0.194 0.8398576512455516
0 0.733 0.5658362989323843 0.194 0.8540925266903915
0 0.957 0.5960854092526691 0.086 0.6654804270462633
0 0.961 0.4822064056939502 0.078 0.4234875444839858
0 0.893 0.40213523131672596 0.054 0.24199288256227758
0 0.838 0.400355871886121 0.052 0.23843416370106763
0 0.075 0.39679715302491103 0.042 0.18149466192170818
0 0.053 0.3736654804270463 0.03 0.12811387900355872
0 0.036 0.37722419928825623 0.028 0.13523131672597866
0 0.208 0.36298932384341637 0.024 0.11387900355871886
0 0.322 0.3879003558718861 0.036 0.16370106761565836
0 0.343 0.3701067615658363 0.03 0.13523131672597866
0 0.86 0.3665480427046263 0.028 0.12099644128113879
0 0.887 0.3879003558718861 0.046 0.199288256227758
0 0.913 0.3807829181494662 0.034 0.15658362989323843
0 0.93 0.40391459074733094 0.032 0.1387900355871886
0 0.948 0.3861209964412811 0.032 0.14590747330960854
2 0.607 0.3309608540925267 0.022 0.0711743772241993
2 0.635 0.32562277580071175 0.03 0.07473309608540925
2 0.635 0.30782918149466193 0.01 0.03202846975088968
2 0.622 0.32562277580071175 0.012 0.02491103202846975
2 0.661 0.3309608540925267 0.022 0.0711743772241993
2 0.675 0.3291814946619217 0.018 0.06761565836298933
2 0.76 0.3096085409252669 0.028 0.08540925266903915
2 0.75 0.30782918149466193 0.008 0.03914590747330961
2 0.828 0.3185053380782918 0.012 0.03914590747330961
2 0.804 0.2580071174377224 0.008 0.017793594306049824
2 0.811 0.25622775800711745 0.01 0.021352313167259787
2 0.869 0.3202846975088968 0.01 0.028469750889679714
4 0.816 0.3487544483985765 0.016 0.099644128113879
4 0.95 0.3238434163701068 0.052 0.0498220640569395
4 0.873 0.3861209964412811 0.026 0.14590747330960854
4 0.506 0.33451957295373663 0.092 0.07829181494661921
