0 0.06375 0.6117021276595744 0.0875 0.3049645390070922
0 0.235625 0.599290780141844 0.15375 0.5319148936170213
0 0.405 0.5966312056737588 0.17 0.5939716312056738
0 0.435 0.6046099290780141 0.135 0.4716312056737589
0 0.48125 0.6090425531914894 0.1075 0.3776595744680851
0 0.49375 0.6072695035460993 0.1 0.34574468085106386
0 0.529375 0.6170212765957447 0.07375 0.2553191489361702
0 0.610625 0.5833333333333334 0.15625 0.5390070921985816
0 0.634375 0.5948581560283688 0.12625 0.44148936170212766
0 0.67375 0.601063829787234 0.11 0.3829787234042553
0 0.6975 0.6108156028368794 0.095 0.33156028368794327
0 0.728125 0.6143617021276596 0.06875 0.2393617021276596
0 0.86 0.6090425531914894 0.1375 0.4769503546099291
0 0.8825 0.6081560283687943 0.105 0.36879432624113473
0 0.90875 0.6294326241134752 0.07 0.24113475177304963
0 0.945625 0.649822695035461 0.03875 0.1400709219858156
0 0.98125 0.650709219858156 0.0375 0.14184397163120568
0 0.32625 0.6480496453900709 0.0425 0.15070921985815602
0 0.155 0.651595744680851 0.045 0.16134751773049646
0 0.115625 0.6542553191489362 0.04625 0.1595744680851064
0 0.01875 0.6569148936170213 0.0375 0.15425531914893617
0 0.088125 0.6569148936170213 0.04375 0.15425531914893617
0 0.813125 0.6604609929078015 0.03625 0.12943262411347517
0 0.764375 0.6524822695035462 0.03875 0.1347517730496454
0 0.78 0.6799645390070922 0.025 0.08687943262411348
0 0.554375 0.649822695035461 0.04125 0.14716312056737588
2 0.138125 0.598404255319149 0.02375 0.040780141843971635
2 0.17875 0.5966312056737588 0.02 0.03723404255319149
2 0.799375 0.6090425531914894 0.01125 0.030141843971631204
2 0.99125 0.601063829787234 0.015 0.03546099290780142
4 0.2875 0.6657801418439716 0.04 0.12943262411347517
4 0.751875 0.6108156028368794 0.01625 0.044326241134751775
