0 0.11368421052631579 0.47566718995290425 0.09473684210526316 0.34850863422291994
0 0.5563157894736842 0.5572998430141287 0.15473684210526314 0.5620094191522763
0 0.5868421052631579 0.5384615384615384 0.13157894736842105 0.4835164835164835
0 0.5005263157894737 0.49058084772370486 0.06421052631578947 0.2370486656200942
0 0.621578947368421 0.5039246467817896 0.07473684210526316 0.27629513343799056
0 0.6636842105263158 0.4850863422291994 0.05157894736842105 0.19152276295133439
0 0.716842105263158 0.5039246467817896 0.07578947368421053 0.2794348508634223
0 0.7421052631578947 0.48430141287284145 0.07157894736842105 0.2653061224489796
0 0.3526315789473684 0.5102040816326531 0.06526315789473684 0.23861852433281006
0 0.34 0.4764521193092622 0.061052631578947365 0.22135007849293564
0 0.26421052631578945 0.47017268445839877 0.05473684210526316 0.20251177394034536
0 0.24842105263157896 0.4858712715855573 0.061052631578947365 0.22762951334379905
0 0.21105263157894738 0.46938775510204084 0.05157894736842105 0.18838304552590268
0 0.16631578947368422 0.4897959183673469 0.05263157894736842 0.1946624803767661
0 0.07631578947368421 0.5 0.06 0.22135007849293564
0 0.03105263157894737 0.5470957613814756 0.06210526315789474 0.4379905808477237
0 0.5036842105263157 0.3249607535321821 0.04105263157894737 0.15070643642072212
0 0.13 0.5070643642072213 0.06421052631578947 0.23233908948194662
0 0.4557894736842105 0.42778649921507067 0.04631578947368421 0.17425431711145997
2 0.49157894736842106 0.2629513343799058 0.021052631578947368 0.06750392464678179
2 0.6557894736842105 0.2653061224489796 0.018947368421052633 0.0565149136577708
3 0.15789473684210525 0.8736263736263736 0.07157894736842105 0.11145996860282574
