0 0.015625 0.46015625 0.03125 0.2265625
0 0.0484375 0.45078125 0.057291666666666664 0.2140625
0 0.10989583333333333 0.41015625 0.06770833333333333 0.2515625
0 0.16041666666666668 0.425 0.06458333333333334 0.240625
0 0.26145833333333335 0.41171875 0.07916666666666666 0.2890625
0 0.4953125 0.4203125 0.078125 0.2875
0 0.40677083333333336 0.5640625 0.071875 0.2625
0 0.4119791666666667 0.415625 0.090625 0.334375
0 0.5833333333333334 0.415625 0.06875 0.253125
0 0.6067708333333334 0.4265625 0.084375 0.3125
0 0.6546875 0.41328125 0.07604166666666666 0.2796875
0 0.7119791666666667 0.4015625 0.084375 0.3125
0 0.7307291666666667 0.3921875 0.065625 0.24375
0 0.7833333333333333 0.43046875 0.08125 0.3015625
0 0.8 0.40546875 0.07708333333333334 0.2828125
0 0.8520833333333333 0.42578125 0.08958333333333333 0.3328125
0 0.9182291666666667 0.4140625 0.08020833333333334 0.296875
0 0.9848958333333333 0.3109375 0.015625 0.0625
0 0.9791666666666666 0.49375 0.041666666666666664 0.290625
2 0.7916666666666666 0.28203125 0.0125 0.0171875
4 0.6291666666666667 0.3078125 0.025 0.028125
4 0.9942708333333333 0.31015625 0.011458333333333333 0.0640625
