0 0.03983050847457627 0.4089285714285714 0.07966101694915254 0.5607142857142857
0 0.1635593220338983 0.5553571428571429 0.16779661016949152 0.875
0 0.1211864406779661 0.42678571428571427 0.13389830508474576 0.6892857142857143
0 0.22542372881355932 0.38392857142857145 0.09491525423728814 0.48928571428571427
0 0.18559322033898304 0.5517857142857143 0.08983050847457627 0.46785714285714286
0 0.26864406779661015 0.3267857142857143 0.07627118644067797 0.4035714285714286
0 0.29745762711864404 0.3142857142857143 0.07288135593220339 0.37142857142857144
0 0.3593220338983051 0.4625 0.09152542372881356 0.48214285714285715
0 0.5483050847457627 0.46785714285714286 0.10677966101694915 0.5571428571428572
0 0.6067796610169491 0.4375 0.11864406779661017 0.6107142857142858
0 0.6466101694915254 0.4982142857142857 0.10338983050847457 0.5321428571428571
0 0.8957627118644068 0.5464285714285714 0.1711864406779661 0.8928571428571429
0 0.9601694915254237 0.3964285714285714 0.07966101694915254 0.5714285714285714
0 0.8008474576271186 0.5071428571428571 0.07627118644067797 0.39285714285714285
0 0.7483050847457627 0.4017857142857143 0.10677966101694915 0.5464285714285714
0 0.6669491525423729 0.24642857142857144 0.0423728813559322 0.21428571428571427
0 0.8203389830508474 0.2571428571428571 0.03728813559322034 0.19285714285714287
0 0.9161016949152543 0.3 0.03559322033898305 0.18571428571428572
0 0.43813559322033896 0.24107142857142858 0.0423728813559322 0.225
0 0.06525423728813559 0.23392857142857143 0.025423728813559324 0.1392857142857143
2 0.3305084745762712 0.2625 0.03728813559322034 0.13214285714285715
2 0.3576271186440678 0.24285714285714285 0.023728813559322035 0.10714285714285714
2 0.3788135593220339 0.16428571428571428 0.0288135593220339 0.08571428571428572
2 0.4754237288135593 0.1767857142857143 0.03220338983050847 0.10357142857142858
2 0.8067796610169492 0.26785714285714285 0.03728813559322034 0.12142857142857143
4 0.46016949152542375 0.2017857142857143 0.022033898305084745 0.125
4 0.8508474576271187 0.18571428571428572 0.0576271186440678 0.1357142857142857
4 0.4067796610169492 0.18928571428571428 0.030508474576271188 0.1
4 0.05 0.20535714285714285 0.022033898305084745 0.08928571428571429
4 0.03389830508474576 0.2 0.01694915254237288 0.06428571428571428
