0 0.5710144927536231 0.6406926406926406 0.06956521739130435 0.2597402597402597
0 0.5985507246376811 0.6645021645021645 0.07246376811594203 0.26406926406926406
0 0.372463768115942 0.6255411255411255 0.07246376811594203 0.2683982683982684
0 0.3079710144927536 0.6341991341991342 0.06811594202898551 0.2554112554112554
0 0.2398550724637681 0.6277056277056277 0.07391304347826087 0.2683982683982684
0 0.15579710144927536 0.6233766233766234 0.07101449275362319 0.26406926406926406
0 0.13043478260869565 0.6190476190476191 0.06666666666666667 0.2510822510822511
0 0.07753623188405798 0.6883116883116883 0.06811594202898551 0.24675324675324675
0 0.05579710144927536 0.6093073593073594 0.06811594202898551 0.2532467532467532
0 0.02246376811594203 0.6071428571428571 0.04492753623188406 0.2532467532467532
0 0.036231884057971016 0.20346320346320346 0.0463768115942029 0.16883116883116883
0 0.11666666666666667 0.19805194805194806 0.04782608695652174 0.17532467532467533
0 0.20869565217391303 0.2067099567099567 0.05217391304347826 0.18831168831168832
0 0.3108695652173913 0.2554112554112554 0.050724637681159424 0.19047619047619047
0 0.36666666666666664 0.2564935064935065 0.04927536231884058 0.17965367965367965
0 0.41304347826086957 0.2435064935064935 0.0463768115942029 0.170995670995671
0 0.43478260869565216 0.23160173160173161 0.0463768115942029 0.16883116883116883
0 0.3847826086956522 0.22402597402597402 0.04782608695652174 0.17532467532467533
0 0.34492753623188405 0.20562770562770563 0.04927536231884058 0.1774891774891775
0 0.3108695652173913 0.20995670995670995 0.04782608695652174 0.1774891774891775
0 0.6579710144927536 0.3181818181818182 0.04057971014492753 0.1471861471861472
0 0.6905797101449276 0.3430735930735931 0.0391304347826087 0.14935064935064934
0 0.6811594202898551 0.30303030303030304 0.04057971014492753 0.15151515151515152
0 0.7514492753623189 0.33116883116883117 0.04492753623188406 0.1645021645021645
0 0.7514492753623189 0.34415584415584416 0.04782608695652174 0.17316017316017315
2 0.5789855072463768 0.5346320346320347 0.015942028985507246 0.047619047619047616
2 0.057971014492753624 0.7294372294372294 0.09855072463768116 0.12121212121212122
2 0.8521739130434782 0.43722943722943725 0.07246376811594203 0.09090909090909091
2 0.4934782608695652 0.4134199134199134 0.05652173913043478 0.10822510822510822
2 0.5528985507246377 0.42424242424242425 0.06521739130434782 0.08658008658008658
2 0.44782608695652176 0.41125541125541126 0.057971014492753624 0.09956709956709957
2 0.3739130434782609 0.4015151515151515 0.08405797101449275 0.1277056277056277
2 0.28840579710144926 0.4036796536796537 0.05507246376811594 0.11471861471861472
2 0.25507246376811593 0.39935064935064934 0.0463768115942029 0.11038961038961038
2 0.1956521739130435 0.3917748917748918 0.06666666666666667 0.10822510822510822
2 0.11666666666666667 0.4145021645021645 0.04492753623188406 0.07575757575757576
2 0.07971014492753623 0.37662337662337664 0.043478260869565216 0.12554112554112554
2 0.02753623188405797 0.37445887445887444 0.05507246376811594 0.12121212121212122
2 0.7898550724637681 0.44155844155844154 0.07246376811594203 0.07792207792207792
2 0.7471014492753624 0.41883116883116883 0.04782608695652174 0.12337662337662338
2 0.6847826086956522 0.42424242424242425 0.04492753623188406 0.1038961038961039
2 0.6456521739130435 0.42207792207792205 0.030434782608695653 0.09956709956709957
4 0.5985507246376811 0.3841991341991342 0.07536231884057971 0.18398268398268397
