0 0.31272727272727274 0.6212534059945504 0.10909090909090909 0.4032697547683924
0 0.42 0.6239782016348774 0.09090909090909091 0.33787465940054495
0 0.49363636363636365 0.6416893732970027 0.1290909090909091 0.4713896457765668
0 0.5990909090909091 0.6416893732970027 0.09636363636363636 0.3569482288828338
0 0.6690909090909091 0.6089918256130791 0.06909090909090909 0.25340599455040874
0 0.6945454545454546 0.6348773841961853 0.09454545454545454 0.34332425068119893
0 0.74 0.6430517711171662 0.12 0.4359673024523161
0 0.8972727272727272 0.6212534059945504 0.09272727272727273 0.34332425068119893
0 0.96 0.6607629427792916 0.08 0.37329700272479566
0 0.36272727272727273 0.5095367847411444 0.056363636363636366 0.20708446866485014
0 0.21545454545454545 0.5912806539509536 0.07454545454545454 0.2779291553133515
0 0.17181818181818181 0.494550408719346 0.056363636363636366 0.20435967302452315
0 0.13 0.5953678474114441 0.06727272727272728 0.24795640326975477
0 0.12727272727272726 0.5776566757493188 0.07272727272727272 0.2670299727520436
0 0.07545454545454545 0.5694822888283378 0.06727272727272728 0.2561307901907357
0 0.03 0.547683923705722 0.056363636363636366 0.20708446866485014
0 0.013636363636363636 0.5490463215258855 0.02727272727272727 0.2098092643051771
0 0.057272727272727274 0.5340599455040872 0.05272727272727273 0.2016348773841962
2 0.9254545454545454 0.4877384196185286 0.02909090909090909 0.043596730245231606
2 0.9409090909090909 0.5163487738419619 0.04181818181818182 0.07356948228882834
2 0.24272727272727274 0.4359673024523161 0.03090909090909091 0.05449591280653951
2 0.21454545454545454 0.43460490463215257 0.03636363636363636 0.08991825613079019
2 0.2790909090909091 0.4305177111716621 0.034545454545454546 0.07084468664850137
2 0.5418181818181819 0.5122615803814714 0.03636363636363636 0.09809264305177112
2 0.5245454545454545 0.4713896457765668 0.02 0.03814713896457766
2 0.5663636363636364 0.5122615803814714 0.034545454545454546 0.10354223433242507
2 0.6481818181818182 0.4877384196185286 0.016363636363636365 0.043596730245231606
2 0.03727272727272727 0.4332425068119891 0.016363636363636365 0.03814713896457766
2 0.028181818181818183 0.45095367847411444 0.016363636363636365 0.035422343324250684
2 0.011818181818181818 0.4822888283378747 0.016363636363636365 0.0653950953678474
2 0.6190909090909091 0.49591280653950953 0.016363636363636365 0.03814713896457766
2 0.6354545454545455 0.4986376021798365 0.038181818181818185 0.05449591280653951
4 0.9472727272727273 0.46185286103542234 0.09090909090909091 0.06267029972752043
4 0.7736363636363637 0.4904632152588556 0.03090909090909091 0.03814713896457766
