0 0.02806122448979592 0.49615384615384617 0.05612244897959184 0.2353846153846154
0 0.06428571428571428 0.48846153846153845 0.04897959183673469 0.18307692307692308
0 0.09540816326530613 0.5015384615384615 0.07448979591836735 0.27692307692307694
0 0.1683673469387755 0.49 0.044897959183673466 0.1646153846153846
0 0.1520408163265306 0.49 0.04081632653061224 0.1523076923076923
0 0.24540816326530612 0.4846153846153846 0.0826530612244898 0.3076923076923077
0 0.3438775510204082 0.4869230769230769 0.05714285714285714 0.21384615384615385
0 0.3183673469387755 0.48307692307692307 0.03877551020408163 0.1476923076923077
0 0.35867346938775513 0.49 0.03979591836734694 0.14615384615384616
0 0.4010204081632653 0.5053846153846154 0.07755102040816327 0.2907692307692308
0 0.463265306122449 0.4823076923076923 0.04285714285714286 0.15846153846153846
0 0.514795918367347 0.5138461538461538 0.2316326530612245 0.8523076923076923
0 0.6265306122448979 0.49153846153846154 0.11224489795918367 0.4169230769230769
0 0.7107142857142857 0.49153846153846154 0.05 0.18615384615384614
0 0.7775510204081633 0.4869230769230769 0.061224489795918366 0.22923076923076924
0 0.8091836734693878 0.48384615384615387 0.04897959183673469 0.18
0 0.871938775510204 0.4969230769230769 0.12959183673469388 0.48
0 0.95 0.48307692307692307 0.06938775510204082 0.2553846153846154
3 0.14030612244897958 0.6553846153846153 0.08673469387755102 0.13230769230769232
3 0.9811224489795919 0.37 0.019387755102040816 0.038461538461538464
