0 0.10266666666666667 0.5702846975088968 0.048 0.1583629893238434
0 0.15333333333333332 0.597864768683274 0.050666666666666665 0.1708185053380783
0 0.17533333333333334 0.5827402135231317 0.04666666666666667 0.1583629893238434
0 0.20733333333333334 0.6094306049822064 0.052 0.16903914590747332
0 0.22066666666666668 0.6103202846975089 0.05733333333333333 0.18861209964412812
0 0.24266666666666667 0.6103202846975089 0.06133333333333333 0.199288256227758
0 0.2713333333333333 0.6129893238434164 0.06266666666666666 0.20462633451957296
0 0.31133333333333335 0.5987544483985765 0.07066666666666667 0.23665480427046262
0 0.344 0.6129893238434164 0.072 0.23665480427046262
0 0.38266666666666665 0.603202846975089 0.072 0.23843416370106763
0 0.412 0.6263345195729537 0.06933333333333333 0.22419928825622776
0 0.4666666666666667 0.6227758007117438 0.06933333333333333 0.2313167259786477
0 0.4266666666666667 0.6094306049822064 0.06666666666666667 0.22241992882562278
0 0.5106666666666667 0.6254448398576512 0.072 0.2402135231316726
0 0.48733333333333334 0.641459074733096 0.08933333333333333 0.297153024911032
0 0.562 0.6067615658362989 0.076 0.2526690391459075
0 0.5853333333333334 0.6379003558718861 0.07466666666666667 0.24733096085409254
0 0.6166666666666667 0.6263345195729537 0.08133333333333333 0.26334519572953735
0 0.6546666666666666 0.6209964412811388 0.072 0.23843416370106763
0 0.6853333333333333 0.6227758007117438 0.06133333333333333 0.20640569395017794
0 0.728 0.6245551601423488 0.050666666666666665 0.1708185053380783
0 0.7386666666666667 0.6103202846975089 0.06133333333333333 0.199288256227758
0 0.768 0.6147686832740213 0.056 0.18327402135231316
0 0.7966666666666666 0.6112099644128114 0.052 0.17259786476868327
0 0.8513333333333334 0.7135231316725978 0.14 0.45907473309608543
0 0.9106666666666666 0.6423487544483986 0.08533333333333333 0.2775800711743772
0 0.9473333333333334 0.6850533807829181 0.10533333333333333 0.44483985765124556
2 0.7013333333333334 0.5444839857651246 0.018666666666666668 0.03558718861209965
2 0.8106666666666666 0.5364768683274022 0.02666666666666667 0.04448398576512456
2 0.5346666666666666 0.5355871886120996 0.021333333333333333 0.03558718861209965
2 0.35333333333333333 0.5186832740213523 0.021333333333333333 0.030249110320284697
2 0.36733333333333335 0.5169039145907474 0.017333333333333333 0.030249110320284697
2 0.6413333333333333 0.5169039145907474 0.021333333333333333 0.051601423487544484
