0 0.07173913043478261 0.6246376811594203 0.09130434782608696 0.15169082125603864
0 0.1246376811594203 0.6159420289855072 0.1072463768115942 0.17681159420289855
0 0.20072463768115942 0.6043478260869565 0.06521739130434782 0.10531400966183575
0 0.2318840579710145 0.6 0.06956521739130435 0.11400966183574879
0 0.2702898550724638 0.6217391304347826 0.09710144927536232 0.16135265700483092
0 0.3210144927536232 0.6014492753623188 0.07391304347826087 0.12270531400966184
0 0.4101449275362319 0.6028985507246377 0.07246376811594203 0.1178743961352657
0 0.5079710144927536 0.6429951690821256 0.18985507246376812 0.3120772946859903
0 0.5811594202898551 0.6579710144927536 0.17391304347826086 0.28599033816425123
0 0.6521739130434783 0.6111111111111112 0.08405797101449275 0.13623188405797101
0 0.7318840579710145 0.5980676328502416 0.08985507246376812 0.14879227053140096
0 0.836231884057971 0.6420289855072464 0.1826086956521739 0.2985507246376812
