0 0.050833333333333335 0.5555555555555556 0.025 0.08444444444444445
0 0.06666666666666667 0.5566666666666666 0.02 0.07333333333333333
0 0.12416666666666666 0.6022222222222222 0.051666666666666666 0.17333333333333334
0 0.18 0.6244444444444445 0.05 0.1688888888888889
0 0.20166666666666666 0.5988888888888889 0.043333333333333335 0.14444444444444443
0 0.2658333333333333 0.6188888888888889 0.051666666666666666 0.1711111111111111
0 0.335 0.6311111111111111 0.056666666666666664 0.18666666666666668
0 0.39916666666666667 0.5988888888888889 0.041666666666666664 0.13555555555555557
0 0.42333333333333334 0.6477777777777778 0.056666666666666664 0.18888888888888888
0 0.4691666666666667 0.6244444444444445 0.04833333333333333 0.16444444444444445
0 0.5216666666666666 0.6533333333333333 0.06 0.19555555555555557
0 0.5591666666666667 0.6344444444444445 0.055 0.18
0 0.6133333333333333 0.6611111111111111 0.06666666666666667 0.22444444444444445
0 0.6558333333333334 0.6466666666666666 0.065 0.21333333333333335
0 0.7066666666666667 0.68 0.07 0.23555555555555555
0 0.745 0.6455555555555555 0.06333333333333334 0.2111111111111111
0 0.805 0.6233333333333333 0.05333333333333334 0.18
0 0.7775 0.5966666666666667 0.045 0.14444444444444443
0 0.8508333333333333 0.66 0.06166666666666667 0.20444444444444446
0 0.8858333333333334 0.6955555555555556 0.075 0.24444444444444444
0 0.9058333333333334 0.6511111111111111 0.06166666666666667 0.20444444444444446
0 0.9533333333333334 0.62 0.04666666666666667 0.15555555555555556
0 0.37 0.5666666666666667 0.03333333333333333 0.1111111111111111
0 0.585 0.5477777777777778 0.03 0.09555555555555556
0 0.6083333333333333 0.5477777777777778 0.03 0.10444444444444445
0 0.45 0.57 0.03333333333333333 0.11333333333333333
0 0.49416666666666664 0.6055555555555555 0.04833333333333333 0.1622222222222222
2 0.5308333333333334 0.5311111111111111 0.025 0.044444444444444446
2 0.6408333333333334 0.5511111111111111 0.018333333333333333 0.04888888888888889
2 0.7075 0.5533333333333333 0.025 0.05333333333333334
2 0.5741666666666667 0.5477777777777778 0.028333333333333332 0.06888888888888889
