0 0.714 0.5045045045045045 0.192 0.7087087087087087
0 0.343 0.23423423423423423 0.034 0.12612612612612611
0 0.023 0.24474474474474475 0.038 0.14114114114114115
0 0.124 0.23273273273273273 0.028 0.10510510510510511
0 0.153 0.23573573573573572 0.022 0.08708708708708708
0 0.188 0.21921921921921922 0.028 0.1021021021021021
0 0.227 0.21771771771771772 0.018 0.06306306306306306
2 0.447 0.509009009009009 0.102 0.1831831831831832
2 0.592 0.53003003003003 0.104 0.1831831831831832
2 0.544 0.2852852852852853 0.044 0.0960960960960961
2 0.109 0.8198198198198198 0.214 0.3483483483483483
2 0.279 0.515015015015015 0.134 0.17117117117117117
2 0.096 0.4339339339339339 0.064 0.14114114114114115
2 0.038 0.33933933933933935 0.04 0.06606606606606606
2 0.167 0.39039039039039036 0.05 0.1021021021021021
2 0.2 0.36936936936936937 0.036 0.08408408408408409
2 0.191 0.3003003003003003 0.042 0.04804804804804805
2 0.212 0.33783783783783783 0.024 0.057057057057057055
2 0.326 0.4189189189189189 0.056 0.11711711711711711
2 0.423 0.4099099099099099 0.086 0.09309309309309309
2 0.443 0.33783783783783783 0.05 0.10510510510510511
2 0.374 0.34384384384384387 0.052 0.08108108108108109
2 0.315 0.3228228228228228 0.054 0.06306306306306306
2 0.276 0.2972972972972973 0.036 0.05405405405405406
2 0.869 0.24774774774774774 0.03 0.12312312312312312
2 0.838 0.24924924924924924 0.028 0.13213213213213212
2 0.762 0.22522522522522523 0.048 0.09009009009009009
2 0.806 0.23273273273273273 0.032 0.06906906906906907
4 0.446 0.23273273273273273 0.404 0.11711711711711711
