0 0.894927536231884 0.5042372881355932 0.15797101449275364 0.748587570621469
0 0.6014492753623188 0.4717514124293785 0.1072463768115942 0.5084745762711864
0 0.34782608695652173 0.3347457627118644 0.043478260869565216 0.2062146892655367
0 0.3855072463768116 0.3375706214689266 0.043478260869565216 0.211864406779661
0 0.26521739130434785 0.3403954802259887 0.043478260869565216 0.2175141242937853
0 0.28043478260869564 0.3418079096045198 0.04492753623188406 0.21468926553672316
0 0.30434782608695654 0.365819209039548 0.057971014492753624 0.2740112994350282
0 0.717391304347826 0.3135593220338983 0.03768115942028986 0.1864406779661017
0 0.7731884057971015 0.3093220338983051 0.0391304347826087 0.19491525423728814
0 0.672463768115942 0.3107344632768362 0.014492753623188406 0.07344632768361582
2 0.19420289855072465 0.4209039548022599 0.05217391304347826 0.14124293785310735
2 0.4449275362318841 0.4110169491525424 0.0463768115942029 0.10451977401129943
2 0.5036231884057971 0.4265536723163842 0.03333333333333333 0.14689265536723164
2 0.6594202898550725 0.4689265536723164 0.06086956521739131 0.1807909604519774
2 0.7137681159420289 0.4731638418079096 0.0536231884057971 0.18926553672316385
2 0.7623188405797101 0.4830508474576271 0.05507246376811594 0.1977401129943503
2 0.7079710144927536 0.78954802259887 0.1956521739130435 0.4152542372881356
2 0.4166666666666667 0.7754237288135594 0.2072463768115942 0.4435028248587571
2 0.22753623188405797 0.672316384180791 0.20579710144927535 0.3728813559322034
2 0.042753623188405795 0.4505649717514124 0.03333333333333333 0.1553672316384181
2 0.10434782608695652 0.4053672316384181 0.0463768115942029 0.10451977401129943
4 0.09420289855072464 0.2994350282485876 0.18840579710144928 0.0847457627118644
4 0.4855072463768116 0.3008474576271186 0.17971014492753623 0.1271186440677966
