0 0.07644110275689223 0.84625 0.03007518796992481 0.050833333333333335
0 0.5031328320802005 0.9179166666666667 0.03383458646616541 0.05583333333333333
0 0.4755639097744361 0.8420833333333333 0.02882205513784461 0.0475
0 0.4943609022556391 0.7941666666666667 0.02882205513784461 0.04666666666666667
0 0.10087719298245613 0.7883333333333333 0.02631578947368421 0.043333333333333335
0 0.11967418546365914 0.7645833333333333 0.023809523809523808 0.03916666666666667
0 0.19423558897243107 0.7458333333333333 0.02506265664160401 0.043333333333333335
0 0.2261904761904762 0.73375 0.023809523809523808 0.03916666666666667
0 0.2700501253132832 0.7475 0.023809523809523808 0.041666666666666664
0 0.2794486215538847 0.7195833333333334 0.02506265664160401 0.0425
0 0.30451127819548873 0.7104166666666667 0.022556390977443608 0.03916666666666667
0 0.34523809523809523 0.6816666666666666 0.018796992481203006 0.03
0 0.5488721804511278 0.8341666666666666 0.03007518796992481 0.05
0 0.556390977443609 0.7825 0.02756892230576441 0.04666666666666667
0 0.5695488721804511 0.755 0.023809523809523808 0.041666666666666664
0 0.593358395989975 0.7479166666666667 0.021303258145363407 0.0375
0 0.6015037593984962 0.7116666666666667 0.020050125313283207 0.035
0 0.6240601503759399 0.7145833333333333 0.020050125313283207 0.034166666666666665
0 0.42857142857142855 0.6404166666666666 0.015037593984962405 0.0275
0 0.5294486215538847 0.79875 0.02631578947368421 0.04416666666666667
0 0.5845864661654135 0.70875 0.021303258145363407 0.035833333333333335
0 0.5513784461152882 0.7554166666666666 0.020050125313283207 0.034166666666666665
0 0.44548872180451127 0.6370833333333333 0.018796992481203006 0.030833333333333334
0 0.4442355889724311 0.6016666666666667 0.016290726817042606 0.02666666666666667
0 0.4492481203007519 0.58875 0.013784461152882205 0.0225
0 0.44110275689223055 0.54625 0.015037593984962405 0.024166666666666666
0 0.42857142857142855 0.5620833333333334 0.015037593984962405 0.024166666666666666
0 0.4542606516290727 0.5241666666666667 0.011278195488721804 0.02
0 0.4799498746867168 0.51375 0.010025062656641603 0.0175
0 0.4667919799498747 0.50125 0.011278195488721804 0.0175
0 0.487468671679198 0.5033333333333333 0.010025062656641603 0.018333333333333333
0 0.4956140350877193 0.5016666666666667 0.008771929824561403 0.016666666666666666
0 0.5100250626566416 0.49625 0.010025062656641603 0.015833333333333335
0 0.5394736842105263 0.50125 0.011278195488721804 0.020833333333333332
0 0.5219298245614035 0.5004166666666666 0.011278195488721804 0.0175
0 0.6604010025062657 0.5370833333333334 0.012531328320802004 0.020833333333333332
0 0.6867167919799498 0.5383333333333333 0.012531328320802004 0.02
0 0.49624060150375937 0.48125 0.007518796992481203 0.014166666666666666
1 0.06140350877192982 0.88 0.03007518796992481 0.05
1 0.19674185463659147 0.8991666666666667 0.03007518796992481 0.05
1 0.13095238095238096 0.8391666666666666 0.023809523809523808 0.041666666666666664
1 0.16791979949874686 0.8383333333333334 0.02506265664160401 0.04
1 0.24060150375939848 0.8216666666666667 0.02506265664160401 0.04
1 0.3151629072681704 0.735 0.021303258145363407 0.035
1 0.38032581453634084 0.7620833333333333 0.021303258145363407 0.035833333333333335
1 0.3815789473684211 0.7170833333333333 0.018796992481203006 0.0325
1 0.5169172932330827 0.7325 0.018796992481203006 0.03166666666666667
1 0.424812030075188 0.6775 0.017543859649122806 0.028333333333333332
1 0.6159147869674185 0.6258333333333334 0.016290726817042606 0.02666666666666667
1 0.4567669172932331 0.6479166666666667 0.013784461152882205 0.024166666666666666
1 0.46867167919799496 0.6541666666666667 0.015037593984962405 0.02666666666666667
1 0.4799498746867168 0.54375 0.010025062656641603 0.0175
1 0.4968671679197995 0.545 0.011278195488721804 0.02
1 0.5288220551378446 0.54 0.010025062656641603 0.018333333333333333
1 0.5169172932330827 0.5683333333333334 0.011278195488721804 0.018333333333333333
1 0.5382205513784462 0.5558333333333333 0.011278195488721804 0.018333333333333333
1 0.5626566416040101 0.5625 0.010025062656641603 0.018333333333333333
1 0.5701754385964912 0.54375 0.010025062656641603 0.019166666666666665
1 0.5551378446115288 0.5358333333333334 0.012531328320802004 0.02
1 0.5802005012531328 0.53 0.010025062656641603 0.018333333333333333
1 0.6340852130325815 0.5379166666666667 0.010025062656641603 0.0175
2 0.38095238095238093 0.72 0.02756892230576441 0.023333333333333334
2 0.07894736842105263 0.8208333333333333 0.02756892230576441 0.02
2 0.5350877192982456 0.64375 0.020050125313283207 0.020833333333333332
2 0.4642857142857143 0.6575 0.016290726817042606 0.015
4 0.5758145363408521 0.4475 0.10401002506265664 0.058333333333333334
