0 0.18768115942028984 0.5917030567685589 0.059420289855072465 0.2183406113537118
0 0.20797101449275363 0.5851528384279476 0.0536231884057971 0.2052401746724891
0 0.30289855072463767 0.6069868995633187 0.08695652173913043 0.3231441048034934
0 0.3630434782608696 0.5436681222707423 0.036231884057971016 0.13100436681222707
0 0.40217391304347827 0.5414847161572053 0.0391304347826087 0.14410480349344978
0 0.4152173913043478 0.5447598253275109 0.03333333333333333 0.12882096069868995
0 0.47608695652173916 0.574235807860262 0.06231884057971015 0.2314410480349345
0 0.508695652173913 0.5862445414847162 0.043478260869565216 0.16375545851528384
0 0.5681159420289855 0.5775109170305677 0.06956521739130435 0.259825327510917
0 0.6253623188405797 0.5655021834061136 0.059420289855072465 0.22270742358078602
0 0.5985507246376811 0.5032751091703057 0.02608695652173913 0.09388646288209607
0 0.5847826086956521 0.5131004366812227 0.02463768115942029 0.09170305676855896
0 0.6434782608695652 0.5502183406113537 0.05507246376811594 0.2052401746724891
0 0.6891304347826087 0.4847161572052402 0.021739130434782608 0.07860262008733625
0 0.7463768115942029 0.5262008733624454 0.028985507246376812 0.10480349344978165
0 0.7753623188405797 0.5414847161572053 0.05217391304347826 0.19213973799126638
0 0.8355072463768116 0.5251091703056768 0.0391304347826087 0.14192139737991266
0 0.9181159420289855 0.509825327510917 0.04782608695652174 0.1812227074235808
0 0.986231884057971 0.490174672489083 0.02753623188405797 0.10698689956331878
2 0.717391304347826 0.574235807860262 0.057971014492753624 0.09170305676855896
2 0.9536231884057971 0.5873362445414847 0.0782608695652174 0.11353711790393013
4 0.1963768115942029 0.5163755458515283 0.372463768115942 0.06331877729257641
