0 0.18880597014925374 0.7096412556053812 0.058208955223880594 0.21748878923766815
0 0.2455223880597015 0.7096412556053812 0.06716417910447761 0.24439461883408073
0 0.3194029850746269 0.6905829596412556 0.056716417910447764 0.21524663677130046
0 0.3656716417910448 0.6928251121076233 0.0626865671641791 0.23766816143497757
0 0.3813432835820896 0.6771300448430493 0.06417910447761194 0.242152466367713
0 0.4298507462686567 0.6995515695067265 0.05970149253731343 0.21973094170403587
0 0.5059701492537313 0.6771300448430493 0.050746268656716415 0.19282511210762332
0 0.5388059701492537 0.6872197309417041 0.05970149253731343 0.21748878923766815
0 0.5925373134328358 0.6849775784753364 0.05970149253731343 0.2219730941704036
0 0.7291044776119403 0.6356502242152466 0.03134328358208955 0.12331838565022421
0 0.7895522388059701 0.6300448430493274 0.03880597014925373 0.14349775784753363
0 0.7656716417910447 0.6345291479820628 0.029850746268656716 0.11659192825112108
0 0.6417910447761194 0.6928251121076233 0.056716417910447764 0.21076233183856502
