0 0.026 0.8217461600646726 0.052 0.22392886014551333
0 0.0475 0.8156831042845594 0.055 0.21665319320937754
0 0.2765 0.8221503637833468 0.042 0.16814874696847212
0 0.4095 0.7914308811641068 0.01 0.038803556992724336
0 0.4345 0.8035569927243331 0.011 0.04527081649151172
0 0.44975 0.7877930476960388 0.0115 0.047696038803556995
0 0.46175 0.7865804365400162 0.0125 0.050121261115602264
0 0.5025 0.809215844785772 0.026 0.10509296685529507
0 0.5305 0.8116410670978172 0.028 0.11156022635408246
0 0.55275 0.7999191592562651 0.0135 0.05254648342764753
0 0.574 0.7954729183508489 0.018 0.07275666936135812
0 0.58825 0.795877122069523 0.0135 0.05578011317704123
0 0.6965 0.8201293451899757 0.031 0.12206952303961197
0 0.708 0.8213419563459984 0.035 0.13904607922392886
0 0.733 0.8233629749393695 0.035 0.13985448666127728
0 0.7515 0.8185125303152789 0.036 0.14147130153597412
0 0.8165 0.8088116410670978 0.029 0.11560226354082458
0 0.856 0.8104284559417947 0.029 0.11560226354082458
0 0.83875 0.8411479385610348 0.0125 0.04931285367825384
1 0.38025 0.8067906224737268 0.0155 0.06143896523848019
1 0.634 0.8185125303152789 0.038 0.15117219078415522
