0 0.15714285714285714 0.8310626702997275 0.09387755102040816 0.31607629427792916
0 0.3653061224489796 0.8365122615803815 0.08571428571428572 0.28337874659400547
0 0.2571428571428571 0.6920980926430518 0.04897959183673469 0.16348773841961853
0 0.286734693877551 0.667574931880109 0.03877551020408163 0.1362397820163488
0 0.3051020408163265 0.6866485013623979 0.05102040816326531 0.16348773841961853
0 0.33163265306122447 0.6811989100817438 0.04693877551020408 0.15258855585831063
0 0.3489795918367347 0.8079019073569482 0.07755102040816327 0.25885558583106266
0 0.5163265306122449 0.7752043596730245 0.05714285714285714 0.19346049046321526
0 0.4897959183673469 0.6784741144414169 0.04897959183673469 0.15803814713896458
0 0.5224489795918368 0.6866485013623979 0.044897959183673466 0.14713896457765668
0 0.5571428571428572 0.6730245231607629 0.04081632653061224 0.1362397820163488
0 0.5520408163265306 0.773841961852861 0.05510204081632653 0.17983651226158037
0 0.5724489795918367 0.8446866485013624 0.09183673469387756 0.2997275204359673
0 0.7714285714285715 0.8528610354223434 0.08571428571428572 0.28337874659400547
0 0.8051020408163265 0.782016348773842 0.05510204081632653 0.18528610354223432
2 0.5908163265306122 0.723433242506812 0.026530612244897958 0.04632152588555858
2 0.6010204081632653 0.6839237057220708 0.030612244897959183 0.05994550408719346
