0 0.9477941176470588 0.7028824833702882 0.10441176470588236 0.4878048780487805
0 0.5279411764705882 0.5676274944567627 0.08235294117647059 0.30598669623059865
0 0.48676470588235293 0.46895787139689576 0.026470588235294117 0.09977827050997783
0 0.6345588235294117 0.6042128603104213 0.09558823529411764 0.35698447893569846
0 0.6926470588235294 0.6618625277161863 0.11176470588235295 0.4190687361419069
0 0.7595588235294117 0.7250554323725056 0.14558823529411766 0.541019955654102
0 0.3205882352941177 0.7095343680709535 0.1323529411764706 0.49223946784922396
0 0.4051470588235294 0.5942350332594235 0.10147058823529412 0.38137472283813745
0 0.9161764705882353 0.4811529933481153 0.01764705882352941 0.07095343680709534
2 0.8816176470588235 0.6518847006651884 0.06323529411764706 0.24390243902439024
2 0.34191176470588236 0.4567627494456763 0.039705882352941174 0.11086474501108648
2 0.13676470588235295 0.46674057649667405 0.08823529411764706 0.15299334811529933
2 0.20441176470588235 0.46895787139689576 0.026470588235294117 0.06873614190687362
2 0.23602941176470588 0.46895787139689576 0.022058823529411766 0.07317073170731707
2 0.25735294117647056 0.4678492239467849 0.020588235294117647 0.07095343680709534
2 0.28308823529411764 0.4778270509977827 0.022058823529411766 0.06873614190687362
2 0.2985294117647059 0.4467849223946785 0.020588235294117647 0.03325942350332594
2 0.11764705882352941 0.7527716186252772 0.21764705882352942 0.48558758314855877
