0 0.2916666666666667 0.8888888888888888 0.04 0.1288888888888889
0 0.3358333333333333 0.8811111111111111 0.041666666666666664 0.14
0 0.10416666666666667 0.9266666666666666 0.03833333333333333 0.1288888888888889
0 0.13666666666666666 0.9233333333333333 0.04 0.13111111111111112
0 0.185 0.9555555555555556 0.023333333333333334 0.08444444444444445
0 0.2275 0.9511111111111111 0.025 0.08888888888888889
0 0.4875 0.9011111111111111 0.035 0.12222222222222222
0 0.49916666666666665 0.8844444444444445 0.03833333333333333 0.12444444444444444
0 0.5933333333333334 0.8566666666666667 0.03333333333333333 0.10888888888888888
0 0.545 0.8322222222222222 0.03 0.10444444444444445
0 0.6266666666666667 0.8544444444444445 0.03333333333333333 0.10888888888888888
0 0.5975 0.8244444444444444 0.03166666666666667 0.10666666666666667
0 0.5733333333333334 0.7933333333333333 0.03 0.09777777777777778
0 0.6775 0.7988888888888889 0.028333333333333332 0.1
0 0.7 0.7888888888888889 0.03 0.10222222222222223
0 0.7383333333333333 0.8288888888888889 0.03333333333333333 0.10666666666666667
0 0.7616666666666667 0.8388888888888889 0.03 0.09555555555555556
0 0.8283333333333334 0.7477777777777778 0.023333333333333334 0.08222222222222222
0 0.8725 0.7544444444444445 0.025 0.08666666666666667
0 0.8816666666666667 0.7677777777777778 0.02666666666666667 0.09111111111111111
0 0.9825 0.7377777777777778 0.028333333333333332 0.09777777777777778
0 0.865 0.7233333333333334 0.02666666666666667 0.09111111111111111
0 0.5183333333333333 0.7366666666666667 0.02666666666666667 0.08666666666666667
0 0.49666666666666665 0.7422222222222222 0.03 0.09777777777777778
0 0.4683333333333333 0.7244444444444444 0.023333333333333334 0.07555555555555556
0 0.4533333333333333 0.6955555555555556 0.023333333333333334 0.08
0 0.43833333333333335 0.7066666666666667 0.016666666666666666 0.05333333333333334
4 0.4558333333333333 0.61 0.3516666666666667 0.1711111111111111
