0 0.03173828125 0.7326797385620915 0.0166015625 0.05620915032679739
0 0.1005859375 0.7339869281045751 0.013671875 0.0457516339869281
0 0.1318359375 0.7326797385620915 0.013671875 0.0457516339869281
0 0.16552734375 0.7320261437908496 0.0126953125 0.04183006535947712
0 0.185546875 0.7359477124183007 0.01171875 0.0392156862745098
0 0.248046875 0.7398692810457517 0.01171875 0.04183006535947712
0 0.2646484375 0.7411764705882353 0.01171875 0.04183006535947712
0 0.29248046875 0.7392156862745098 0.0146484375 0.050980392156862744
0 0.28515625 0.7418300653594772 0.013671875 0.0457516339869281
0 0.3017578125 0.7418300653594772 0.013671875 0.0457516339869281
0 0.32177734375 0.7392156862745098 0.0126953125 0.043137254901960784
0 0.337890625 0.7418300653594772 0.01171875 0.043137254901960784
0 0.3505859375 0.7411764705882353 0.013671875 0.044444444444444446
0 0.35693359375 0.7411764705882353 0.0126953125 0.044444444444444446
0 0.40185546875 0.7411764705882353 0.0107421875 0.0392156862745098
0 0.40771484375 0.7411764705882353 0.0107421875 0.0392156862745098
1 0.22314453125 0.74640522875817 0.0205078125 0.06797385620915032
2 0.45703125 0.7647058823529411 0.015625 0.047058823529411764
2 0.47119140625 0.7810457516339869 0.0263671875 0.06666666666666667
2 0.49169921875 0.7816993464052288 0.0341796875 0.07320261437908497
2 0.5537109375 0.7849673202614379 0.03515625 0.08758169934640522
2 0.67626953125 0.7915032679738562 0.0322265625 0.09542483660130718
2 0.77294921875 0.7901960784313725 0.0341796875 0.09281045751633987
2 0.80615234375 0.7954248366013071 0.0341796875 0.07712418300653595
2 0.7900390625 0.7673202614379085 0.015625 0.0392156862745098
