0 0.05388888888888889 0.7022222222222222 0.10777777777777778 0.5362962962962963
0 0.056666666666666664 0.5466666666666666 0.09333333333333334 0.3022222222222222
0 0.16277777777777777 0.6155555555555555 0.15666666666666668 0.5111111111111111
0 0.19166666666666668 0.6933333333333334 0.15666666666666668 0.5125925925925926
0 0.24722222222222223 0.5274074074074074 0.08777777777777777 0.28444444444444444
0 0.21611111111111111 0.49777777777777776 0.07222222222222222 0.23703703703703705
0 0.3433333333333333 0.7140740740740741 0.1688888888888889 0.554074074074074
0 0.3877777777777778 0.7540740740740741 0.14444444444444443 0.4740740740740741
0 0.49444444444444446 0.7429629629629629 0.15333333333333332 0.5022222222222222
0 0.5644444444444444 0.6659259259259259 0.1688888888888889 0.5496296296296296
0 0.6027777777777777 0.7607407407407407 0.14555555555555555 0.4725925925925926
0 0.8172222222222222 0.7666666666666667 0.1388888888888889 0.45481481481481484
0 0.7505555555555555 0.6881481481481482 0.14777777777777779 0.48148148148148145
0 0.8683333333333333 0.5807407407407408 0.08777777777777777 0.2903703703703704
0 0.74 0.4533333333333333 0.06 0.19555555555555557
0 0.695 0.46296296296296297 0.052222222222222225 0.17333333333333334
0 0.9016666666666666 0.4414814814814815 0.06777777777777778 0.21925925925925926
0 0.97 0.4288888888888889 0.06 0.24444444444444444
0 0.64 0.5074074074074074 0.08222222222222222 0.26814814814814814
0 0.10444444444444445 0.5511111111111111 0.1 0.32592592592592595
0 0.27555555555555555 0.48074074074074075 0.07555555555555556 0.2474074074074074
0 0.9438888888888889 0.7481481481481481 0.11222222222222222 0.4948148148148148
2 0.4061111111111111 0.4962962962962963 0.04111111111111111 0.10962962962962963
2 0.43833333333333335 0.4540740740740741 0.04777777777777778 0.09925925925925926
2 0.4761111111111111 0.42518518518518517 0.04777777777777778 0.11259259259259259
2 0.6044444444444445 0.42814814814814817 0.04 0.09185185185185185
2 0.8294444444444444 0.46444444444444444 0.06333333333333334 0.16148148148148148
2 0.38666666666666666 0.40296296296296297 0.044444444444444446 0.07111111111111111
2 0.4305555555555556 0.37777777777777777 0.04555555555555556 0.08592592592592592
2 0.33111111111111113 0.41703703703703704 0.06444444444444444 0.06962962962962962
2 0.11888888888888889 0.38666666666666666 0.04 0.08296296296296296
2 0.7994444444444444 0.37407407407407406 0.034444444444444444 0.0637037037037037
2 0.7766666666666666 0.38074074074074077 0.03111111111111111 0.05925925925925926
2 0.8433333333333334 0.3718518518518519 0.035555555555555556 0.08592592592592592
4 0.38222222222222224 0.41259259259259257 0.7466666666666667 0.1674074074074074
