0 0.05478395061728395 0.7108127721335269 0.06712962962962964 0.3098693759071118
0 0.10339506172839506 0.7652394775036284 0.08179012345679013 0.37663280116110304
0 0.1587577160493827 0.7808417997097242 0.09452160493827161 0.43541364296081275
0 0.25617283950617287 0.7685050798258345 0.09953703703703703 0.45718432510885343
0 0.3626543209876543 0.7314949201741655 0.08487654320987655 0.3889695210449927
0 0.3125 0.6632801161103048 0.05324074074074074 0.24528301886792453
0 0.2795138888888889 0.6792452830188679 0.06520061728395062 0.29898403483309144
0 0.21450617283950618 0.6767053701015965 0.06172839506172839 0.28519593613933236
0 0.38599537037037035 0.6738026124818578 0.0628858024691358 0.2910014513788099
0 0.40065586419753085 0.6346153846153846 0.047453703703703706 0.21988388969521044
0 0.4386574074074074 0.6048621190130624 0.03935185185185185 0.1806966618287373
0 0.4841820987654321 0.6897677793904209 0.07716049382716049 0.3563134978229318
0 0.5088734567901234 0.7703193033381712 0.09876543209876543 0.45500725689404936
0 0.5844907407407407 0.6596516690856313 0.06327160493827161 0.29027576197387517
0 0.6383101851851852 0.7202467343976778 0.08757716049382716 0.4042089985486212
0 0.6880787037037037 0.6280841799709724 0.055169753086419755 0.2532656023222061
0 0.7341820987654321 0.6883164005805515 0.07561728395061729 0.34760522496371554
0 0.7698688271604939 0.6015965166908563 0.04822530864197531 0.22351233671988388
0 0.7077546296296297 0.5598693759071117 0.025848765432098766 0.11973875181422351
0 0.5304783950617284 0.590711175616836 0.027777777777777776 0.12917271407837447
0 0.5478395061728395 0.5725689404934688 0.02700617283950617 0.1262699564586357
0 0.4201388888888889 0.5947024673439768 0.02854938271604938 0.1313497822931785
0 0.5756172839506173 0.6124818577648766 0.05169753086419753 0.23947750362844702
0 0.8248456790123457 0.5660377358490566 0.033950617283950615 0.15529753265602322
0 0.8624614197530864 0.7347605224963716 0.11458333333333333 0.5275761973875182
0 0.9056712962962963 0.6113933236574746 0.05594135802469136 0.2590711175616836
0 0.9172453703703703 0.5700290275761973 0.03819444444444445 0.17779390420899854
0 0.9432870370370371 0.5529753265602322 0.037037037037037035 0.17126269956458637
0 0.9710648148148148 0.5936139332365747 0.04938271604938271 0.22931785195936139
4 0.6248070987654321 0.530478955007257 0.27044753086419754 0.10304789550072568
4 0.32098765432098764 0.5275761973875182 0.3271604938271605 0.09433962264150944
