0 0.059375 0.5729665071770335 0.06875 0.2607655502392344
0 0.13828125 0.5992822966507177 0.0890625 0.33253588516746413
0 0.24765625 0.65311004784689 0.1171875 0.4354066985645933
0 0.36015625 0.5825358851674641 0.0734375 0.2751196172248804
0 0.32265625 0.5334928229665071 0.0421875 0.15789473684210525
0 0.446875 0.7117224880382775 0.15 0.562200956937799
0 0.50546875 0.6064593301435407 0.0796875 0.3038277511961722
0 0.57890625 0.5251196172248804 0.0296875 0.11722488038277512
0 0.61875 0.5418660287081339 0.05625 0.21291866028708134
0 0.65625 0.5753588516746412 0.065625 0.2511961722488038
0 0.76015625 0.6734449760765551 0.1203125 0.4569377990430622
0 0.91328125 0.6076555023923444 0.0890625 0.3349282296650718
0 0.82734375 0.5334928229665071 0.0515625 0.19617224880382775
0 0.95703125 0.5645933014354066 0.0765625 0.28708133971291866
