0 0.14779411764705883 0.4960835509138381 0.051470588235294115 0.2297650130548303
0 0.19411764705882353 0.4425587467362924 0.07647058823529412 0.3368146214099217
0 0.24632352941176472 0.4608355091383812 0.057352941176470586 0.24804177545691905
0 0.29044117647058826 0.42428198433420367 0.057352941176470586 0.24804177545691905
0 0.7889705882352941 0.39295039164490864 0.051470588235294115 0.22715404699738903
0 0.5338235294117647 0.370757180156658 0.029411764705882353 0.13054830287206268
0 0.4963235294117647 0.3681462140992167 0.027941176470588237 0.12532637075718014
0 0.4786764705882353 0.3642297650130548 0.030882352941176472 0.13838120104438642
0 0.4713235294117647 0.3524804177545692 0.027941176470588237 0.12010443864229765
0 0.4514705882352941 0.370757180156658 0.03529411764705882 0.1514360313315927
0 0.5102941176470588 0.3563968668407311 0.026470588235294117 0.1122715404699739
2 0.3963235294117647 0.31070496083550914 0.057352941176470586 0.1462140992167102
2 0.3301470588235294 0.33550913838120106 0.027941176470588237 0.04960835509138381
2 0.5669117647058823 0.3185378590078329 0.033823529411764704 0.057441253263707574
2 0.5794117647058824 0.2989556135770235 0.01764705882352941 0.033942558746736295
2 0.6169117647058824 0.2650130548302872 0.060294117647058824 0.195822454308094
2 0.7573529411764706 0.31201044386422977 0.029411764705882353 0.07571801566579635
2 0.7014705882352941 0.31462140992167104 0.023529411764705882 0.05483028720626632
2 0.7308823529411764 0.3185378590078329 0.029411764705882353 0.057441253263707574
2 0.22647058823529412 0.3093994778067885 0.029411764705882353 0.044386422976501305
2 0.10588235294117647 0.4164490861618799 0.01764705882352941 0.1227154046997389
2 0.12794117647058822 0.4216710182767624 0.041176470588235294 0.15926892950391644
2 0.10661764705882353 0.3368146214099217 0.025 0.04699738903394256
2 0.09558823529411764 0.36553524804177545 0.03529411764705882 0.0731070496083551
