0 0.03916666666666667 0.62875 0.041666666666666664 0.1525
0 0.059166666666666666 0.6225 0.035 0.13
0 0.0925 0.63125 0.041666666666666664 0.1575
0 0.11916666666666667 0.62125 0.035 0.1375
0 0.13833333333333334 0.61125 0.03333333333333333 0.1275
0 0.1625 0.62125 0.045 0.1675
0 0.1825 0.615 0.03833333333333333 0.145
0 0.2075 0.61 0.03166666666666667 0.125
0 0.24166666666666667 0.6225 0.043333333333333335 0.165
0 0.27 0.60625 0.03333333333333333 0.1275
0 0.255 0.61625 0.03666666666666667 0.1425
0 0.31583333333333335 0.64375 0.051666666666666666 0.1975
0 0.41 0.6225 0.043333333333333335 0.165
0 0.48583333333333334 0.62375 0.03833333333333333 0.1425
0 0.4741666666666667 0.61875 0.035 0.1325
0 0.5791666666666667 0.64375 0.04833333333333333 0.1825
0 0.6241666666666666 0.625 0.041666666666666664 0.155
0 0.6516666666666666 0.605 0.03 0.11
0 0.6675 0.60625 0.035 0.1325
0 0.6875 0.615 0.035 0.135
0 0.7216666666666667 0.61875 0.04 0.1475
0 0.77 0.6125 0.03666666666666667 0.135
0 0.7333333333333333 0.5975 0.03 0.11
0 0.8183333333333334 0.62125 0.03666666666666667 0.1325
0 0.7983333333333333 0.59875 0.03 0.1125
0 0.8458333333333333 0.6325 0.041666666666666664 0.16
0 0.8783333333333333 0.6 0.03 0.11
0 0.8975 0.61375 0.03833333333333333 0.1425
0 0.9158333333333334 0.6 0.028333333333333332 0.11
0 0.9308333333333333 0.59 0.025 0.1
0 0.9616666666666667 0.61375 0.03666666666666667 0.1425
3 0.5758333333333333 0.8375 0.041666666666666664 0.185
3 0.6166666666666667 0.795 0.03 0.115
3 0.8475 0.8075 0.04833333333333333 0.185
3 0.32166666666666666 0.84375 0.056666666666666664 0.1875
3 0.2475 0.80875 0.041666666666666664 0.1375
3 0.17 0.815 0.056666666666666664 0.145
3 0.09083333333333334 0.81 0.03833333333333333 0.14
3 0.045 0.8075 0.05333333333333334 0.125
3 0.7191666666666666 0.7825 0.03833333333333333 0.155
3 0.9066666666666666 0.7625 0.03666666666666667 0.13
3 0.9691666666666666 0.755 0.035 0.135
4 0.7125 0.60125 0.5516666666666666 0.1625
4 0.18833333333333332 0.585 0.36666666666666664 0.105
