0 0.04791666666666667 0.3617021276595745 0.09583333333333334 0.4130162703379224
0 0.21958333333333332 0.4236545682102628 0.14083333333333334 0.5193992490613266
0 0.31125 0.2872340425531915 0.08083333333333333 0.29662077596996245
0 0.34958333333333336 0.21526908635794745 0.06416666666666666 0.23779724655819776
0 0.44 0.246558197747184 0.07 0.26032540675844806
0 0.47041666666666665 0.3166458072590738 0.0975 0.360450563204005
0 0.5454166666666667 0.623279098873592 0.19083333333333333 0.6983729662077597
0 0.7195833333333334 0.4148936170212766 0.1325 0.48936170212765956
0 0.81625 0.3260325406758448 0.09583333333333334 0.3541927409261577
0 0.86125 0.2753441802252816 0.07416666666666667 0.2753441802252816
0 0.91 0.21714643304130163 0.04666666666666667 0.1739674593241552
0 0.6175 0.26533166458072593 0.075 0.2753441802252816
0 0.6908333333333333 0.23216520650813516 0.06666666666666667 0.24405506883604505
0 0.7958333333333333 0.21339173967459324 0.04833333333333333 0.18147684605757197
0 0.22541666666666665 0.1620775969962453 0.0375 0.13642052565707133
0 0.08833333333333333 0.1858573216520651 0.03833333333333333 0.1439299123904881
0 0.55 0.21151439299123906 0.05333333333333334 0.19774718397997496
0 0.64 0.16020025031289112 0.03166666666666667 0.11764705882352941
0 0.9204166666666667 0.2190237797246558 0.0475 0.17772215269086358
2 0.18 0.18397997496871088 0.06 0.1376720901126408
2 0.7491666666666666 0.1520650813516896 0.018333333333333333 0.07133917396745933
2 0.015833333333333335 0.13016270337922403 0.028333333333333332 0.10012515644555695
4 0.96 0.20337922403003755 0.06666666666666667 0.22152690863579474
4 0.665 0.15707133917396746 0.03833333333333333 0.15143929912390489
4 0.8229166666666666 0.10888610763454318 0.2708333333333333 0.052565707133917394
4 0.5270833333333333 0.14518147684605756 0.035833333333333335 0.1276595744680851
4 0.60125 0.10262828535669587 0.1075 0.05506883604505632
4 0.38458333333333333 0.14080100125156444 0.0725 0.1214017521902378
4 0.12208333333333334 0.17521902377972465 0.0575 0.17772215269086358
4 0.27958333333333335 0.12390488110137672 0.060833333333333336 0.07509386733416772
