0 0.8559782608695652 0.6956521739130435 0.16847826086956522 0.5555555555555556
0 0.6132246376811594 0.5990338164251208 0.14673913043478262 0.4830917874396135
0 0.3958333333333333 0.5797101449275363 0.08876811594202899 0.2898550724637681
0 0.45471014492753625 0.4033816425120773 0.06521739130434782 0.21739130434782608
0 0.5815217391304348 0.4311594202898551 0.06884057971014493 0.22946859903381642
0 0.03170289855072464 0.39009661835748793 0.06340579710144928 0.3502415458937198
0 0.10144927536231885 0.32367149758454106 0.07608695652173914 0.2463768115942029
0 0.06884057971014493 0.32367149758454106 0.03985507246376811 0.13526570048309178
0 0.03985507246376811 0.32608695652173914 0.03985507246376811 0.13526570048309178
0 0.1503623188405797 0.322463768115942 0.04710144927536232 0.16183574879227053
0 0.11956521739130435 0.2584541062801932 0.03985507246376811 0.13043478260869565
0 0.15760869565217392 0.2584541062801932 0.036231884057971016 0.12077294685990338
0 0.2463768115942029 0.3164251207729469 0.03260869565217391 0.1111111111111111
0 0.3197463768115942 0.3635265700483092 0.04528985507246377 0.15217391304347827
0 0.48641304347826086 0.32367149758454106 0.03804347826086957 0.13043478260869565
0 0.5625 0.2995169082125604 0.02355072463768116 0.0821256038647343
0 0.8532608695652174 0.2886473429951691 0.04710144927536232 0.1570048309178744
0 0.8958333333333334 0.33816425120772947 0.02717391304347826 0.08695652173913043
0 0.7364130434782609 0.286231884057971 0.02717391304347826 0.09420289855072464
0 0.6865942028985508 0.2826086956521739 0.03260869565217391 0.10628019323671498
2 0.20380434782608695 0.5241545893719807 0.06702898550724638 0.1932367149758454
2 0.2427536231884058 0.46980676328502413 0.08333333333333333 0.08454106280193237
2 0.7590579710144928 0.6654589371980676 0.12681159420289856 0.2632850241545894
2 0.7255434782608695 0.5181159420289855 0.05253623188405797 0.15217391304347827
2 0.7581521739130435 0.4915458937198068 0.04891304347826087 0.1570048309178744
2 0.7391304347826086 0.42632850241545894 0.03260869565217391 0.050724637681159424
2 0.9347826086956522 0.29347826086956524 0.025362318840579712 0.05555555555555555
2 0.9646739130434783 0.29347826086956524 0.02355072463768116 0.04106280193236715
2 0.8967391304347826 0.26570048309178745 0.018115942028985508 0.06280193236714976
