0 0.05 0.6805054151624549 0.1 0.5812274368231047
0 0.2525 0.6642599277978339 0.175 0.6209386281588448
0 0.16125 0.6732851985559567 0.1275 0.45126353790613716
0 0.42625 0.7292418772563177 0.1375 0.4981949458483754
0 0.64875 0.6155234657039711 0.2125 0.7617328519855595
0 0.91 0.6895306859205776 0.17 0.6064981949458483
0 0.775 0.6462093862815884 0.12 0.4332129963898917
0 0.5425 0.6732851985559567 0.13 0.4584837545126354
0 0.8075 0.5794223826714802 0.07 0.2563176895306859
0 0.38 0.6046931407942239 0.08 0.2851985559566787
0 0.13 0.6371841155234657 0.11 0.3862815884476534
0 0.3225 0.7220216606498195 0.15 0.5270758122743683
