0 0.14697265625 0.8834635416666666 0.0478515625 0.15755208333333334
0 0.1357421875 0.8743489583333334 0.04296875 0.14192708333333334
0 0.181640625 0.8639322916666666 0.044921875 0.14973958333333334
0 0.33984375 0.814453125 0.017578125 0.055989583333333336
0 0.32373046875 0.8131510416666666 0.0146484375 0.048177083333333336
0 0.47705078125 0.8502604166666666 0.0224609375 0.07291666666666667
0 0.63330078125 0.8834635416666666 0.0380859375 0.12369791666666667
0 0.65625 0.8860677083333334 0.033203125 0.11067708333333333
0 0.66357421875 0.8815104166666666 0.0341796875 0.11197916666666667
0 0.6953125 0.8860677083333334 0.03515625 0.11328125
0 0.724609375 0.8932291666666666 0.033203125 0.109375
0 0.732421875 0.85546875 0.01953125 0.06770833333333333
0 0.763671875 0.873046875 0.025390625 0.08723958333333333
0 0.89599609375 0.92578125 0.0380859375 0.12760416666666666
