0 0.05928571428571429 0.5869098712446352 0.04428571428571428 0.16952789699570817
0 0.07214285714285715 0.5933476394849786 0.03857142857142857 0.148068669527897
0 0.14714285714285713 0.5944206008583691 0.04 0.1459227467811159
0 0.215 0.75 0.09857142857142857 0.3626609442060086
0 0.21071428571428572 0.5622317596566524 0.03571428571428571 0.13304721030042918
0 0.23642857142857143 0.5793991416309013 0.041428571428571426 0.15450643776824036
0 0.26571428571428574 0.572961373390558 0.04 0.1459227467811159
0 0.2935714285714286 0.6684549356223176 0.05857142857142857 0.22103004291845493
0 0.33285714285714285 0.7135193133047211 0.07714285714285714 0.2811158798283262
0 0.38285714285714284 0.6834763948497854 0.06571428571428571 0.24248927038626608
0 0.42214285714285715 0.6587982832618026 0.047142857142857146 0.1759656652360515
0 0.32 0.5633047210300429 0.02857142857142857 0.10944206008583691
0 0.34214285714285714 0.5568669527896996 0.024285714285714285 0.08798283261802575
0 0.36428571428571427 0.5633047210300429 0.02857142857142857 0.10944206008583691
0 0.3842857142857143 0.5633047210300429 0.025714285714285714 0.09227467811158799
0 0.4035714285714286 0.5622317596566524 0.02142857142857143 0.08583690987124463
0 0.42 0.5622317596566524 0.02857142857142857 0.11158798283261803
0 0.2914285714285714 0.555793991416309 0.025714285714285714 0.09871244635193133
0 0.5071428571428571 0.6899141630901288 0.07428571428571429 0.27253218884120173
0 0.5564285714285714 0.6663090128755365 0.055714285714285716 0.20815450643776823
0 0.6328571428571429 0.6952789699570815 0.08571428571428572 0.3218884120171674
0 0.6942857142857143 0.6706008583690987 0.06285714285714286 0.23390557939914164
0 0.7907142857142857 0.6587982832618026 0.055714285714285716 0.21030042918454936
0 0.8307142857142857 0.6448497854077253 0.05 0.18669527896995708
0 0.8535714285714285 0.6255364806866953 0.047142857142857146 0.17381974248927037
0 0.8792857142857143 0.6276824034334764 0.041428571428571426 0.15236051502145923
0 0.9 0.6180257510729614 0.03142857142857143 0.12017167381974249
0 0.9121428571428571 0.6105150214592274 0.032857142857142856 0.12660944206008584
0 0.9285714285714286 0.5997854077253219 0.03142857142857143 0.11802575107296137
0 0.9442857142857143 0.5879828326180258 0.02857142857142857 0.11158798283261803
0 0.9557142857142857 0.5933476394849786 0.025714285714285714 0.10085836909871244
0 0.7257142857142858 0.6298283261802575 0.05142857142857143 0.18669527896995708
0 0.7535714285714286 0.6362660944206009 0.04428571428571428 0.1609442060085837
4 0.6342857142857142 0.5042918454935622 0.46 0.12017167381974249
4 0.9264285714285714 0.5064377682403434 0.13285714285714287 0.04291845493562232
