0 0.1608695652173913 0.5463768115942029 0.09565217391304348 0.3101449275362319
0 0.18804347826086956 0.5666666666666667 0.0891304347826087 0.2927536231884058
0 0.25217391304347825 0.5623188405797102 0.09130434782608696 0.30144927536231886
0 0.3217391304347826 0.553623188405797 0.09130434782608696 0.30144927536231886
0 0.3815217391304348 0.5579710144927537 0.09782608695652174 0.3217391304347826
0 0.44456521739130433 0.5594202898550724 0.09347826086956522 0.30144927536231886
0 0.5163043478260869 0.5478260869565217 0.09347826086956522 0.3072463768115942
0 0.8391304347826087 0.518840579710145 0.09565217391304348 0.3188405797101449
0 0.975 0.5072463768115942 0.05 0.24347826086956523
0 0.6565217391304348 0.5463768115942029 0.08695652173913043 0.2927536231884058
0 0.6967391304347826 0.5217391304347826 0.09347826086956522 0.3072463768115942
0 0.7402173913043478 0.5420289855072464 0.08043478260869565 0.26666666666666666
0 0.7847826086956522 0.5594202898550724 0.0782608695652174 0.2608695652173913
0 0.5956521739130435 0.5463768115942029 0.09130434782608696 0.30434782608695654
0 0.5445652173913044 0.5362318840579711 0.09347826086956522 0.30144927536231886
2 0.21739130434782608 0.45942028985507244 0.0391304347826087 0.11304347826086956
2 0.2847826086956522 0.4318840579710145 0.043478260869565216 0.08695652173913043
2 0.35 0.43043478260869567 0.0391304347826087 0.06666666666666667
2 0.44456521739130433 0.39565217391304347 0.04565217391304348 0.0782608695652174
2 0.5043478260869565 0.37971014492753624 0.04782608695652174 0.0463768115942029
2 0.4706521739130435 0.43623188405797103 0.03695652173913044 0.1072463768115942
2 0.5673913043478261 0.4246376811594203 0.02608695652173913 0.0782608695652174
2 0.6195652173913043 0.391304347826087 0.034782608695652174 0.08695652173913043
2 0.20543478260869566 0.6289855072463768 0.05 0.22028985507246376
2 0.27391304347826084 0.6173913043478261 0.06086956521739131 0.22608695652173913
2 0.3358695652173913 0.6318840579710145 0.06304347826086956 0.22028985507246376
2 0.40108695652173915 0.6318840579710145 0.07173913043478261 0.20869565217391303
2 0.4782608695652174 0.6405797101449275 0.08260869565217391 0.1681159420289855
2 0.5391304347826087 0.6376811594202898 0.06521739130434782 0.20869565217391303
2 0.6141304347826086 0.6231884057971014 0.06304347826086956 0.19710144927536233
2 0.6771739130434783 0.618840579710145 0.06304347826086956 0.21739130434782608
2 0.75 0.6 0.08695652173913043 0.2144927536231884
2 0.808695652173913 0.6057971014492753 0.043478260869565216 0.1855072463768116
2 0.8771739130434782 0.5898550724637681 0.07173913043478261 0.25217391304347825
3 0.24021739130434783 0.3652173913043478 0.09782608695652174 0.14492753623188406
