0 0.956 0.7462462462462462 0.088 0.48348348348348347
0 0.819 0.7402402402402403 0.126 0.47147147147147145
0 0.898 0.7357357357357357 0.1 0.37237237237237236
0 0.766 0.7222222222222222 0.088 0.3333333333333333
0 0.649 0.7432432432432432 0.122 0.45345345345345345
0 0.558 0.7402402402402403 0.112 0.4114114114114114
0 0.471 0.7222222222222222 0.106 0.38738738738738737
0 0.401 0.6606606606606606 0.082 0.3003003003003003
0 0.348 0.7027027027027027 0.088 0.3303303303303303
0 0.286 0.6636636636636637 0.08 0.29429429429429427
0 0.204 0.6516516516516516 0.068 0.25225225225225223
0 0.168 0.6351351351351351 0.064 0.24324324324324326
0 0.239 0.6246246246246246 0.054 0.2042042042042042
0 0.031 0.5870870870870871 0.034 0.12912912912912913
0 0.696 0.6336336336336337 0.052 0.1981981981981982
4 0.079 0.5480480480480481 0.082 0.06306306306306306
4 0.742 0.581081081081081 0.068 0.09309309309309309
4 0.86 0.5930930930930931 0.044 0.11711711711711711
4 0.935 0.5870870870870871 0.05 0.0990990990990991
