0 0.863 0.46846846846846846 0.25 0.918918918918919
0 0.754 0.45345345345345345 0.196 0.7267267267267268
0 0.697 0.40540540540540543 0.162 0.5945945945945946
0 0.666 0.3858858858858859 0.156 0.5735735735735735
0 0.619 0.39039039039039036 0.118 0.43843843843843844
0 0.481 0.36036036036036034 0.15 0.5465465465465466
0 0.362 0.26126126126126126 0.056 0.21021021021021022
0 0.269 0.26426426426426425 0.054 0.1981981981981982
0 0.191 0.27177177177177175 0.062 0.23123123123123124
0 0.161 0.28378378378378377 0.07 0.26126126126126126
0 0.035 0.2807807807807808 0.07 0.27927927927927926
