0 0.1225 0.4925 0.09166666666666666 0.335
0 0.04416666666666667 0.45875 0.065 0.2425
0 0.17333333333333334 0.44875 0.043333333333333335 0.1675
0 0.22416666666666665 0.42375 0.045 0.1675
0 0.26 0.5125 0.10333333333333333 0.385
0 0.30583333333333335 0.43125 0.045 0.1625
0 0.36 0.5125 0.09333333333333334 0.35
0 0.45416666666666666 0.62625 0.20166666666666666 0.7375
0 0.5466666666666666 0.54875 0.11666666666666667 0.4275
0 0.6525 0.48625 0.06833333333333333 0.2575
0 0.6958333333333333 0.43125 0.035 0.1275
0 0.7325 0.45875 0.055 0.2075
0 0.7758333333333334 0.50875 0.095 0.3525
0 0.81 0.47125 0.06666666666666667 0.2425
0 0.845 0.5175 0.09 0.33
0 0.8825 0.47625 0.06833333333333333 0.2575
0 0.9416666666666667 0.47 0.06666666666666667 0.245
0 0.9583333333333334 0.5 0.07666666666666666 0.285
0 0.4066666666666667 0.32375 0.013333333333333334 0.0525
0 0.3925 0.28 0.018333333333333333 0.075
0 0.31916666666666665 0.2525 0.015 0.06
0 0.26416666666666666 0.2825 0.015 0.06
0 0.335 0.25125 0.013333333333333334 0.0475
0 0.08916666666666667 0.40875 0.03166666666666667 0.1175
2 0.38166666666666665 0.36625 0.03666666666666667 0.0775
