0 0.023148148148148147 0.5575086805555556 0.046296296296296294 0.24522569444444445
0 0.06221064814814815 0.5544704861111112 0.06539351851851852 0.24088541666666666
0 0.1294849537037037 0.5813802083333334 0.14554398148148148 0.5334201388888888
0 0.18561921296296297 0.578125 0.1762152777777778 0.6449652777777778
0 0.3133680555555556 0.5705295138888888 0.1550925925925926 0.5681423611111112
0 0.23423032407407407 0.5523003472222222 0.06394675925925926 0.2339409722222222
0 0.2543402777777778 0.5679253472222222 0.05613425925925926 0.20703125
0 0.36574074074074076 0.5651041666666666 0.1244212962962963 0.4565972222222222
0 0.4427083333333333 0.5718315972222222 0.1909722222222222 0.7000868055555556
0 0.5364583333333334 0.5696614583333334 0.15625 0.5716145833333334
0 0.5027488425925926 0.5807291666666666 0.11834490740740741 0.4331597222222222
0 0.6309317129629629 0.5499131944444444 0.11487268518518519 0.421875
0 0.6553819444444444 0.5486111111111112 0.07175925925925926 0.2630208333333333
0 0.6934317129629629 0.5562065972222222 0.0685763888888889 0.2521701388888889
0 0.7414641203703703 0.5627170138888888 0.12471064814814815 0.4578993055555556
0 0.8104745370370371 0.5520833333333334 0.11631944444444445 0.4253472222222222
0 0.8525752314814815 0.5447048611111112 0.07262731481481481 0.2673611111111111
0 0.8933738425925926 0.5394965277777778 0.07146990740740741 0.2612847222222222
0 0.8635706018518519 0.541015625 0.0708912037037037 0.2599826388888889
0 0.9431423611111112 0.5451388888888888 0.06799768518518519 0.25
0 0.9210069444444444 0.5338541666666666 0.07523148148148148 0.2751736111111111
0 0.9645543981481481 0.5329861111111112 0.0708912037037037 0.2673611111111111
0 0.9758391203703703 0.5297309027777778 0.04832175925925926 0.2816840277777778
2 0.25 0.5716145833333334 0.023726851851851853 0.044270833333333336
2 0.22063078703703703 0.4568142361111111 0.027488425925925927 0.07855902777777778
2 0.25101273148148145 0.4520399305555556 0.020543981481481483 0.05078125
2 0.2718460648148148 0.4522569444444444 0.015335648148148149 0.03125
2 0.5739293981481481 0.4142795138888889 0.024016203703703703 0.03515625
2 0.5802951388888888 0.4416232638888889 0.02228009259259259 0.03428819444444445
2 0.5535300925925926 0.375 0.012152777777777778 0.04861111111111111
2 0.66796875 0.4407552083333333 0.019965277777777776 0.045572916666666664
2 0.6795428240740741 0.4513888888888889 0.014178240740740741 0.03732638888888889
2 0.7096354166666666 0.44921875 0.025752314814814815 0.057291666666666664
2 0.7608506944444444 0.4192708333333333 0.02806712962962963 0.049479166666666664
2 0.9442997685185185 0.4140625 0.01880787037037037 0.03125
