0 0.03 0.5533333333333333 0.06 0.2866666666666667
0 0.124 0.5966666666666667 0.072 0.29333333333333333
0 0.178 0.505 0.056 0.23
0 0.282 0.595 0.088 0.36333333333333334
0 0.325 0.51 0.062 0.25333333333333335
0 0.378 0.6583333333333333 0.096 0.39666666666666667
0 0.485 0.595 0.086 0.35
0 0.456 0.5116666666666667 0.044 0.17666666666666667
0 0.556 0.7066666666666667 0.104 0.43333333333333335
0 0.611 0.605 0.078 0.3233333333333333
0 0.636 0.5533333333333333 0.056 0.22666666666666666
0 0.656 0.5433333333333333 0.052 0.21333333333333335
0 0.794 0.4766666666666667 0.028 0.11333333333333333
0 0.902 0.4583333333333333 0.028 0.11666666666666667
0 0.886 0.465 0.024 0.11
0 0.836 0.455 0.016 0.07
0 0.958 0.5233333333333333 0.052 0.22
0 0.981 0.5883333333333334 0.038 0.27
4 0.084 0.385 0.16 0.11
4 0.209 0.39 0.034 0.08
4 0.381 0.4033333333333333 0.086 0.06666666666666667
