0 0.9453703703703704 0.6778711484593838 0.10925925925925926 0.48739495798319327
0 0.9555555555555556 0.7170868347338936 0.08888888888888889 0.5154061624649859
0 0.7944444444444444 0.742296918767507 0.12222222222222222 0.45938375350140054
0 0.8518518518518519 0.7058823529411765 0.13333333333333333 0.49859943977591037
0 0.7453703703703703 0.7254901960784313 0.1388888888888889 0.5154061624649859
0 0.6175925925925926 0.6862745098039216 0.1537037037037037 0.5770308123249299
0 0.65 0.5182072829131653 0.05185185185185185 0.19047619047619047
0 0.4981481481481482 0.7310924369747899 0.13703703703703704 0.5042016806722689
0 0.4027777777777778 0.7380952380952381 0.13148148148148148 0.4957983193277311
0 0.3435185185185185 0.7450980392156863 0.12777777777777777 0.48179271708683474
0 0.2490740740740741 0.7366946778711485 0.13518518518518519 0.49859943977591037
0 0.13796296296296295 0.7492997198879552 0.12407407407407407 0.4677871148459384
0 0.04351851851851852 0.7633053221288515 0.08703703703703704 0.4565826330532213
0 0.7703703703703704 0.5168067226890757 0.05185185185185185 0.19887955182072828
0 0.4564814814814815 0.5770308123249299 0.09074074074074075 0.34173669467787116
0 0.0824074074074074 0.5154061624649859 0.06481481481481481 0.24649859943977592
0 0.5296296296296297 0.4495798319327731 0.03333333333333333 0.12044817927170869
0 0.5370370370370371 0.7282913165266106 0.12962962962962962 0.48179271708683474
2 0.8166666666666667 0.484593837535014 0.05555555555555555 0.09523809523809523
2 0.27870370370370373 0.5154061624649859 0.046296296296296294 0.12324929971988796
2 0.3175925925925926 0.49719887955182074 0.04259259259259259 0.11484593837535013
2 0.3194444444444444 0.438375350140056 0.046296296296296294 0.09803921568627451
2 0.18425925925925926 0.5196078431372549 0.05740740740740741 0.13725490196078433
2 0.2 0.44397759103641454 0.037037037037037035 0.09243697478991597
2 0.25925925925925924 0.42296918767507 0.025925925925925925 0.06722689075630252
2 0.11481481481481481 0.48179271708683474 0.06296296296296296 0.09523809523809523
2 0.10462962962962963 0.41876750700280113 0.04259259259259259 0.0700280112044818
2 0.49166666666666664 0.4369747899159664 0.03518518518518519 0.08403361344537816
2 0.375 0.4831932773109244 0.03518518518518519 0.12044817927170869
4 0.39537037037037037 0.4019607843137255 0.10925925925925926 0.09803921568627451
4 0.5055555555555555 0.3753501400560224 0.11481481481481481 0.06722689075630252
