0 0.0775 0.5300751879699248 0.12833333333333333 0.47368421052631576
0 0.16416666666666666 0.5401002506265664 0.11833333333333333 0.44360902255639095
0 0.22166666666666668 0.5626566416040101 0.12666666666666668 0.46867167919799496
0 0.24833333333333332 0.487468671679198 0.13333333333333333 0.48872180451127817
0 0.29083333333333333 0.5639097744360902 0.125 0.45614035087719296
0 0.38333333333333336 0.5839598997493735 0.11666666666666667 0.43609022556390975
0 0.4716666666666667 0.6228070175438597 0.11 0.40350877192982454
0 0.5366666666666666 0.5839598997493735 0.11666666666666667 0.42606516290726815
0 0.61 0.5852130325814536 0.12 0.44360902255639095
0 0.7075 0.5651629072681704 0.125 0.45864661654135336
0 0.81 0.5538847117794486 0.14 0.5213032581453634
0 0.92 0.5350877192982456 0.13666666666666666 0.5037593984962406
2 0.33 0.33709273182957394 0.056666666666666664 0.13283208020050125
2 0.3725 0.3333333333333333 0.051666666666666666 0.07518796992481203
2 0.43583333333333335 0.3458646616541353 0.045 0.10526315789473684
2 0.4675 0.3383458646616541 0.06833333333333333 0.16541353383458646
2 0.52 0.30451127819548873 0.07 0.14786967418546365
2 0.5575 0.3684210526315789 0.055 0.11528822055137844
2 0.5966666666666667 0.3182957393483709 0.07666666666666666 0.14035087719298245
2 0.6741666666666667 0.30451127819548873 0.04833333333333333 0.13283208020050125
2 0.715 0.33208020050125314 0.05 0.14285714285714285
2 0.7583333333333333 0.29197994987468673 0.06666666666666667 0.15288220551378445
2 0.835 0.3408521303258145 0.04666666666666667 0.14536340852130325
