0 0.12833333333333333 0.735 0.13666666666666666 0.505
0 0.2 0.73875 0.12666666666666668 0.4675
0 0.25166666666666665 0.69875 0.11666666666666667 0.4325
0 0.29583333333333334 0.735 0.13833333333333334 0.51
0 0.37666666666666665 0.7125 0.14666666666666667 0.54
0 0.4083333333333333 0.7375 0.13666666666666666 0.505
0 0.47583333333333333 0.71 0.12166666666666667 0.45
0 0.5308333333333334 0.74 0.135 0.495
0 0.5825 0.71375 0.12166666666666667 0.4475
0 0.6791666666666667 0.6975 0.16166666666666665 0.59
0 0.7283333333333334 0.73 0.13 0.485
0 0.7958333333333333 0.70125 0.11166666666666666 0.4125
0 0.8233333333333334 0.72875 0.13666666666666666 0.5075
0 0.9258333333333333 0.705 0.125 0.46
0 0.8733333333333333 0.67375 0.09666666666666666 0.3525
0 0.97 0.695 0.06 0.385
0 0.11166666666666666 0.24625 0.056666666666666664 0.2075
0 0.15833333333333333 0.26 0.04666666666666667 0.18
0 0.9708333333333333 0.57625 0.045 0.1625
2 0.011666666666666667 0.19125 0.023333333333333334 0.1725
2 0.31 0.29125 0.03 0.0675
2 0.5791666666666667 0.32125 0.03833333333333333 0.0575
2 0.6391666666666667 0.33875 0.035 0.0575
2 0.6783333333333333 0.34 0.05333333333333334 0.06
2 0.735 0.345 0.03333333333333333 0.045
2 0.7733333333333333 0.3575 0.02666666666666667 0.035
2 0.8908333333333334 0.515 0.041666666666666664 0.075
4 0.1875 0.17 0.3383333333333333 0.19
4 0.6191666666666666 0.255 0.3416666666666667 0.16
4 0.8175 0.30125 0.051666666666666666 0.1275
4 0.9308333333333333 0.33125 0.13833333333333334 0.1375
