0 0.0090625 0.44458333333333333 0.018125 0.0875
0 0.0215625 0.45208333333333334 0.030625 0.1025
0 0.0390625 0.4483333333333333 0.034375 0.11166666666666666
0 0.050625 0.44666666666666666 0.02875 0.095
0 0.074375 0.48375 0.065 0.2125
0 0.1034375 0.44666666666666666 0.031875 0.105
0 0.0821875 0.44625 0.033125 0.10916666666666666
0 0.143125 0.4975 0.07375 0.24
0 0.1859375 0.44583333333333336 0.029375 0.09833333333333333
0 0.2071875 0.4429166666666667 0.033125 0.10916666666666666
0 0.2428125 0.42541666666666667 0.024375 0.07916666666666666
0 0.1734375 0.4241666666666667 0.018125 0.06166666666666667
0 0.163125 0.4454166666666667 0.03125 0.10416666666666667
0 0.2596875 0.46416666666666667 0.049375 0.16333333333333333
0 0.2678125 0.485 0.060625 0.19833333333333333
0 0.289375 0.43875 0.0275 0.0925
0 0.3053125 0.4375 0.026875 0.09
0 0.3215625 0.44125 0.026875 0.0875
0 0.3375 0.43875 0.0275 0.0925
0 0.376875 0.49 0.06625 0.21833333333333332
0 0.389375 0.4429166666666667 0.03 0.0975
0 0.4109375 0.44208333333333333 0.029375 0.0975
0 0.433125 0.4725 0.05375 0.17666666666666667
0 0.4525 0.44125 0.0325 0.10583333333333333
0 0.473125 0.4454166666666667 0.03375 0.11083333333333334
0 0.495625 0.4475 0.0325 0.105
0 0.5440625 0.47625 0.061875 0.2025
0 0.578125 0.4483333333333333 0.035 0.115
0 0.5915625 0.465 0.051875 0.16833333333333333
0 0.6115625 0.45208333333333334 0.035625 0.11583333333333333
0 0.6484375 0.45125 0.036875 0.12083333333333333
0 0.6765625 0.4554166666666667 0.038125 0.12416666666666666
0 0.6603125 0.41208333333333336 0.019375 0.0625
0 0.7303125 0.4870833333333333 0.085625 0.2791666666666667
0 0.705625 0.46375 0.05375 0.1775
0 0.754375 0.4525 0.05 0.165
0 0.791875 0.4508333333333333 0.04625 0.15
0 0.8371875 0.45625 0.044375 0.14416666666666667
0 0.8875 0.4608333333333333 0.045 0.14666666666666667
0 0.9575 0.4608333333333333 0.04875 0.15833333333333333
0 0.9834375 0.40208333333333335 0.014375 0.0475
0 0.9490625 0.4041666666666667 0.013125 0.045
0 0.9096875 0.4033333333333333 0.015625 0.05333333333333334
0 0.8703125 0.405 0.015625 0.05333333333333334
0 0.825625 0.40208333333333335 0.01375 0.04583333333333333
4 0.2240625 0.4141666666666667 0.024375 0.056666666666666664
4 0.399375 0.40958333333333335 0.01875 0.04583333333333333
4 0.42125 0.40041666666666664 0.0125 0.0275
4 0.445 0.4025 0.015 0.03333333333333333
4 0.463125 0.40291666666666665 0.01625 0.035833333333333335
4 0.4853125 0.4075 0.018125 0.041666666666666664
4 0.5128125 0.40875 0.024375 0.050833333333333335
4 0.6290625 0.40708333333333335 0.023125 0.03916666666666667
4 0.934375 0.39791666666666664 0.02375 0.0175
4 0.881875 0.40208333333333335 0.02 0.015833333333333335
4 0.86 0.40125 0.02375 0.010833333333333334
4 0.8059375 0.39625 0.016875 0.015833333333333335
4 0.6884375 0.3958333333333333 0.015625 0.025
