0 0.2427536231884058 0.2379110251450677 0.11159420289855072 0.36750483558994196
0 0.7572463768115942 0.33268858800773693 0.1 0.3288201160541586
0 0.37681159420289856 0.6508704061895552 0.15942028985507245 0.5241779497098646
0 0.4427536231884058 0.6963249516441006 0.1144927536231884 0.3713733075435203
0 0.5101449275362319 0.6760154738878144 0.12753623188405797 0.4158607350096712
0 0.5963768115942029 0.6576402321083172 0.1492753623188406 0.4874274661508704
0 0.6463768115942029 0.6624758220502901 0.14782608695652175 0.48549323017408125
0 0.6884057971014492 0.6856866537717602 0.12173913043478261 0.40038684719535783
0 0.7442028985507246 0.7195357833655706 0.12028985507246377 0.390715667311412
0 0.813768115942029 0.6760154738878144 0.14347826086956522 0.4738878143133462
0 0.8463768115942029 0.6692456479690522 0.14782608695652175 0.4874274661508704
0 0.8920289855072464 0.6373307543520309 0.1492753623188406 0.48936170212765956
0 0.9340579710144927 0.7050290135396519 0.12028985507246377 0.3965183752417795
2 0.9449275362318841 0.4912959381044487 0.08695652173913043 0.1702127659574468
2 0.7463768115942029 0.4922630560928433 0.057971014492753624 0.08704061895551257
2 0.6739130434782609 0.40618955512572535 0.04927536231884058 0.1276595744680851
