0 0.080078125 0.5081120943952803 0.046875 0.17551622418879056
0 0.23193359375 0.5088495575221239 0.0654296875 0.2448377581120944
0 0.17626953125 0.48672566371681414 0.0380859375 0.14454277286135694
0 0.2890625 0.5014749262536873 0.05078125 0.1887905604719764
0 0.33935546875 0.48451327433628316 0.0439453125 0.16371681415929204
0 0.36767578125 0.47640117994100295 0.0361328125 0.13274336283185842
0 0.4248046875 0.5759587020648967 0.125 0.4616519174041298
0 0.5048828125 0.4749262536873156 0.05078125 0.18584070796460178
0 0.56982421875 0.4963126843657817 0.0673828125 0.24926253687315633
0 0.61376953125 0.5272861356932154 0.0927734375 0.3466076696165192
0 0.70947265625 0.5014749262536873 0.0830078125 0.30973451327433627
0 0.8095703125 0.4963126843657817 0.068359375 0.252212389380531
0 0.86474609375 0.47123893805309736 0.0595703125 0.21976401179941002
2 0.931640625 0.4469026548672566 0.03125 0.10914454277286136
2 0.9755859375 0.4491150442477876 0.03125 0.09882005899705015
2 0.271484375 0.4306784660766962 0.0234375 0.05014749262536873
4 0.03369140625 0.46607669616519176 0.0498046875 0.10619469026548672
4 0.1318359375 0.4756637168141593 0.05859375 0.10176991150442478
4 0.943359375 0.39823008849557523 0.099609375 0.09144542772861357
4 0.76025390625 0.4358407079646018 0.0615234375 0.13421828908554573
4 0.67138671875 0.4550147492625369 0.0595703125 0.11061946902654868
4 0.5400390625 0.4498525073746313 0.048828125 0.10914454277286136
4 0.47216796875 0.4646017699115044 0.0537109375 0.0943952802359882
