0 0.07078313253012049 0.5186046511627908 0.11746987951807229 0.4511627906976744
0 0.2620481927710843 0.4441860465116279 0.08433734939759036 0.3302325581395349
0 0.3328313253012048 0.3930232558139535 0.08132530120481928 0.3116279069767442
0 0.3855421686746988 0.3627906976744186 0.060240963855421686 0.23255813953488372
0 0.42168674698795183 0.3488372093023256 0.04819277108433735 0.19534883720930232
0 0.5 0.6116279069767442 0.14457831325301204 0.5441860465116279
0 0.552710843373494 0.40930232558139534 0.07530120481927711 0.29767441860465116
0 0.6837349397590361 0.5348837209302325 0.18072289156626506 0.6976744186046512
0 0.8478915662650602 0.5255813953488372 0.10542168674698796 0.40930232558139534
0 0.7891566265060241 0.4232558139534884 0.08433734939759036 0.32558139534883723
0 0.7590361445783133 0.3930232558139535 0.060240963855421686 0.2372093023255814
0 0.7304216867469879 0.34418604651162793 0.05120481927710843 0.20465116279069767
0 0.9156626506024096 0.6790697674418604 0.15060240963855423 0.5674418604651162
0 0.5813253012048193 0.3697674418604651 0.060240963855421686 0.2372093023255814
2 0.8704819277108434 0.31627906976744186 0.05421686746987952 0.11162790697674418
