0 0.30416666666666664 0.756857855361596 0.11833333333333333 0.4314214463840399
0 0.15666666666666668 0.7231920199501247 0.13 0.4837905236907731
0 0.115 0.7194513715710723 0.11666666666666667 0.42643391521197005
0 0.07833333333333334 0.7032418952618454 0.11 0.40399002493765584
0 0.041666666666666664 0.6783042394014963 0.08333333333333333 0.35910224438902744
0 0.23583333333333334 0.713216957605985 0.08833333333333333 0.32418952618453867
0 0.19416666666666665 0.6970074812967582 0.08833333333333333 0.3266832917705736
0 0.35333333333333333 0.699501246882793 0.08 0.29177057356608477
0 0.42 0.683291770573566 0.1 0.3740648379052369
0 0.5116666666666667 0.7169576059850374 0.09333333333333334 0.34663341645885287
0 0.475 0.6658354114713217 0.1 0.3690773067331671
0 0.5475 0.6670822942643392 0.08833333333333333 0.3316708229426434
0 0.585 0.6620947630922693 0.07666666666666666 0.286783042394015
0 0.65 0.6820448877805486 0.08333333333333333 0.30174563591022446
0 0.6225 0.6408977556109726 0.06166666666666667 0.22443890274314215
0 0.6925 0.6521197007481296 0.065 0.23690773067331672
0 0.75 0.6620947630922693 0.06666666666666667 0.2518703241895262
0 0.725 0.6221945137157108 0.06666666666666667 0.24688279301745636
0 0.8208333333333333 0.6471321695760599 0.058333333333333334 0.22194513715710723
0 0.8891666666666667 0.6408977556109726 0.04833333333333333 0.17955112219451372
0 0.9375 0.6197007481296758 0.051666666666666666 0.18703241895261846
0 0.7966666666666666 0.628428927680798 0.05333333333333334 0.19451371571072318
0 0.8541666666666666 0.6259351620947631 0.051666666666666666 0.18952618453865336
0 0.8666666666666667 0.6109725685785536 0.05 0.18952618453865336
0 0.2891666666666667 0.6957605985037406 0.115 0.428927680798005
2 0.9016666666666666 0.5623441396508728 0.023333333333333334 0.07231920199501247
2 0.8791666666666667 0.5286783042394015 0.025 0.04488778054862843
2 0.84 0.5336658354114713 0.023333333333333334 0.04987531172069826
2 0.8075 0.5236907730673317 0.021666666666666667 0.029925187032418952
2 0.7575 0.5261845386533666 0.025 0.04987531172069826
2 0.7758333333333334 0.527431421446384 0.021666666666666667 0.057356608478802994
2 0.7425 0.5187032418952618 0.015 0.034912718204488775
2 0.7091666666666666 0.5236907730673317 0.011666666666666667 0.02493765586034913
2 0.69 0.5187032418952618 0.023333333333333334 0.02493765586034913
2 0.6541666666666667 0.5174563591022444 0.021666666666666667 0.032418952618453865
2 0.6225 0.5074812967581047 0.025 0.03740648379052369
2 0.6316666666666667 0.5399002493765586 0.013333333333333334 0.032418952618453865
2 0.6016666666666667 0.628428927680798 0.016666666666666666 0.20448877805486285
2 0.4975 0.5187032418952618 0.025 0.04987531172069826
2 0.5191666666666667 0.5236907730673317 0.018333333333333333 0.04488778054862843
2 0.44083333333333335 0.6683291770573566 0.025 0.32917705735660846
2 0.30916666666666665 0.5199501246882793 0.028333333333333332 0.05236907730673317
2 0.3358333333333333 0.5286783042394015 0.028333333333333332 0.05486284289276808
2 0.3458333333333333 0.5074812967581047 0.015 0.02743142144638404
2 0.37666666666666665 0.5374064837905237 0.043333333333333335 0.0773067331670823
2 0.3858333333333333 0.6783042394014963 0.04833333333333333 0.28428927680798005
2 0.21333333333333335 0.5349127182044888 0.023333333333333334 0.03740648379052369
2 0.25166666666666665 0.5448877805486284 0.023333333333333334 0.032418952618453865
2 0.2675 0.5236907730673317 0.021666666666666667 0.04987531172069826
2 0.23083333333333333 0.5249376558603491 0.045 0.07231920199501247
2 0.05 0.699501246882793 0.043333333333333335 0.42643391521197005
2 0.010833333333333334 0.6483790523690773 0.021666666666666667 0.29925187032418954
2 0.11333333333333333 0.36034912718204487 0.02 0.032418952618453865
2 0.2025 0.3167082294264339 0.015 0.034912718204488775
2 0.19 0.32418952618453867 0.016666666666666666 0.034912718204488775
2 0.9691666666666666 0.5486284289276808 0.018333333333333333 0.034912718204488775
4 0.9883333333333333 0.5685785536159601 0.016666666666666666 0.08478802992518704
