0 0.0875 0.7293233082706767 0.085 0.3082706766917293
0 0.2175 0.7218045112781954 0.105 0.39097744360902253
0 0.27 0.6954887218045113 0.16 0.5939849624060151
0 0.385 0.7030075187969925 0.085 0.3233082706766917
0 0.53125 0.6992481203007519 0.1375 0.518796992481203
0 0.68875 0.6823308270676691 0.1225 0.4473684210526316
0 0.78125 0.6616541353383458 0.1025 0.38345864661654133
0 0.87625 0.6522556390977443 0.0875 0.31954887218045114
0 0.9175 0.6409774436090225 0.07 0.2593984962406015
0 0.96875 0.6334586466165414 0.0625 0.24436090225563908
0 0.62 0.6710526315789473 0.065 0.24436090225563908
0 0.4875 0.6785714285714286 0.05 0.19172932330827067
0 0.44125 0.6842105263157895 0.0425 0.15789473684210525
0 0.5825 0.6597744360902256 0.05 0.19172932330827067
0 0.6 0.6729323308270677 0.03 0.12030075187969924
0 0.65 0.650375939849624 0.04 0.15037593984962405
2 0.4 0.5808270676691729 0.02 0.04887218045112782
2 0.75375 0.6484962406015038 0.0375 0.23684210526315788
2 0.83125 0.6879699248120301 0.0425 0.11278195488721804
2 0.6775 0.6240601503759399 0.03 0.07518796992481203
3 0.18375 0.5131578947368421 0.1575 0.575187969924812
