0 0.03101503759398496 0.5679190751445087 0.06203007518796992 0.26878612716763006
0 0.08646616541353383 0.5953757225433526 0.10150375939849623 0.3815028901734104
0 0.09304511278195489 0.6734104046242775 0.12969924812030076 0.49710982658959535
0 0.20206766917293234 0.5953757225433526 0.10338345864661654 0.3988439306358382
0 0.3242481203007519 0.6950867052023122 0.15225563909774437 0.5751445086705202
0 0.4107142857142857 0.661849710982659 0.14097744360902256 0.5260115606936416
0 0.4924812030075188 0.5722543352601156 0.07518796992481203 0.28901734104046245
0 0.5169172932330827 0.611271676300578 0.10526315789473684 0.3959537572254335
0 0.6484962406015038 0.6589595375722543 0.13909774436090225 0.5260115606936416
0 0.674812030075188 0.6083815028901735 0.11278195488721804 0.42485549132947975
0 0.75 0.6763005780346821 0.16541353383458646 0.6184971098265896
0 0.9154135338345865 0.6604046242774566 0.14661654135338345 0.5520231213872833
0 0.8543233082706767 0.5910404624277457 0.10338345864661654 0.3901734104046243
2 0.37124060150375937 0.45664739884393063 0.043233082706766915 0.10982658959537572
