0 0.075 0.6648351648351648 0.115 0.4139194139194139
0 0.16625 0.6355311355311355 0.1025 0.36996336996337
0 0.20375 0.8296703296703297 0.0825 0.304029304029304
0 0.34375 0.7857142857142857 0.1075 0.39194139194139194
0 0.4225 0.34615384615384615 0.125 0.4432234432234432
0 0.19125 0.37362637362637363 0.0925 0.32967032967032966
0 0.2 0.304029304029304 0.095 0.336996336996337
0 0.64625 0.4194139194139194 0.1175 0.42857142857142855
0 0.72375 0.5091575091575091 0.1075 0.3956043956043956
0 0.91 0.2967032967032967 0.11 0.3956043956043956
0 0.9425 0.7875457875457875 0.11 0.3956043956043956
0 0.61875 0.7545787545787546 0.0975 0.358974358974359
0 0.59125 0.8553113553113553 0.0675 0.25274725274725274
2 0.65375 0.16117216117216118 0.0975 0.12454212454212454
2 0.84625 0.86996336996337 0.1075 0.22344322344322345
2 0.7475 0.9285714285714286 0.085 0.12087912087912088
2 0.67375 0.9212454212454212 0.0775 0.1282051282051282
2 0.08 0.38461538461538464 0.09 0.15384615384615385
