0 0.514 0.47597864768683273 0.27066666666666667 0.8843416370106761
0 0.07066666666666667 0.3096085409252669 0.037333333333333336 0.12455516014234876
0 0.088 0.3096085409252669 0.034666666666666665 0.11387900355871886
0 0.204 0.30604982206405695 0.029333333333333333 0.099644128113879
0 0.25266666666666665 0.298932384341637 0.03866666666666667 0.12811387900355872
0 0.3406666666666667 0.29537366548042704 0.03333333333333333 0.10676156583629894
0 0.36 0.30071174377224197 0.029333333333333333 0.09608540925266904
0 0.646 0.28825622775800713 0.04133333333333333 0.1387900355871886
0 0.6553333333333333 0.28647686832740216 0.03866666666666667 0.12455516014234876
0 0.69 0.2891459074733096 0.02266666666666667 0.0800711743772242
0 0.7113333333333334 0.28380782918149466 0.025333333333333333 0.08718861209964412
0 0.74 0.27580071174377224 0.032 0.10676156583629894
0 0.8493333333333334 0.27402135231316727 0.037333333333333336 0.12099644128113879
0 0.8626666666666667 0.27846975088967973 0.037333333333333336 0.12633451957295375
0 0.89 0.2722419928825623 0.04133333333333333 0.1387900355871886
0 0.8326666666666667 0.27580071174377224 0.028 0.09608540925266904
