0 0.08036490008688098 0.7003311258278145 0.0842745438748914 0.39072847682119205
0 0.13814074717636837 0.6912251655629139 0.08514335360556038 0.3990066225165563
0 0.17810599478714162 0.6961920529801324 0.08340573414422242 0.3923841059602649
0 0.2059079061685491 0.6920529801324503 0.08688097306689835 0.40728476821192056
0 0.2306689834926151 0.6150662251655629 0.08079930495221546 0.3758278145695364
0 0.2801911381407472 0.6870860927152318 0.08774978279756733 0.40728476821192056
0 0.31277150304083406 0.6506622516556292 0.09035621198957429 0.423841059602649
0 0.3336229365768897 0.6903973509933775 0.08166811468288444 0.3841059602649007
0 0.3796698523023458 0.6821192052980133 0.07645525629887055 0.3609271523178808
0 0.40573414422241527 0.6995033112582781 0.08166811468288444 0.38576158940397354
0 0.45569070373588183 0.6763245033112583 0.0894874022589053 0.41887417218543044
0 0.4860990443092963 0.6837748344370861 0.0894874022589053 0.4205298013245033
0 0.5299739357080799 0.6548013245033113 0.08340573414422242 0.3890728476821192
0 0.5634231103388357 0.6895695364238411 0.0894874022589053 0.4155629139072848
0 0.5999131190269331 0.6978476821192053 0.08601216333622937 0.402317880794702
0 0.6398783666377064 0.6895695364238411 0.08774978279756733 0.41225165562913907
0 0.6850564726324935 0.6846026490066225 0.0894874022589053 0.42218543046357615
0 0.7098175499565595 0.6854304635761589 0.08340573414422242 0.39403973509933776
0 0.739357080799305 0.6076158940397351 0.08340573414422242 0.38741721854304634
0 0.7706342311033884 0.6862582781456954 0.08340573414422242 0.3923841059602649
0 0.7997393570807994 0.6514900662251656 0.08253692441355343 0.38576158940397354
0 0.8301476976542137 0.695364238410596 0.08601216333622937 0.40397350993377484
0 0.8883579496090356 0.6788079470198676 0.0894874022589053 0.4205298013245033
0 0.9239791485664639 0.6986754966887417 0.0842745438748914 0.3973509933774834
2 0.05690703735881842 0.5206953642384106 0.02519548218940052 0.08443708609271523
2 0.1894005212858384 0.43211920529801323 0.029539530842745437 0.059602649006622516
2 0.25065160729800173 0.4470198675496689 0.028670721112076455 0.06291390728476821
2 0.39574283231972196 0.46605960264900664 0.044309296264118156 0.07119205298013245
2 0.4283231972198089 0.423841059602649 0.02780191138140747 0.0728476821192053
2 0.4574283231972198 0.43956953642384106 0.03214596003475239 0.061258278145695365
2 0.48392701998262383 0.42218543046357615 0.022589052997393572 0.056291390728476824
2 0.5013032145960035 0.44867549668874174 0.020851433536055605 0.06291390728476821
2 0.5260642919200695 0.4279801324503311 0.023457862728062554 0.048013245033112585
2 0.5486533449174631 0.445364238410596 0.023457862728062554 0.056291390728476824
2 0.5881841876629018 0.429635761589404 0.03996524761077324 0.09105960264900662
2 0.6550825369244135 0.4544701986754967 0.03475238922675934 0.06456953642384106
2 0.7219808861859253 0.43129139072847683 0.02432667245873154 0.09105960264900662
2 0.8223284100781929 0.40728476821192056 0.04257167680278019 0.07947019867549669
2 0.8688097306689835 0.4768211920529801 0.029539530842745437 0.10264900662251655
