0 0.11166666666666666 0.64125 0.18 0.6625
0 0.32083333333333336 0.57875 0.16166666666666665 0.5925
0 0.5258333333333334 0.56625 0.145 0.5325
0 0.6908333333333333 0.57 0.12833333333333333 0.47
0 0.825 0.53875 0.12333333333333334 0.4525
0 0.9341666666666667 0.5425 0.11166666666666666 0.415
0 0.20416666666666666 0.51125 0.07166666666666667 0.2675
0 0.05583333333333333 0.67875 0.11166666666666666 0.4925
0 0.4633333333333333 0.59875 0.09666666666666666 0.3525
0 0.6041666666666666 0.5725 0.09166666666666666 0.335
0 0.26666666666666666 0.42125 0.07 0.2575
2 0.028333333333333332 0.39875 0.056666666666666664 0.0725
2 0.3858333333333333 0.4175 0.07166666666666667 0.115
2 0.49166666666666664 0.34125 0.05333333333333334 0.1075
2 0.6066666666666667 0.35375 0.07333333333333333 0.1225
2 0.6683333333333333 0.39875 0.03333333333333333 0.0625
2 0.7783333333333333 0.3975 0.06 0.105
2 0.9033333333333333 0.39125 0.05 0.0675
