0 0.096 0.3469750889679715 0.156 0.6868327402135231
0 0.172 0.39679715302491103 0.18 0.7793594306049823
0 0.222 0.3701067615658363 0.152 0.6619217081850534
0 0.264 0.3469750889679715 0.136 0.6014234875444839
0 0.306 0.3612099644128114 0.144 0.6298932384341637
0 0.367 0.6797153024911032 0.142 0.6192170818505338
0 0.483 0.6565836298932385 0.146 0.6441281138790036
0 0.587 0.7224199288256228 0.126 0.5480427046263345
0 0.927 0.40569395017793597 0.118 0.5195729537366548
0 0.841 0.4288256227758007 0.13 0.5658362989323843
0 0.756 0.4875444839857651 0.176 0.7615658362989324
0 0.682 0.3896797153024911 0.144 0.6370106761565836
0 0.514 0.39679715302491103 0.18 0.7935943060498221
2 0.403 0.15302491103202848 0.098 0.2775800711743772
2 0.465 0.13345195729537365 0.05 0.15302491103202848
2 0.344 0.1298932384341637 0.044 0.12455516014234876
2 0.612 0.1601423487544484 0.04 0.10676156583629894
2 0.74 0.14056939501779359 0.044 0.1601423487544484
2 0.051 0.42526690391459077 0.102 0.708185053380783
