0 0.22666666666666666 0.8234265734265734 0.04666666666666667 0.1853146853146853
0 0.29444444444444445 0.7928321678321678 0.042222222222222223 0.1660839160839161
0 0.345 0.847027972027972 0.05 0.19405594405594406
0 0.4822222222222222 0.7202797202797203 0.02666666666666667 0.10139860139860139
0 0.7438888888888889 0.7124125874125874 0.023333333333333334 0.08916083916083917
0 0.7238888888888889 0.7071678321678322 0.03 0.11363636363636363
0 0.6688888888888889 0.7097902097902098 0.028888888888888888 0.11538461538461539
0 0.6383333333333333 0.7185314685314685 0.027777777777777776 0.10839160839160839
0 0.6066666666666667 0.7255244755244755 0.028888888888888888 0.11538461538461539
0 0.5988888888888889 0.7770979020979021 0.04 0.1520979020979021
0 0.5883333333333334 0.7762237762237763 0.034444444444444444 0.13636363636363635
0 0.5611111111111111 0.7744755244755245 0.035555555555555556 0.13636363636363635
0 0.16777777777777778 0.8776223776223776 0.057777777777777775 0.2202797202797203
0 0.1361111111111111 0.8374125874125874 0.04111111111111111 0.16083916083916083
0 0.11611111111111111 0.8050699300699301 0.04111111111111111 0.16258741258741258
0 0.11611111111111111 0.8977272727272727 0.05 0.19405594405594406
0 0.07166666666666667 0.8907342657342657 0.05444444444444444 0.21503496503496503
0 0.27166666666666667 0.7403846153846154 0.03 0.12062937062937062
0 0.2861111111111111 0.7631118881118881 0.034444444444444444 0.1346153846153846
0 0.3561111111111111 0.7797202797202797 0.03 0.11538461538461539
0 0.3416666666666667 0.7648601398601399 0.03666666666666667 0.14160839160839161
0 0.39111111111111113 0.7972027972027972 0.03777777777777778 0.15034965034965034
0 0.3811111111111111 0.7683566433566433 0.028888888888888888 0.11363636363636363
0 0.49333333333333335 0.6958041958041958 0.02 0.08041958041958042
0 0.545 0.7132867132867133 0.023333333333333334 0.09090909090909091
0 0.5722222222222222 0.7054195804195804 0.022222222222222223 0.08916083916083917
0 0.5077777777777778 0.6931818181818182 0.02 0.08216783216783216
0 0.5144444444444445 0.6958041958041958 0.022222222222222223 0.08391608391608392
0 0.5183333333333333 0.6888111888111889 0.021111111111111112 0.08741258741258741
0 0.5961111111111111 0.6477272727272727 0.016666666666666666 0.06468531468531469
0 0.5888888888888889 0.6494755244755245 0.015555555555555555 0.06118881118881119
0 0.5805555555555556 0.6494755244755245 0.016666666666666666 0.06468531468531469
0 0.62 0.6486013986013986 0.017777777777777778 0.06993006993006994
0 0.6561111111111111 0.6949300699300699 0.03 0.11713286713286714
2 0.365 0.7316433566433567 0.021111111111111112 0.057692307692307696
2 0.77 0.7132867132867133 0.03333333333333333 0.08391608391608392
2 0.575 0.6617132867132867 0.016666666666666666 0.026223776223776224
2 0.5422222222222223 0.6625874125874126 0.017777777777777778 0.03496503496503497
2 0.5555555555555556 0.6512237762237763 0.013333333333333334 0.03671328671328671
2 0.55 0.6311188811188811 0.008888888888888889 0.027972027972027972
4 0.6388888888888888 0.618006993006993 0.08 0.08216783216783216
