0 0.18888888888888888 0.5983333333333334 0.12222222222222222 0.44666666666666666
0 0.2733333333333333 0.6283333333333333 0.11777777777777777 0.43666666666666665
0 0.36777777777777776 0.635 0.1288888888888889 0.4766666666666667
0 0.6083333333333333 0.6658333333333334 0.15666666666666668 0.5716666666666667
0 0.7105555555555556 0.3825 0.06111111111111111 0.22833333333333333
0 0.7388888888888889 0.3908333333333333 0.06 0.225
0 0.7872222222222223 0.3825 0.06555555555555556 0.245
0 0.825 0.38666666666666666 0.06111111111111111 0.23
0 0.8855555555555555 0.36916666666666664 0.06444444444444444 0.235
0 0.9255555555555556 0.385 0.06444444444444444 0.24
0 0.9677777777777777 0.36916666666666664 0.06444444444444444 0.265
0 0.7561111111111111 0.39 0.056666666666666664 0.21
0 0.87 0.38083333333333336 0.057777777777777775 0.21166666666666667
0 0.8027777777777778 0.3883333333333333 0.06111111111111111 0.22333333333333333
0 0.9594444444444444 0.39166666666666666 0.058888888888888886 0.21666666666666667
0 0.8333333333333334 0.375 0.057777777777777775 0.21666666666666667
0 0.53 0.4066666666666667 0.042222222222222223 0.15333333333333332
0 0.9155555555555556 0.3825 0.06444444444444444 0.24166666666666667
0 0.695 0.3933333333333333 0.052222222222222225 0.19666666666666666
0 0.6788888888888889 0.3958333333333333 0.051111111111111114 0.19166666666666668
2 0.4255555555555556 0.4083333333333333 0.015555555555555555 0.05
