0 0.06263982102908278 0.6105769230769231 0.12527964205816555 0.4967948717948718
0 0.03243847874720358 0.5625 0.06487695749440715 0.3814102564102564
0 0.12080536912751678 0.49038461538461536 0.07606263982102908 0.26282051282051283
0 0.15883668903803133 0.5272435897435898 0.09395973154362416 0.33653846153846156
0 0.25279642058165547 0.5785256410256411 0.116331096196868 0.41346153846153844
0 0.29194630872483224 0.5160256410256411 0.08277404921700224 0.30128205128205127
0 0.4015659955257271 0.6330128205128205 0.15436241610738255 0.5480769230769231
0 0.3926174496644295 0.5384615384615384 0.10067114093959731 0.358974358974359
0 0.5033557046979866 0.5176282051282052 0.09843400447427293 0.34294871794871795
0 0.569351230425056 0.5897435897435898 0.13646532438478748 0.47435897435897434
0 0.6789709172259508 0.5576923076923077 0.10961968680089486 0.391025641025641
0 0.8008948545861297 0.6634615384615384 0.16554809843400448 0.5897435897435898
0 0.7595078299776287 0.5224358974358975 0.10514541387024609 0.3782051282051282
0 0.9004474272930649 0.6137820512820513 0.14093959731543623 0.49038461538461536
0 0.9496644295302014 0.5769230769230769 0.10067114093959731 0.4166666666666667
0 0.645413870246085 0.4967948717948718 0.05145413870246085 0.1858974358974359
0 0.6308724832214765 0.46474358974358976 0.06263982102908278 0.21794871794871795
0 0.7371364653243848 0.47275641025641024 0.06487695749440715 0.22756410256410256
0 0.8668903803131991 0.48878205128205127 0.06040268456375839 0.21474358974358973
0 0.5413870246085011 0.46474358974358976 0.058165548098434 0.20512820512820512
0 0.4742729306487696 0.4567307692307692 0.053691275167785234 0.1891025641025641
0 0.441834451901566 0.46153846153846156 0.05592841163310962 0.1987179487179487
0 0.34675615212527966 0.46634615384615385 0.053691275167785234 0.1891025641025641
0 0.31655480984340045 0.46474358974358976 0.05145413870246085 0.1858974358974359
0 0.1935123042505593 0.4775641025641026 0.05145413870246085 0.1794871794871795
0 0.21140939597315436 0.46153846153846156 0.05592841163310962 0.1987179487179487
0 0.6241610738255033 0.46634615384615385 0.053691275167785234 0.1891025641025641
0 0.8366890380313199 0.4951923076923077 0.053691275167785234 0.1891025641025641
2 0.1331096196868009 0.3942307692307692 0.029082774049217 0.057692307692307696
2 0.2796420581655481 0.34615384615384615 0.017897091722595078 0.05128205128205128
2 0.3232662192393736 0.3701923076923077 0.024608501118568233 0.08012820512820513
2 0.34451901565995524 0.36217948717948717 0.026845637583892617 0.04487179487179487
2 0.37919463087248323 0.3525641025641026 0.029082774049217 0.05128205128205128
2 0.35906040268456374 0.421474358974359 0.020134228187919462 0.05448717948717949
2 0.3724832214765101 0.39903846153846156 0.015659955257270694 0.05448717948717949
2 0.08389261744966443 0.391025641025641 0.020134228187919462 0.05128205128205128
2 0.026845637583892617 0.3798076923076923 0.02237136465324385 0.041666666666666664
2 0.41946308724832215 0.38782051282051283 0.015659955257270694 0.038461538461538464
2 0.6577181208053692 0.3782051282051282 0.02237136465324385 0.0641025641025641
2 0.5973154362416108 0.42788461538461536 0.02237136465324385 0.09935897435897435
2 0.6051454138702461 0.3942307692307692 0.015659955257270694 0.038461538461538464
2 0.8243847874720358 0.391025641025641 0.024608501118568233 0.057692307692307696
2 0.7181208053691275 0.39903846153846156 0.017897091722595078 0.0673076923076923
2 0.930648769574944 0.4150641025641026 0.03131991051454139 0.08653846153846154
2 0.9865771812080537 0.421474358974359 0.02237136465324385 0.09294871794871795
2 0.9205816554809844 0.391025641025641 0.011185682326621925 0.038461538461538464
