0 0.0771484375 0.6671532846715329 0.068359375 0.24817518248175183
0 0.08447265625 0.6656934306569343 0.0556640625 0.2072992700729927
0 0.19921875 0.689051094890511 0.09375 0.34744525547445254
0 0.25390625 0.6664233576642336 0.09765625 0.35766423357664234
0 0.3046875 0.6722627737226278 0.09375 0.345985401459854
0 0.36376953125 0.67007299270073 0.0947265625 0.34744525547445254
0 0.42529296875 0.6693430656934306 0.0888671875 0.3284671532846715
0 0.5400390625 0.6795620437956205 0.083984375 0.3051094890510949
0 0.6005859375 0.6751824817518248 0.09375 0.34306569343065696
0 0.654296875 0.6854014598540146 0.09765625 0.35474452554744523
0 0.6923828125 0.6802919708029197 0.1015625 0.3708029197080292
0 0.7265625 0.6963503649635037 0.10546875 0.3854014598540146
0 0.765625 0.6693430656934306 0.109375 0.40145985401459855
0 0.8271484375 0.6678832116788321 0.119140625 0.4335766423357664
0 0.892578125 0.6547445255474452 0.0625 0.2321167883211679
0 0.91259765625 0.6605839416058394 0.0576171875 0.2116788321167883
0 0.94287109375 0.6583941605839416 0.0419921875 0.15766423357664233
0 0.947265625 0.6510948905109489 0.037109375 0.14014598540145987
0 0.966796875 0.4905109489051095 0.01953125 0.072992700729927
0 0.875 0.6635036496350365 0.05859375 0.2145985401459854
0 0.794921875 0.67007299270073 0.05859375 0.21605839416058395
0 0.86669921875 0.38467153284671535 0.0166015625 0.059854014598540145
0 0.8857421875 0.381021897810219 0.015625 0.058394160583941604
0 0.9677734375 0.47737226277372263 0.009765625 0.035036496350364967
0 0.83056640625 0.3905109489051095 0.0126953125 0.04525547445255475
0 0.068359375 0.4072992700729927 0.013671875 0.052554744525547446
0 0.078125 0.40364963503649637 0.015625 0.05693430656934306
0 0.0947265625 0.4029197080291971 0.013671875 0.052554744525547446
0 0.12548828125 0.4065693430656934 0.0126953125 0.04817518248175182
0 0.1171875 0.41094890510948906 0.01171875 0.042335766423357665
0 0.13671875 0.40364963503649637 0.013671875 0.051094890510948905
0 0.150390625 0.4051094890510949 0.013671875 0.051094890510948905
0 0.2421875 0.4145985401459854 0.015625 0.061313868613138686
0 0.18359375 0.43795620437956206 0.015625 0.058394160583941604
0 0.16064453125 0.4043795620437956 0.0107421875 0.043795620437956206
0 0.16845703125 0.4058394160583942 0.0146484375 0.052554744525547446
0 0.1787109375 0.4116788321167883 0.009765625 0.035036496350364967
0 0.11328125 0.4043795620437956 0.015625 0.058394160583941604
0 0.24951171875 0.4065693430656934 0.0107421875 0.042335766423357665
0 0.25537109375 0.41094890510948906 0.0107421875 0.042335766423357665
0 0.27099609375 0.4072992700729927 0.0126953125 0.049635036496350364
0 0.27978515625 0.40875912408759124 0.0126953125 0.04671532846715328
0 0.294921875 0.4 0.013671875 0.052554744525547446
0 0.31396484375 0.4 0.0126953125 0.049635036496350364
0 0.318359375 0.39854014598540144 0.013671875 0.05547445255474453
0 0.3720703125 0.39927007299270073 0.013671875 0.05401459854014599
0 0.361328125 0.40364963503649637 0.01171875 0.04525547445255475
0 0.3564453125 0.39927007299270073 0.015625 0.05693430656934306
0 0.34814453125 0.40145985401459855 0.0146484375 0.052554744525547446
0 0.337890625 0.4021897810218978 0.013671875 0.051094890510948905
0 0.38525390625 0.4 0.0126953125 0.049635036496350364
0 0.22265625 0.40875912408759124 0.009765625 0.040875912408759124
0 0.99169921875 0.4897810218978102 0.0166015625 0.06569343065693431
2 0.3388671875 0.5357664233576642 0.04296875 0.072992700729927
2 0.45263671875 0.5518248175182482 0.0244140625 0.061313868613138686
2 0.49267578125 0.5583941605839416 0.0634765625 0.10072992700729927
2 0.51513671875 0.5598540145985401 0.0205078125 0.033576642335766425
2 0.4716796875 0.5583941605839416 0.01953125 0.030656934306569343
2 0.21142578125 0.775912408759124 0.0595703125 0.2145985401459854
2 0.2685546875 0.7664233576642335 0.068359375 0.23065693430656933
2 0.322265625 0.7649635036496351 0.083984375 0.2364963503649635
2 0.39404296875 0.7656934306569343 0.0751953125 0.2671532846715328
2 0.46142578125 0.775912408759124 0.0712890625 0.23503649635036497
2 0.5146484375 0.7817518248175183 0.0546875 0.24379562043795622
2 0.5732421875 0.7978102189781022 0.078125 0.23503649635036497
2 0.64404296875 0.7817518248175183 0.0732421875 0.2583941605839416
2 0.8740234375 0.47956204379562045 0.021484375 0.033576642335766425
2 0.40673828125 0.564963503649635 0.0185546875 0.026277372262773723
2 0.4150390625 0.5554744525547445 0.013671875 0.027737226277372264
2 0.326171875 0.5525547445255474 0.013671875 0.024817518248175182
2 0.29736328125 0.5518248175182482 0.0107421875 0.02335766423357664
2 0.15625 0.6744525547445256 0.01953125 0.052554744525547446
2 0.9619140625 0.37737226277372266 0.009765625 0.01897810218978102
2 0.8369140625 0.39197080291970804 0.0078125 0.027737226277372264
2 0.79638671875 0.3613138686131387 0.0107421875 0.024817518248175182
2 0.80224609375 0.3686131386861314 0.0107421875 0.021897810218978103
3 0.93408203125 0.39927007299270073 0.0107421875 0.024817518248175182
3 0.94091796875 0.3963503649635037 0.0087890625 0.027737226277372264
4 0.89404296875 0.3875912408759124 0.0185546875 0.05401459854014599
4 0.85009765625 0.3897810218978102 0.0126953125 0.040875912408759124
4 0.8173828125 0.3722627737226277 0.01171875 0.03795620437956204
4 0.3369140625 0.40364963503649637 0.013671875 0.042335766423357665
4 0.3984375 0.40145985401459855 0.021484375 0.052554744525547446
4 0.19970703125 0.4065693430656934 0.0341796875 0.04817518248175182
4 0.10693359375 0.4058394160583942 0.0107421875 0.05547445255474453
