0 0.5066964285714286 0.6309523809523809 0.16517857142857142 0.7222222222222222
0 0.3627232142857143 0.5753968253968254 0.15401785714285715 0.6825396825396826
0 0.32700892857142855 0.48214285714285715 0.13616071428571427 0.5912698412698413
0 0.5770089285714286 0.29365079365079366 0.09151785714285714 0.3968253968253968
0 0.7087053571428571 0.2976190476190476 0.10044642857142858 0.4365079365079365
0 0.5111607142857143 0.2857142857142857 0.08482142857142858 0.373015873015873
0 0.42075892857142855 0.2857142857142857 0.08258928571428571 0.36507936507936506
0 0.22321428571428573 0.49206349206349204 0.06696428571428571 0.29365079365079366
0 0.140625 0.4027777777777778 0.09375 0.4166666666666667
0 0.05803571428571429 0.28174603174603174 0.08482142857142858 0.373015873015873
0 0.3002232142857143 0.2400793650793651 0.08258928571428571 0.3611111111111111
0 0.3828125 0.2698412698412698 0.078125 0.3412698412698413
0 0.24776785714285715 0.3392857142857143 0.049107142857142856 0.21825396825396826
2 0.03236607142857143 0.4503968253968254 0.06473214285714286 0.32142857142857145
2 0.37611607142857145 0.17857142857142858 0.033482142857142856 0.0873015873015873
2 0.359375 0.13095238095238096 0.03125 0.10317460317460317
2 0.27232142857142855 0.3115079365079365 0.04017857142857143 0.17857142857142858
2 0.31808035714285715 0.1527777777777778 0.033482142857142856 0.08333333333333333
2 0.06696428571428571 0.09325396825396826 0.05357142857142857 0.12301587301587301
2 0.10267857142857142 0.15674603174603174 0.04017857142857143 0.14682539682539683
2 0.15513392857142858 0.14484126984126985 0.05580357142857143 0.20238095238095238
2 0.23772321428571427 0.25 0.015625 0.07142857142857142
2 0.08816964285714286 0.35912698412698413 0.04241071428571429 0.25
