0 0.04416666666666667 0.6642011834319527 0.045 0.19822485207100593
0 0.11083333333333334 0.5532544378698225 0.041666666666666664 0.17751479289940827
0 0.14916666666666667 0.46153846153846156 0.035 0.15384615384615385
0 0.23166666666666666 0.6701183431952663 0.04666666666666667 0.20414201183431951
0 0.27 0.5443786982248521 0.04 0.17159763313609466
0 0.30083333333333334 0.45857988165680474 0.035 0.15976331360946747
0 0.4041666666666667 0.6568047337278107 0.04833333333333333 0.20710059171597633
0 0.4091666666666667 0.5443786982248521 0.041666666666666664 0.17751479289940827
0 0.415 0.4526627218934911 0.03666666666666667 0.16568047337278108
0 0.5075 0.7840236686390533 0.055 0.23668639053254437
0 0.6016666666666667 0.6479289940828402 0.04666666666666667 0.20118343195266272
0 0.5708333333333333 0.5355029585798816 0.041666666666666664 0.17751479289940827
0 0.5616666666666666 0.4408284023668639 0.04 0.17159763313609466
0 0.6866666666666666 0.4378698224852071 0.03666666666666667 0.16568047337278108
0 0.7191666666666666 0.5310650887573964 0.041666666666666664 0.1804733727810651
0 0.7733333333333333 0.643491124260355 0.04666666666666667 0.21005917159763313
0 0.82 0.4452662721893491 0.03666666666666667 0.15680473372781065
0 0.88 0.5369822485207101 0.04 0.1804733727810651
0 0.9441666666666667 0.6346153846153846 0.045 0.19230769230769232
3 0.07916666666666666 0.2588757396449704 0.035 0.06804733727810651
3 0.32 0.2470414201183432 0.05333333333333334 0.09171597633136094
3 0.4075 0.2485207100591716 0.058333333333333334 0.07692307692307693
3 0.4658333333333333 0.2440828402366864 0.035 0.07988165680473373
3 0.5783333333333334 0.26479289940828404 0.03333333333333333 0.04437869822485207
3 0.615 0.23964497041420119 0.04 0.08875739644970414
3 0.6466666666666666 0.257396449704142 0.03 0.05917159763313609
3 0.7091666666666666 0.23964497041420119 0.025 0.08284023668639054
3 0.73 0.2470414201183432 0.016666666666666666 0.06804733727810651
3 0.7441666666666666 0.24260355029585798 0.018333333333333333 0.08284023668639054
3 0.7566666666666667 0.2470414201183432 0.016666666666666666 0.07988165680473373
3 0.7666666666666667 0.25 0.02666666666666667 0.0621301775147929
3 0.78 0.23520710059171598 0.03 0.08579881656804733
3 0.8116666666666666 0.25 0.03333333333333333 0.05621301775147929
3 0.7258333333333333 0.15088757396449703 0.03833333333333333 0.0650887573964497
3 0.5283333333333333 0.15828402366863906 0.04 0.06804733727810651
3 0.5466666666666666 0.23964497041420119 0.03 0.07692307692307693
3 0.4625 0.16420118343195267 0.025 0.05621301775147929
3 0.46416666666666667 0.13609467455621302 0.018333333333333333 0.04142011834319527
3 0.6575 0.15680473372781065 0.025 0.05325443786982249
3 0.6625 0.13313609467455623 0.021666666666666667 0.04142011834319527
3 0.47833333333333333 0.16272189349112426 0.023333333333333334 0.05917159763313609
3 0.6758333333333333 0.15236686390532544 0.021666666666666667 0.0621301775147929
