0 0.9618181818181818 0.8136986301369863 0.06545454545454546 0.2410958904109589
0 0.9645454545454546 0.6397260273972603 0.04909090909090909 0.18356164383561643
0 0.9218181818181819 0.5616438356164384 0.04727272727272727 0.17534246575342466
0 0.9072727272727272 0.7164383561643836 0.04727272727272727 0.18356164383561643
0 0.87 0.6027397260273972 0.045454545454545456 0.1643835616438356
0 0.7718181818181818 0.673972602739726 0.045454545454545456 0.16986301369863013
0 0.7945454545454546 0.6397260273972603 0.04363636363636364 0.16712328767123288
0 0.7181818181818181 0.6356164383561644 0.04363636363636364 0.16986301369863013
0 0.6736363636363636 0.6273972602739726 0.045454545454545456 0.17534246575342466
0 0.6372727272727273 0.6328767123287671 0.045454545454545456 0.16986301369863013
0 0.6036363636363636 0.6315068493150685 0.04363636363636364 0.16712328767123288
0 0.5645454545454546 0.6273972602739726 0.045454545454545456 0.16986301369863013
0 0.5290909090909091 0.6273972602739726 0.04363636363636364 0.1643835616438356
0 0.49272727272727274 0.6246575342465753 0.04363636363636364 0.16986301369863013
0 0.45545454545454545 0.6232876712328768 0.04909090909090909 0.1780821917808219
0 0.42 0.6273972602739726 0.04727272727272727 0.18082191780821918
0 0.37545454545454543 0.626027397260274 0.045454545454545456 0.1726027397260274
0 0.3427272727272727 0.6232876712328768 0.04909090909090909 0.1780821917808219
0 0.2990909090909091 0.6219178082191781 0.045454545454545456 0.17534246575342466
0 0.017272727272727273 0.6493150684931507 0.034545454545454546 0.1917808219178082
0 0.09 0.6246575342465753 0.045454545454545456 0.17534246575342466
0 0.1409090909090909 0.6219178082191781 0.045454545454545456 0.1643835616438356
0 0.1590909090909091 0.5780821917808219 0.04181818181818182 0.1589041095890411
0 0.2081818181818182 0.5616438356164384 0.04181818181818182 0.15342465753424658
0 0.26272727272727275 0.5465753424657535 0.04181818181818182 0.15616438356164383
0 0.31363636363636366 0.5287671232876713 0.038181818181818185 0.14794520547945206
0 0.36363636363636365 0.5082191780821917 0.03636363636363636 0.13972602739726028
0 0.25363636363636366 0.5246575342465754 0.038181818181818185 0.1506849315068493
0 0.2081818181818182 0.5424657534246575 0.04181818181818182 0.15342465753424658
0 0.8954545454545455 0.5821917808219178 0.04181818181818182 0.15616438356164383
0 0.8281818181818181 0.5602739726027397 0.04181818181818182 0.16164383561643836
0 0.8009090909090909 0.5342465753424658 0.038181818181818185 0.14794520547945206
0 0.7763636363636364 0.5273972602739726 0.04 0.15616438356164383
0 0.7345454545454545 0.510958904109589 0.03636363636363636 0.13972602739726028
0 0.7354545454545455 0.4931506849315068 0.038181818181818185 0.14794520547945206
0 0.850909090909091 0.541095890410959 0.04 0.1506849315068493
0 0.87 0.5657534246575342 0.038181818181818185 0.1506849315068493
2 0.6727272727272727 0.5438356164383562 0.02181818181818182 0.052054794520547946
2 0.79 0.5534246575342465 0.012727272727272728 0.049315068493150684
2 0.14909090909090908 0.5123287671232877 0.02909090909090909 0.08767123287671233
2 0.31636363636363635 0.4643835616438356 0.03636363636363636 0.06301369863013699
2 0.3609090909090909 0.44931506849315067 0.02 0.0547945205479452
2 0.8163636363636364 0.473972602739726 0.01818181818181818 0.0547945205479452
2 0.8845454545454545 0.5068493150684932 0.023636363636363636 0.07123287671232877
2 0.7872727272727272 0.4657534246575342 0.02909090909090909 0.06575342465753424
