0 0.0234375 0.6100702576112412 0.046875 0.28805620608899296
0 0.06640625 0.5901639344262295 0.0453125 0.17330210772833723
0 0.1015625 0.5960187353629977 0.0625 0.23185011709601874
0 0.2328125 0.5714285714285714 0.053125 0.1920374707259953
0 0.33515625 0.5702576112412178 0.0546875 0.1990632318501171
0 0.32578125 0.5573770491803278 0.0546875 0.20140515222482436
0 0.784375 0.509367681498829 0.040625 0.14754098360655737
0 0.90546875 0.5245901639344263 0.0953125 0.351288056206089
0 0.51171875 0.5433255269320844 0.0609375 0.22482435597189696
0 0.50703125 0.5292740046838408 0.0609375 0.22482435597189696
2 0.3484375 0.6182669789227166 0.125 0.18266978922716628
2 0.1890625 0.5995316159250585 0.0375 0.13114754098360656
2 0.62578125 0.5960187353629977 0.0953125 0.18032786885245902
2 0.69453125 0.4203747072599532 0.0796875 0.08665105386416862
2 0.7828125 0.6311475409836066 0.121875 0.3161592505854801
2 0.1890625 0.5866510538641686 0.034375 0.06323185011709602
2 0.62890625 0.4765807962529274 0.0421875 0.09601873536299765
