0 0.4483333333333333 0.5705202312138729 0.44666666666666666 0.7572254335260116
0 0.29083333333333333 0.48786127167630056 0.2683333333333333 0.4578034682080925
0 0.22666666666666666 0.4838150289017341 0.22666666666666666 0.38265895953757223
0 0.6783333333333333 0.44046242774566474 0.15666666666666668 0.2658959537572254
0 0.9508333333333333 0.43872832369942194 0.09833333333333333 0.24624277456647398
0 0.8633333333333333 0.4023121387283237 0.10666666666666667 0.18034682080924855
0 0.8066666666666666 0.4092485549132948 0.09 0.15260115606936417
0 0.7783333333333333 0.41040462427745666 0.09333333333333334 0.16184971098265896
0 0.7383333333333333 0.3855491329479769 0.08333333333333333 0.14450867052023122
0 0.6041666666666666 0.3976878612716763 0.105 0.17803468208092485
0 0.9166666666666666 0.392485549132948 0.06666666666666667 0.11676300578034682
0 0.14583333333333334 0.4283236994219653 0.14166666666666666 0.24393063583815028
0 0.07166666666666667 0.43179190751445085 0.13333333333333333 0.2277456647398844
0 0.051666666666666666 0.4254335260115607 0.10333333333333333 0.19884393063583816
0 0.11833333333333333 0.42485549132947975 0.13 0.223121387283237
0 0.025 0.3976878612716763 0.05 0.16416184971098266
2 0.9483333333333334 0.34104046242774566 0.03666666666666667 0.04161849710982659
2 0.0725 0.31040462427745663 0.025 0.024277456647398842
2 0.09416666666666666 0.31213872832369943 0.03166666666666667 0.020809248554913295
2 0.0525 0.31445086705202313 0.025 0.020809248554913295
2 0.024166666666666666 0.3242774566473988 0.03166666666666667 0.024277456647398842
