0 0.7936708860759494 0.6425855513307985 0.189873417721519 0.6996197718631179
0 0.9075949367088607 0.5522813688212928 0.07341772151898734 0.27566539923954375
0 0.9651898734177216 0.5304182509505704 0.0620253164556962 0.23193916349809887
0 0.6860759493670886 0.5598859315589354 0.05063291139240506 0.188212927756654
0 0.7373417721518988 0.6102661596958175 0.04177215189873418 0.1520912547528517
0 0.7056962025316456 0.5693916349809885 0.05443037974683544 0.19961977186311788
0 0.6563291139240506 0.5722433460076045 0.05443037974683544 0.20152091254752852
0 0.6341772151898735 0.5570342205323194 0.053164556962025315 0.19391634980988592
0 0.6208860759493671 0.5779467680608364 0.05443037974683544 0.20532319391634982
0 0.5936708860759494 0.5836501901140685 0.053164556962025315 0.19771863117870722
0 0.5702531645569621 0.5950570342205324 0.05949367088607595 0.22433460076045628
0 0.5556962025316455 0.5846007604562737 0.05569620253164557 0.20342205323193915
0 0.5449367088607595 0.5931558935361216 0.0670886075949367 0.2509505703422053
0 0.5360759493670886 0.5779467680608364 0.0620253164556962 0.22813688212927757
0 0.4936708860759494 0.6169201520912547 0.06582278481012659 0.24524714828897337
0 0.49936708860759493 0.594106463878327 0.0620253164556962 0.2338403041825095
0 0.4506329113924051 0.6216730038022814 0.07848101265822785 0.2889733840304182
0 0.41139240506329117 0.5817490494296578 0.05822784810126582 0.21292775665399238
0 0.3911392405063291 0.6302281368821293 0.0810126582278481 0.30228136882129275
0 0.3651898734177215 0.6454372623574145 0.08227848101265822 0.3060836501901141
0 0.28860759493670884 0.6520912547528517 0.09873417721518987 0.3688212927756654
0 0.20443037974683545 0.6692015209125475 0.10506329113924051 0.3840304182509506
0 0.0949367088607595 0.7214828897338403 0.1518987341772152 0.5570342205323194
0 0.12025316455696203 0.7034220532319392 0.1291139240506329 0.4752851711026616
0 0.8772151898734177 0.5456273764258555 0.06582278481012659 0.24334600760456274
2 0.7316455696202532 0.470532319391635 0.015189873417721518 0.03231939163498099
2 0.4278481012658228 0.5 0.02278481012658228 0.045627376425855515
2 0.4670886075949367 0.5095057034220533 0.02531645569620253 0.060836501901140684
2 0.018354430379746836 0.5285171102661597 0.021518987341772152 0.057034220532319393
2 0.06265822784810127 0.5 0.021518987341772152 0.03802281368821293
3 0.22531645569620254 0.9534220532319392 0.035443037974683546 0.03612167300380228
3 0.45949367088607596 0.8745247148288974 0.08607594936708861 0.11026615969581749
3 0.43227848101265826 0.935361216730038 0.04430379746835443 0.045627376425855515
3 0.32151898734177214 0.8982889733840305 0.043037974683544304 0.043726235741444866
3 0.29050632911392404 0.967680608365019 0.039240506329113925 0.053231939163498096
3 0.3639240506329114 0.9258555133079848 0.04430379746835443 0.057034220532319393
3 0.3265822784810127 0.9467680608365019 0.05063291139240506 0.053231939163498096
3 0.2727848101265823 0.9201520912547528 0.04177215189873418 0.045627376425855515
3 0.36835443037974686 0.9809885931558935 0.043037974683544304 0.034220532319391636
