0 0.5686567164179105 0.493 0.41492537313432837 0.678
0 0.10298507462686567 0.271 0.050746268656716415 0.086
0 0.12985074626865672 0.277 0.03880597014925373 0.07
0 0.18059701492537314 0.274 0.050746268656716415 0.084
0 0.26865671641791045 0.271 0.05373134328358209 0.094
0 0.3208955223880597 0.267 0.050746268656716415 0.09
0 0.43134328358208956 0.284 0.06865671641791045 0.112
0 0.7850746268656716 0.276 0.06567164179104477 0.108
0 0.8119402985074626 0.265 0.041791044776119404 0.074
0 0.8388059701492537 0.27 0.041791044776119404 0.072
0 0.8820895522388059 0.27 0.056716417910447764 0.1
0 0.9388059701492537 0.291 0.08059701492537313 0.134
0 0.9164179104477612 0.273 0.06567164179104477 0.106
0 0.6791044776119403 0.282 0.0626865671641791 0.104
0 0.7014925373134329 0.27 0.05373134328358209 0.088
0 0.7194029850746269 0.264 0.041791044776119404 0.072
0 0.5074626865671642 0.255 0.029850746268656716 0.054
0 0.3522388059701492 0.251 0.023880597014925373 0.042
0 0.48656716417910445 0.253 0.023880597014925373 0.046
0 0.6268656716417911 0.26 0.03582089552238806 0.06
2 0.5776119402985075 0.074 0.020895522388059702 0.024
4 0.22238805970149253 0.259 0.408955223880597 0.062
4 0.46417910447761196 0.25 0.03880597014925373 0.04
4 0.5238805970149254 0.255 0.026865671641791045 0.046
