0 0.03916666666666667 0.4575 0.07833333333333334 0.355
0 0.15666666666666668 0.5025 0.12333333333333334 0.46
0 0.0775 0.39625 0.021666666666666667 0.0825
0 0.19583333333333333 0.43625 0.051666666666666666 0.1975
0 0.265 0.48875 0.1 0.3675
0 0.32916666666666666 0.4325 0.06833333333333333 0.255
0 0.57 0.5 0.12666666666666668 0.47
0 0.6575 0.50625 0.17833333333333334 0.6575
0 0.7258333333333333 0.4775 0.12166666666666667 0.445
0 0.79 0.565 0.19666666666666666 0.72
0 0.8925 0.45125 0.115 0.4225
0 0.9283333333333333 0.50875 0.14333333333333334 0.5875
0 0.9441666666666667 0.63 0.11166666666666666 0.66
2 0.6116666666666667 0.29125 0.03666666666666667 0.0675
2 0.495 0.3575 0.056666666666666664 0.175
2 0.4583333333333333 0.29125 0.03333333333333333 0.0675
2 0.3575 0.30375 0.045 0.0725
2 0.4066666666666667 0.365 0.07333333333333333 0.24
2 0.24 0.3425 0.02666666666666667 0.04
2 0.8433333333333334 0.2975 0.03 0.075
