0 0.11727272727272728 0.558303886925795 0.10727272727272727 0.508833922261484
0 0.08727272727272728 0.5901060070671378 0.08363636363636363 0.3957597173144876
0 0.2809090909090909 0.568904593639576 0.08545454545454545 0.4098939929328622
0 0.3409090909090909 0.5530035335689046 0.07454545454545454 0.3568904593639576
0 0.36727272727272725 0.5706713780918727 0.06181818181818182 0.3003533568904594
0 0.39636363636363636 0.5724381625441696 0.05454545454545454 0.26855123674911663
0 0.4263636363636364 0.5636042402826855 0.0890909090909091 0.4275618374558304
0 0.4636363636363636 0.5618374558303887 0.07636363636363637 0.36042402826855124
0 0.5018181818181818 0.5918727915194346 0.05090909090909091 0.2508833922261484
0 0.4827272727272727 0.568904593639576 0.06 0.2968197879858657
0 0.6054545454545455 0.5547703180212014 0.11636363636363636 0.558303886925795
0 0.6772727272727272 0.568904593639576 0.10363636363636364 0.49469964664310956
0 0.7445454545454545 0.5742049469964664 0.0890909090909091 0.4275618374558304
0 0.79 0.5759717314487632 0.07818181818181819 0.3745583038869258
0 0.8336363636363636 0.568904593639576 0.07454545454545454 0.35335689045936397
0 0.8772727272727273 0.5759717314487632 0.06727272727272728 0.3250883392226148
0 0.9063636363636364 0.5742049469964664 0.06363636363636363 0.30742049469964666
0 0.9363636363636364 0.5777385159010601 0.05818181818181818 0.2862190812720848
