0 0.03875 0.6659751037344398 0.0775 0.3941908713692946
0 0.09375 0.6327800829875518 0.0725 0.3029045643153527
0 0.13875 0.5684647302904564 0.0525 0.2157676348547718
0 0.18 0.578838174273859 0.055 0.22821576763485477
0 0.21625 0.7261410788381742 0.1125 0.45643153526970953
0 0.24875 0.6410788381742739 0.0825 0.34439834024896265
0 0.3225 0.5954356846473029 0.06 0.25311203319502074
0 0.42 0.6597510373443983 0.09 0.3651452282157676
0 0.465 0.5995850622406639 0.065 0.27800829875518673
0 0.55375 0.6348547717842323 0.0775 0.3153526970954357
0 0.52375 0.5933609958506224 0.0575 0.24066390041493776
2 0.975 0.47717842323651455 0.03 0.07468879668049792
2 0.94125 0.483402489626556 0.0375 0.08713692946058091
2 0.62625 0.491701244813278 0.0375 0.0954356846473029
2 0.66625 0.4979253112033195 0.0375 0.0912863070539419
4 0.63125 0.533195020746888 0.7325 0.23651452282157676
