0 0.09029850746268657 0.6133200795228628 0.10298507462686567 0.3359840954274354
0 0.13955223880597015 0.6302186878727635 0.0880597014925373 0.28628230616302186
0 0.1917910447761194 0.6083499005964215 0.1 0.33001988071570576
0 0.28955223880597014 0.614314115308151 0.10149253731343283 0.33001988071570576
0 0.5365671641791044 0.5576540755467196 0.08208955223880597 0.27236580516898606
0 0.9462686567164179 0.5357852882703777 0.10746268656716418 0.5427435387673957
0 0.8873134328358209 0.5546719681908548 0.12388059701492538 0.40556660039761433
0 0.8104477611940298 0.5417495029821073 0.11343283582089553 0.3757455268389662
2 0.26343283582089555 0.4463220675944334 0.03731343283582089 0.04970178926441352
2 0.32611940298507464 0.4731610337972167 0.03731343283582089 0.04771371769383698
2 0.3880597014925373 0.44930417495029823 0.050746268656716415 0.09145129224652088
2 0.43208955223880596 0.4592445328031809 0.04029850746268657 0.06759443339960239
2 0.44776119402985076 0.41749502982107356 0.03582089552238806 0.07554671968190854
2 0.4992537313432836 0.43439363817097415 0.03134328358208955 0.06958250497017893
2 0.3649253731343284 0.6669980119284294 0.09104477611940298 0.24453280318091453
2 0.46044776119402986 0.6739562624254473 0.11194029850746269 0.24254473161033796
2 0.5529850746268656 0.4393638170974155 0.028358208955223882 0.0437375745526839
2 0.5828358208955224 0.40656063618290256 0.025373134328358207 0.03777335984095427
2 0.5985074626865672 0.44433399602385687 0.023880597014925373 0.041749502982107355
2 0.5955223880597015 0.48807157057654077 0.03880597014925373 0.05765407554671968
2 0.6582089552238806 0.3827037773359841 0.03582089552238806 0.06958250497017893
2 0.7492537313432835 0.39065606361829025 0.04477611940298507 0.06560636182902585
2 0.7052238805970149 0.4095427435387674 0.025373134328358207 0.05168986083499006
2 0.7067164179104478 0.48807157057654077 0.0791044776119403 0.11332007952286283
2 0.8485074626865672 0.3976143141153082 0.04029850746268657 0.05168986083499006
