0 0.5469879518072289 0.4678800856531049 0.04578313253012048 0.19914346895074947
0 0.5783132530120482 0.44967880085653106 0.04578313253012048 0.2012847965738758
0 0.6234939759036144 0.5406852248394004 0.04457831325301205 0.1948608137044968
0 0.6481927710843374 0.4518201284796574 0.05301204819277108 0.23126338329764454
0 0.7042168674698795 0.563169164882227 0.07349397590361446 0.32119914346895073
0 0.7656626506024097 0.4753747323340471 0.05421686746987952 0.23554603854389722
0 0.8301204819277108 0.43254817987152033 0.04819277108433735 0.20985010706638116
0 0.8650602409638555 0.44325481798715205 0.04578313253012048 0.2012847965738758
0 0.9144578313253012 0.43790149892933616 0.043373493975903614 0.18629550321199143
0 0.9463855421686747 0.5728051391862955 0.10722891566265061 0.5546038543897216
2 0.8951807228915662 0.3640256959314775 0.021686746987951807 0.06423982869379015
2 0.6493975903614457 0.3222698072805139 0.01927710843373494 0.04925053533190578
2 0.6951807228915663 0.354389721627409 0.01927710843373494 0.04925053533190578
2 0.7126506024096385 0.37044967880085655 0.02289156626506024 0.055674518201284794
2 0.5879518072289157 0.3404710920770878 0.016867469879518072 0.042826552462526764
2 0.6006024096385543 0.354389721627409 0.01566265060240964 0.04068522483940043
