0 0.2 0.602996254681648 0.15 0.5543071161048689
0 0.46625 0.5028089887640449 0.0825 0.3052434456928839
0 0.04875 0.4756554307116105 0.075 0.27715355805243447
0 0.623125 0.45224719101123595 0.05375 0.20037453183520598
0 0.65875 0.45224719101123595 0.06 0.22284644194756553
0 0.700625 0.47752808988764045 0.05625 0.20973782771535582
0 0.733125 0.4887640449438202 0.08375 0.30711610486891383
0 0.760625 0.4700374531835206 0.07875 0.29213483146067415
0 0.81125 0.5 0.0825 0.299625468164794
0 0.84625 0.49063670411985016 0.08 0.29213483146067415
0 0.854375 0.5617977528089888 0.05375 0.19850187265917604
0 0.8975 0.5299625468164794 0.0825 0.30337078651685395
0 0.929375 0.5215355805243446 0.09375 0.34269662921348315
0 0.959375 0.5402621722846442 0.08125 0.36142322097378277
0 0.28875 0.42696629213483145 0.0375 0.14232209737827714
0 0.319375 0.4204119850187266 0.04125 0.15543071161048688
0 0.365 0.4232209737827715 0.04 0.14606741573033707
0 0.389375 0.45224719101123595 0.02375 0.08801498127340825
0 0.394375 0.4166666666666667 0.03875 0.14794007490636704
0 0.08875 0.4616104868913858 0.0625 0.2340823970037453
2 0.235 0.3202247191011236 0.0575 0.10861423220973783
2 0.490625 0.3398876404494382 0.03625 0.07303370786516854
2 0.955 0.34269662921348315 0.03 0.056179775280898875
2 0.990625 0.38857677902621723 0.01875 0.054307116104868915
2 0.703125 0.3548689138576779 0.02375 0.03932584269662921
2 0.38 0.3529962546816479 0.02 0.03932584269662921
2 0.419375 0.3539325842696629 0.02375 0.056179775280898875
2 0.451875 0.34363295880149813 0.01625 0.028089887640449437
2 0.304375 0.3595505617977528 0.01375 0.03745318352059925
2 0.27125 0.33707865168539325 0.0125 0.033707865168539325
2 0.670625 0.37640449438202245 0.01625 0.0299625468164794
2 0.880625 0.34925093632958804 0.03125 0.05056179775280899
2 0.075625 0.3661048689138577 0.03125 0.05056179775280899
2 0.07375 0.3211610486891386 0.0225 0.04307116104868914
2 0.019375 0.351123595505618 0.03125 0.05805243445692884
4 0.30625 0.43726591760299627 0.6 0.29775280898876405
4 0.756875 0.5037453183520599 0.30875 0.3970037453183521
