0 0.057272727272727274 0.41260744985673353 0.045454545454545456 0.17191977077363896
0 0.08272727272727273 0.38825214899713467 0.038181818181818185 0.14613180515759314
0 0.11727272727272728 0.3982808022922636 0.04181818181818182 0.16045845272206305
0 0.14272727272727273 0.41117478510028654 0.045454545454545456 0.17478510028653296
0 0.1990909090909091 0.4699140401146132 0.1290909090909091 0.498567335243553
0 0.30454545454545456 0.4068767908309456 0.04909090909090909 0.18911174785100288
0 0.3481818181818182 0.41117478510028654 0.04181818181818182 0.16905444126074498
0 0.38545454545454544 0.4383954154727794 0.06909090909090909 0.27507163323782235
0 0.4218181818181818 0.45702005730659023 0.08363636363636363 0.3237822349570201
0 0.45636363636363636 0.5085959885386819 0.11636363636363636 0.4498567335243553
0 0.5563636363636364 0.5487106017191977 0.13090909090909092 0.501432664756447
0 0.6272727272727273 0.47564469914040114 0.09090909090909091 0.3495702005730659
0 0.6972727272727273 0.40974212034383956 0.03090909090909091 0.12034383954154727
0 0.769090909090909 0.4484240687679083 0.05818181818181818 0.23209169054441262
0 0.85 0.5157593123209169 0.10727272727272727 0.4183381088825215
0 0.95 0.4297994269340974 0.034545454545454546 0.1318051575931232
0 0.9354545454545454 0.42406876790830944 0.02727272727272727 0.11461318051575932
0 0.9090909090909091 0.40974212034383956 0.02909090909090909 0.12034383954154727
