0 0.04143126177024482 0.6061776061776062 0.08286252354048965 0.7644787644787645
0 0.0903954802259887 0.6245173745173745 0.14500941619585686 0.7239382239382239
0 0.1393596986817326 0.5357142857142857 0.1393596986817326 0.7007722007722008
0 0.2024482109227872 0.6052123552123552 0.15630885122410546 0.7857142857142857
0 0.2580037664783427 0.5733590733590733 0.1167608286252354 0.5907335907335908
0 0.2829566854990584 0.47104247104247104 0.1064030131826742 0.5366795366795367
0 0.32015065913371 0.39864864864864863 0.08662900188323917 0.43822393822393824
0 0.3742937853107345 0.6013513513513513 0.10263653483992467 0.5154440154440154
0 0.3714689265536723 0.6361003861003861 0.10263653483992467 0.5193050193050193
0 0.4020715630885122 0.7992277992277992 0.07532956685499058 0.3783783783783784
0 0.4919962335216573 0.6428571428571429 0.09133709981167608 0.46332046332046334
0 0.4505649717514124 0.5945945945945946 0.08757062146892655 0.444015444015444
0 0.4350282485875706 0.4314671814671815 0.08286252354048965 0.41505791505791506
0 0.4030131826741996 0.3532818532818533 0.06779661016949153 0.3436293436293436
0 0.5484934086629002 0.3001930501930502 0.07627118644067797 0.38803088803088803
0 0.5037664783427496 0.38996138996138996 0.07909604519774012 0.4015444015444015
0 0.6106403013182674 0.16891891891891891 0.06685499058380415 0.333976833976834
0 0.5696798493408662 0.5656370656370656 0.07156308851224105 0.36293436293436293
0 0.5941619585687382 0.5617760617760618 0.09227871939736347 0.46332046332046334
0 0.6911487758945386 0.5878378378378378 0.09227871939736347 0.46525096525096526
0 0.7198681732580038 0.6747104247104247 0.11581920903954802 0.584942084942085
0 0.5117702448210922 0.16023166023166024 0.05555555555555555 0.28185328185328185
2 0.6487758945386064 0.9044401544401545 0.0903954802259887 0.1718146718146718
2 0.8677024482109228 0.4613899613899614 0.04990583804143126 0.1274131274131274
2 0.5597928436911488 0.0637065637065637 0.03672316384180791 0.07722007722007722
2 0.442090395480226 0.027992277992277992 0.03295668549905838 0.052123552123552123
2 0.4378531073446328 0.08301158301158301 0.03954802259887006 0.06563706563706563
2 0.4001883239171375 0.0916988416988417 0.026365348399246705 0.059845559845559844
2 0.3907721280602637 0.13320463320463322 0.03389830508474576 0.06563706563706563
2 0.4317325800376648 0.15154440154440155 0.031073446327683617 0.06756756756756757
2 0.3159133709981168 0.12355212355212356 0.031073446327683617 0.0694980694980695
2 0.2970809792843691 0.15926640926640925 0.023540489642184557 0.059845559845559844
2 0.3319209039548023 0.03957528957528957 0.027306967984934087 0.0637065637065637
2 0.3050847457627119 0.01833976833976834 0.026365348399246705 0.032818532818532815
2 0.3568738229755179 0.041505791505791506 0.02448210922787194 0.055984555984555984
2 0.384180790960452 0.02027027027027027 0.026365348399246705 0.03667953667953668
2 0.2867231638418079 0.07818532818532818 0.02919020715630885 0.06756756756756757
2 0.2749529190207156 0.029922779922779922 0.02448210922787194 0.04054054054054054
2 0.23728813559322035 0.05308880308880309 0.022598870056497175 0.052123552123552123
2 0.2382297551789077 0.09652509652509653 0.03389830508474576 0.05405405405405406
2 0.2071563088512241 0.12548262548262548 0.026365348399246705 0.08494208494208494
2 0.1756120527306968 0.10617760617760617 0.02919020715630885 0.06563706563706563
2 0.17749529190207156 0.0444015444015444 0.027306967984934087 0.05019305019305019
2 0.153954802259887 0.03667953667953668 0.023540489642184557 0.06177606177606178
2 0.121939736346516 0.0888030888030888 0.02919020715630885 0.08108108108108109
2 0.2702448210922787 0.1640926640926641 0.02824858757062147 0.05405405405405406
2 0.22080979284369115 0.17471042471042472 0.027306967984934087 0.059845559845559844
