0 0.05799373040752351 0.6050955414012739 0.11598746081504702 0.416135881104034
0 0.27664576802507834 0.6963906581740976 0.17398119122257052 0.5817409766454352
0 0.3824451410658307 0.6008492569002123 0.12539184952978055 0.416135881104034
0 0.524294670846395 0.5212314225053079 0.07993730407523511 0.2653927813163482
0 0.6246081504702194 0.7123142250530785 0.17084639498432602 0.5668789808917197
2 0.8166144200626959 0.7399150743099787 0.26959247648902823 0.4394904458598726
2 0.15282131661442006 0.7186836518046709 0.26489028213166144 0.5159235668789809
2 0.822884012539185 0.39490445859872614 0.047021943573667714 0.09341825902335456
3 0.15752351097178682 0.37048832271762205 0.023510971786833857 0.044585987261146494
3 0.2139498432601881 0.40976645435244163 0.03918495297805643 0.15286624203821655
3 0.18181818181818182 0.42462845010615713 0.034482758620689655 0.14012738853503184
3 0.4898119122257053 0.3481953290870488 0.02037617554858934 0.03397027600849257
3 0.5047021943573667 0.35774946921443734 0.018808777429467086 0.03184713375796178
3 0.49686520376175547 0.386411889596603 0.025078369905956112 0.050955414012738856
3 0.5893416927899686 0.39490445859872614 0.04075235109717868 0.12314225053078556
3 0.6316614420062696 0.37579617834394907 0.02821316614420063 0.06369426751592357
3 0.6700626959247649 0.39384288747346075 0.023510971786833857 0.11677282377919321
3 0.700626959247649 0.40870488322717624 0.03134796238244514 0.13800424628450106
3 0.7304075235109718 0.43630573248407645 0.047021943573667714 0.18471337579617833
3 0.7836990595611285 0.3970276008492569 0.03761755485893417 0.11889596602972399
3 0.9106583072100314 0.4023354564755839 0.03134796238244514 0.1464968152866242
3 0.945141065830721 0.41932059447983017 0.03134796238244514 0.13800424628450106
3 0.963166144200627 0.3874734607218684 0.02037617554858934 0.09978768577494693
3 0.8761755485893417 0.3503184713375796 0.034482758620689655 0.04246284501061571
