0 0.3408333333333333 0.5977443609022557 0.21833333333333332 0.7994987468671679
0 0.5758333333333333 0.5964912280701754 0.20166666666666666 0.7418546365914787
0 0.7133333333333334 0.5137844611528822 0.16666666666666666 0.6165413533834586
0 0.7833333333333333 0.39473684210526316 0.10333333333333333 0.38847117794486213
0 0.8191666666666667 0.5739348370927319 0.155 0.5764411027568922
0 0.8916666666666667 0.6378446115288221 0.19333333333333333 0.7092731829573935
0 0.09916666666666667 0.38596491228070173 0.105 0.38596491228070173
0 0.18 0.424812030075188 0.09 0.3383458646616541
0 0.18083333333333335 0.23934837092731828 0.008333333333333333 0.03258145363408521
0 0.22 0.36466165413533835 0.09 0.3283208020050125
2 0.42 0.39724310776942356 0.07333333333333333 0.2631578947368421
2 0.5291666666666667 0.29949874686716793 0.055 0.10776942355889724
2 0.6383333333333333 0.3082706766917293 0.043333333333333335 0.13533834586466165
2 0.685 0.2819548872180451 0.03666666666666667 0.05764411027568922
