0 0.07090909090909091 0.6920980926430518 0.06181818181818182 0.23433242506811988
0 0.15363636363636363 0.6444141689373297 0.023636363636363636 0.08446866485013624
0 0.19727272727272727 0.6444141689373297 0.02727272727272727 0.10626702997275204
0 0.20909090909090908 0.667574931880109 0.02909090909090909 0.11444141689373297
0 0.2309090909090909 0.6716621253405994 0.02909090909090909 0.11171662125340599
0 0.2681818181818182 0.6716621253405994 0.038181818181818185 0.13896457765667575
0 0.31272727272727274 0.6948228882833788 0.04 0.15258855585831063
0 0.33636363636363636 0.6553133514986376 0.03272727272727273 0.1226158038147139
0 0.3518181818181818 0.6948228882833788 0.045454545454545456 0.17438692098092642
0 0.41 0.670299727520436 0.04181818181818182 0.15258855585831063
0 0.4309090909090909 0.7138964577656676 0.05090909090909091 0.18528610354223432
0 0.5018181818181818 0.6839237057220708 0.05090909090909091 0.18528610354223432
0 0.5227272727272727 0.6771117166212534 0.034545454545454546 0.1335149863760218
0 0.5454545454545454 0.7247956403269755 0.05818181818181818 0.21798365122615804
0 0.5590909090909091 0.6852861035422343 0.045454545454545456 0.16621253405994552
0 0.6481818181818182 0.7370572207084468 0.06727272727272728 0.25340599455040874
0 0.7545454545454545 0.7166212534059946 0.06181818181818182 0.23433242506811988
0 0.7863636363636364 0.7643051771117166 0.0890909090909091 0.3242506811989101
0 0.8690909090909091 0.7329700272479565 0.06545454545454546 0.2452316076294278
0 0.8345454545454546 0.6852861035422343 0.04363636363636364 0.16076294277929154
0 0.89 0.6457765667574932 0.045454545454545456 0.16348773841961853
0 0.9472727272727273 0.6471389645776566 0.04363636363636364 0.16621253405994552
