0 0.0644927536231884 0.532608695652174 0.04782608695652174 0.1782608695652174
0 0.02246376811594203 0.45 0.042028985507246375 0.1565217391304348
0 0.12536231884057972 0.5521739130434783 0.05652173913043478 0.20869565217391303
0 0.1826086956521739 0.5097826086956522 0.057971014492753624 0.2108695652173913
0 0.21666666666666667 0.47608695652173916 0.0391304347826087 0.14347826086956522
0 0.2855072463768116 0.44782608695652176 0.05507246376811594 0.20434782608695654
0 0.2688405797101449 0.3934782608695652 0.04782608695652174 0.1826086956521739
0 0.3355072463768116 0.4108695652173913 0.04782608695652174 0.1782608695652174
0 0.33115942028985507 0.2956521739130435 0.030434782608695653 0.11304347826086956
0 0.3753623188405797 0.3108695652173913 0.034782608695652174 0.13478260869565217
0 0.38768115942028986 0.3673913043478261 0.036231884057971016 0.13478260869565217
0 0.4036231884057971 0.30869565217391304 0.036231884057971016 0.13043478260869565
0 0.42536231884057973 0.24021739130434783 0.02753623188405797 0.10217391304347827
0 0.4318840579710145 0.33152173913043476 0.03768115942028986 0.13695652173913042
0 0.4528985507246377 0.2967391304347826 0.030434782608695653 0.1108695652173913
0 0.6123188405797102 0.2597826086956522 0.036231884057971016 0.13260869565217392
0 0.7471014492753624 0.2608695652173913 0.036231884057971016 0.13478260869565217
0 0.8152173913043478 0.275 0.030434782608695653 0.11956521739130435
0 0.9420289855072463 0.2793478260869565 0.034782608695652174 0.1282608695652174
2 0.9028985507246376 0.24782608695652175 0.03188405797101449 0.07391304347826087
2 0.8702898550724638 0.25 0.0391304347826087 0.07391304347826087
2 0.836231884057971 0.23695652173913043 0.020289855072463767 0.05217391304347826
2 0.6971014492753623 0.22717391304347825 0.028985507246376812 0.05
2 0.6702898550724637 0.22826086956521738 0.01884057971014493 0.05217391304347826
2 0.6492753623188405 0.22717391304347825 0.028985507246376812 0.04565217391304348
2 0.572463768115942 0.41847826086956524 0.13043478260869565 0.16304347826086957
2 0.5565217391304348 0.4815217391304348 0.11304347826086956 0.11521739130434783
2 0.5413043478260869 0.5652173913043478 0.1492753623188406 0.14782608695652175
2 0.44130434782608696 0.6326086956521739 0.16376811594202897 0.14347826086956522
2 0.3644927536231884 0.6782608695652174 0.1782608695652174 0.16521739130434782
2 0.1927536231884058 0.8065217391304348 0.23768115942028986 0.1565217391304348
2 0.03260869565217391 0.5847826086956521 0.0536231884057971 0.19130434782608696
2 0.12753623188405797 0.4076086956521739 0.03188405797101449 0.05
2 0.15797101449275364 0.42391304347826086 0.02608695652173913 0.05217391304347826
2 0.18405797101449275 0.3760869565217391 0.020289855072463767 0.043478260869565216
2 0.22608695652173913 0.375 0.02608695652173913 0.041304347826086954
2 0.2898550724637681 0.33043478260869563 0.020289855072463767 0.034782608695652174
2 0.7811594202898551 0.23043478260869565 0.02608695652173913 0.04782608695652174
