0 0.18833333333333332 0.68875 0.09 0.3275
0 0.34 0.5875 0.04666666666666667 0.18
0 0.2758333333333333 0.545 0.041666666666666664 0.15
0 0.22666666666666666 0.52875 0.03666666666666667 0.1425
0 0.37583333333333335 0.5725 0.04833333333333333 0.18
0 0.395 0.5575 0.04 0.155
0 0.4266666666666667 0.60625 0.03666666666666667 0.1375
0 0.43833333333333335 0.54625 0.043333333333333335 0.1575
0 0.4816666666666667 0.51125 0.03 0.1125
0 0.5316666666666666 0.64 0.06333333333333334 0.235
0 0.5775 0.70875 0.085 0.3175
0 0.6091666666666666 0.64125 0.051666666666666666 0.1875
0 0.7025 0.70125 0.08833333333333333 0.3325
0 0.7691666666666667 0.66875 0.08166666666666667 0.3025
0 0.8266666666666667 0.64125 0.06333333333333334 0.2375
0 0.31666666666666665 0.5375 0.043333333333333335 0.165
2 0.33916666666666667 0.885 0.11833333333333333 0.19
2 0.48 0.89625 0.11666666666666667 0.1825
2 0.965 0.525 0.05 0.11
2 0.8816666666666667 0.5175 0.03333333333333333 0.1
2 0.7591666666666667 0.49875 0.028333333333333332 0.0675
2 0.7291666666666666 0.4925 0.025 0.075
2 0.6991666666666667 0.46625 0.03166666666666667 0.0675
2 0.6675 0.4775 0.03166666666666667 0.065
2 0.6341666666666667 0.45875 0.025 0.0675
2 0.6075 0.50375 0.03833333333333333 0.0725
2 0.5441666666666667 0.5 0.03166666666666667 0.04
2 0.18333333333333332 0.48375 0.03666666666666667 0.0425
4 0.30833333333333335 0.44125 0.6033333333333334 0.2175
