0 0.43166666666666664 0.5037593984962406 0.023333333333333334 0.09022556390977443
0 0.4816666666666667 0.5037593984962406 0.023333333333333334 0.09022556390977443
0 0.49833333333333335 0.48621553884711777 0.023333333333333334 0.09523809523809523
0 0.5283333333333333 0.5087719298245614 0.02666666666666667 0.10526315789473684
0 0.5608333333333333 0.4924812030075188 0.021666666666666667 0.08771929824561403
0 0.5891666666666666 0.5050125313283208 0.025 0.09774436090225563
0 0.6066666666666667 0.49373433583959897 0.023333333333333334 0.09022556390977443
0 0.6475 0.5112781954887218 0.025 0.10025062656641603
0 0.6666666666666666 0.4974937343358396 0.02 0.08270676691729323
0 0.6941666666666667 0.5175438596491229 0.025 0.09774436090225563
0 0.7325 0.49624060150375937 0.025 0.09523809523809523
0 0.7408333333333333 0.5225563909774437 0.025 0.09774436090225563
0 0.7925 0.5050125313283208 0.021666666666666667 0.08771929824561403
0 0.8025 0.5263157894736842 0.025 0.10025062656641603
0 0.85 0.5125313283208021 0.02666666666666667 0.09774436090225563
0 0.9041666666666667 0.5112781954887218 0.025 0.10025062656641603
0 0.9825 0.9223057644110275 0.035 0.13533834586466165
0 0.9575 0.899749373433584 0.04833333333333333 0.17543859649122806
0 0.9325 0.9273182957393483 0.03166666666666667 0.12030075187969924
0 0.8308333333333333 0.924812030075188 0.041666666666666664 0.15037593984962405
0 0.7783333333333333 0.9172932330827067 0.03666666666666667 0.14035087719298245
0 0.7441666666666666 0.9235588972431078 0.035 0.13283208020050125
0 0.7091666666666666 0.9223057644110275 0.035 0.13032581453634084
0 0.6841666666666667 0.9223057644110275 0.035 0.13032581453634084
0 0.6133333333333333 0.9085213032581454 0.043333333333333335 0.15789473684210525
0 0.645 0.9035087719298246 0.043333333333333335 0.15789473684210525
0 0.5941666666666666 0.9147869674185464 0.03833333333333333 0.14536340852130325
0 0.5683333333333334 0.9323308270676691 0.02666666666666667 0.10526315789473684
0 0.5408333333333334 0.9197994987468672 0.035 0.13032581453634084
0 0.38083333333333336 0.9285714285714286 0.03166666666666667 0.11779448621553884
2 0.06666666666666667 0.5338345864661654 0.06 0.06015037593984962
2 0.17583333333333334 0.9072681704260651 0.035 0.05012531328320802
2 0.1525 0.9298245614035088 0.035 0.05513784461152882
2 0.11416666666666667 0.9385964912280702 0.03166666666666667 0.06265664160401002
2 0.06833333333333333 0.9348370927318296 0.03333333333333333 0.05513784461152882
2 0.09 0.9122807017543859 0.02666666666666667 0.040100250626566414
2 0.035833333333333335 0.9223057644110275 0.025 0.06516290726817042
2 0.013333333333333334 0.9135338345864662 0.02 0.03759398496240601
2 0.4041666666666667 0.7380952380952381 0.03833333333333333 0.08270676691729323
4 0.4558333333333333 0.8208020050125313 0.905 0.3333333333333333
