0 0.050724637681159424 0.7771739130434783 0.057971014492753624 0.21956521739130436
0 0.08405797101449275 0.783695652173913 0.05217391304347826 0.1934782608695652
0 0.12608695652173912 0.783695652173913 0.07246376811594203 0.26304347826086955
0 0.15072463768115943 0.7847826086956522 0.03768115942028986 0.1391304347826087
0 0.2326086956521739 0.782608695652174 0.0536231884057971 0.1956521739130435
0 0.24710144927536232 0.7847826086956522 0.050724637681159424 0.18695652173913044
0 0.3108695652173913 0.7913043478260869 0.0391304347826087 0.14347826086956522
0 0.4391304347826087 0.7858695652173913 0.07246376811594203 0.26304347826086955
0 0.4673913043478261 0.7923913043478261 0.050724637681159424 0.1934782608695652
0 0.4920289855072464 0.7913043478260869 0.042028985507246375 0.15217391304347827
0 0.6086956521739131 0.7956521739130434 0.057971014492753624 0.21739130434782608
0 0.6282608695652174 0.7923913043478261 0.07391304347826087 0.2717391304347826
0 0.7007246376811594 0.7967391304347826 0.042028985507246375 0.15434782608695652
0 0.7115942028985507 0.8021739130434783 0.04057971014492753 0.15217391304347827
0 0.7543478260869565 0.7923913043478261 0.050724637681159424 0.18478260869565216
0 0.868840579710145 0.7989130434782609 0.07101449275362319 0.25869565217391305
0 0.8963768115942029 0.8021739130434783 0.050724637681159424 0.18695652173913044
0 0.9456521739130435 0.7923913043478261 0.0536231884057971 0.19782608695652174
2 0.19710144927536233 0.7521739130434782 0.028985507246376812 0.05217391304347826
2 0.21159420289855072 0.691304347826087 0.02318840579710145 0.04782608695652174
2 0.2710144927536232 0.7815217391304348 0.02318840579710145 0.06739130434782609
2 0.2833333333333333 0.7097826086956521 0.021739130434782608 0.05
2 0.33260869565217394 0.7880434782608695 0.01884057971014493 0.058695652173913045
2 0.34057971014492755 0.7369565217391304 0.020289855072463767 0.030434782608695653
2 0.36231884057971014 0.8108695652173913 0.02318840579710145 0.08260869565217391
2 0.3673913043478261 0.7489130434782608 0.02753623188405797 0.041304347826086954
2 0.8210144927536231 0.8119565217391305 0.04492753623188406 0.14565217391304347
2 0.6826086956521739 0.7923913043478261 0.014492753623188406 0.058695652173913045
2 0.967391304347826 0.7097826086956521 0.030434782608695653 0.041304347826086954
2 0.9876811594202899 0.7717391304347826 0.021739130434782608 0.05652173913043478
