0 0.285 0.6400778210116731 0.0825 0.3151750972762646
0 0.385625 0.6556420233463035 0.09875 0.3735408560311284
0 0.4775 0.6546692607003891 0.1025 0.3949416342412451
0 0.591875 0.6964980544747081 0.11375 0.4357976653696498
0 0.6175 0.6284046692607004 0.08 0.30739299610894943
0 0.64375 0.6284046692607004 0.065 0.2490272373540856
0 0.696875 0.6313229571984436 0.08375 0.32490272373540857
0 0.714375 0.6128404669260701 0.06125 0.23346303501945526
0 0.740625 0.5943579766536965 0.04125 0.1614785992217899
0 0.773125 0.6371595330739299 0.07375 0.2782101167315175
0 0.81125 0.6235408560311284 0.0725 0.2821011673151751
0 0.87125 0.5846303501945526 0.04 0.15369649805447472
0 0.899375 0.6108949416342413 0.07625 0.28793774319066145
0 0.920625 0.6070038910505836 0.05625 0.2140077821011673
0 0.963125 0.6284046692607004 0.06375 0.2490272373540856
2 0.935 0.5204280155642024 0.0175 0.04085603112840467
2 0.9525 0.5204280155642024 0.0175 0.04085603112840467
2 0.754375 0.5282101167315175 0.02375 0.04085603112840467
2 0.9925 0.5321011673151751 0.015 0.04474708171206226
