0 0.21 0.7175 0.11777777777777777 0.43166666666666664
0 0.34055555555555556 0.6716666666666666 0.03666666666666667 0.13666666666666666
0 0.38222222222222224 0.67 0.03111111111111111 0.11333333333333333
0 0.45944444444444443 0.6725 0.034444444444444444 0.13166666666666665
0 0.435 0.6533333333333333 0.03 0.11333333333333333
0 0.48833333333333334 0.6441666666666667 0.03 0.115
0 0.49777777777777776 0.655 0.03333333333333333 0.12333333333333334
0 0.5494444444444444 0.6225 0.021111111111111112 0.08166666666666667
0 0.5377777777777778 0.5883333333333334 0.015555555555555555 0.06
0 0.5694444444444444 0.6408333333333334 0.03 0.10833333333333334
0 0.5994444444444444 0.61 0.021111111111111112 0.08
0 0.6172222222222222 0.6908333333333333 0.05444444444444444 0.19833333333333333
0 0.64 0.6316666666666667 0.028888888888888888 0.11
0 0.7266666666666667 0.8158333333333333 0.07111111111111111 0.265
0 0.7083333333333334 0.6225 0.027777777777777776 0.105
0 0.6933333333333334 0.5891666666666666 0.017777777777777778 0.065
0 0.7511111111111111 0.6183333333333333 0.028888888888888888 0.10666666666666667
0 0.7827777777777778 0.6225 0.027777777777777776 0.105
0 0.8405555555555555 0.6991666666666667 0.052222222222222225 0.19166666666666668
0 0.8694444444444445 0.7033333333333334 0.056666666666666664 0.21
0 0.9311111111111111 0.6966666666666667 0.05333333333333334 0.19666666666666666
0 0.9188888888888889 0.6783333333333333 0.05333333333333334 0.2
0 0.9711111111111111 0.6883333333333334 0.05555555555555555 0.20333333333333334
0 0.9827777777777778 0.6425 0.034444444444444444 0.15833333333333333
0 0.06333333333333334 0.7066666666666667 0.08222222222222222 0.30333333333333334
0 0.8072222222222222 0.6091666666666666 0.027777777777777776 0.105
0 0.4022222222222222 0.6366666666666667 0.02666666666666667 0.09666666666666666
0 0.3638888888888889 0.6375 0.023333333333333334 0.09166666666666666
0 0.2927777777777778 0.5766666666666667 0.023333333333333334 0.09
2 0.016666666666666666 0.5641666666666667 0.02 0.03833333333333333
2 0.035 0.5608333333333333 0.014444444444444444 0.03166666666666667
2 0.050555555555555555 0.5641666666666667 0.021111111111111112 0.03833333333333333
2 0.8938888888888888 0.5783333333333334 0.01888888888888889 0.04
2 0.945 0.57 0.014444444444444444 0.03
2 0.8644444444444445 0.5716666666666667 0.013333333333333334 0.03333333333333333
2 0.8483333333333334 0.5766666666666667 0.016666666666666666 0.04
2 0.8288888888888889 0.5816666666666667 0.02666666666666667 0.05
2 0.5838888888888889 0.655 0.027777777777777776 0.07333333333333333
2 0.5516666666666666 0.65 0.03 0.04666666666666667
3 0.43666666666666665 0.4866666666666667 0.017777777777777778 0.056666666666666664
3 0.45555555555555555 0.485 0.02 0.056666666666666664
3 0.6988888888888889 0.445 0.022222222222222223 0.13
3 0.7222222222222222 0.4275 0.02666666666666667 0.13166666666666665
3 0.7594444444444445 0.42083333333333334 0.03666666666666667 0.16833333333333333
3 0.8422222222222222 0.37916666666666665 0.03777777777777778 0.195
3 0.9133333333333333 0.3525 0.04666666666666667 0.215
3 0.6622222222222223 0.45916666666666667 0.02666666666666667 0.10166666666666667
3 0.3038888888888889 0.49166666666666664 0.03888888888888889 0.07
4 0.5411111111111111 0.58 0.3977777777777778 0.10666666666666667
