0 0.9225 0.6641651031894934 0.155 0.626641651031895
0 0.615 0.5562851782363978 0.2275 0.8386491557223265
0 0.318125 0.723264540337711 0.08625 0.32082551594746717
0 0.255625 0.6951219512195121 0.05125 0.19324577861163228
0 0.160625 0.6913696060037523 0.05875 0.21951219512195122
0 0.128125 0.6866791744840526 0.06125 0.22889305816135083
0 0.06 0.700750469043152 0.12 0.4521575984990619
0 0.01875 0.7063789868667918 0.0375 0.19324577861163228
0 0.39625 0.6913696060037523 0.0325 0.12195121951219512
0 0.434375 0.7035647279549718 0.02375 0.0900562851782364
0 0.478125 0.699812382739212 0.02375 0.0900562851782364
0 0.503125 0.7063789868667918 0.01875 0.06941838649155722
0 0.768125 0.7223264540337712 0.02375 0.08630393996247655
0 0.7825 0.6941838649155723 0.025 0.0900562851782364
0 0.795 0.7195121951219512 0.0225 0.08818011257035648
0 0.811875 0.7204502814258912 0.02375 0.08630393996247655
0 0.83125 0.724202626641651 0.035 0.13133208255159476
0 0.853125 0.724202626641651 0.03625 0.13133208255159476
2 0.275625 0.6135084427767354 0.02375 0.0450281425891182
2 0.368125 0.7213883677298312 0.04125 0.09568480300187618
4 0.803125 0.7073170731707317 0.17875 0.1651031894934334
