0 0.128 0.6591591591591591 0.052 0.1891891891891892
0 0.174 0.6621621621621622 0.068 0.24924924924924924
0 0.22 0.6786786786786787 0.072 0.26426426426426425
0 0.272 0.6471471471471472 0.052 0.1891891891891892
0 0.324 0.6456456456456456 0.036 0.13813813813813813
0 0.349 0.6756756756756757 0.086 0.3123123123123123
0 0.427 0.6981981981981982 0.15 0.5555555555555556
0 0.565 0.6696696696696697 0.174 0.6426426426426426
0 0.69 0.5900900900900901 0.216 0.7957957957957958
0 0.807 0.6456456456456456 0.074 0.27627627627627627
0 0.883 0.5705705705705706 0.074 0.2822822822822823
0 0.92 0.6231231231231231 0.068 0.2552552552552553
0 0.949 0.5795795795795796 0.066 0.24624624624624625
2 0.985 0.5705705705705706 0.026 0.07207207207207207
2 0.242 0.575075075075075 0.036 0.057057057057057055
