0 0.6254545454545455 0.8612804878048781 0.06181818181818182 0.25914634146341464
0 0.5163636363636364 0.7957317073170732 0.05818181818181818 0.24390243902439024
0 0.4618181818181818 0.8201219512195121 0.05818181818181818 0.23780487804878048
0 0.3390909090909091 0.7271341463414634 0.04909090909090909 0.19817073170731708
0 0.20545454545454545 0.6798780487804879 0.04363636363636364 0.18902439024390244
0 0.2727272727272727 0.7286585365853658 0.04 0.16463414634146342
0 0.26181818181818184 0.649390243902439 0.03636363636363636 0.1524390243902439
0 0.7645454545454545 0.7560975609756098 0.034545454545454546 0.1402439024390244
0 0.79 0.7759146341463414 0.034545454545454546 0.14939024390243902
0 0.8118181818181818 0.7759146341463414 0.034545454545454546 0.14939024390243902
0 0.8945454545454545 0.8003048780487805 0.04727272727272727 0.19817073170731708
0 0.9209090909090909 0.8734756097560976 0.04909090909090909 0.20426829268292682
0 0.9545454545454546 0.8262195121951219 0.04727272727272727 0.1951219512195122
0 0.6627272727272727 0.6387195121951219 0.023636363636363636 0.10060975609756098
0 0.6854545454545454 0.6310975609756098 0.025454545454545455 0.10365853658536585
0 0.7190909090909091 0.6402439024390244 0.02 0.07926829268292683
0 0.7118181818181818 0.6448170731707317 0.012727272727272728 0.057926829268292686
0 0.6381818181818182 0.6387195121951219 0.01818181818181818 0.08231707317073171
0 0.7090909090909091 0.5335365853658537 0.01090909090909091 0.054878048780487805
0 0.6881818181818182 0.5259146341463414 0.012727272727272728 0.051829268292682924
2 0.21818181818181817 0.4969512195121951 0.02909090909090909 0.054878048780487805
2 0.4618181818181818 0.5457317073170732 0.02181818181818182 0.042682926829268296
2 0.47909090909090907 0.573170731707317 0.02 0.054878048780487805
4 0.5063636363636363 0.3521341463414634 0.9763636363636363 0.2896341463414634
