0 0.010416666666666666 0.39861111111111114 0.020833333333333332 0.075
0 0.15625 0.35555555555555557 0.020833333333333332 0.07777777777777778
0 0.19375 0.3625 0.025 0.08611111111111111
0 0.2708333333333333 0.3347222222222222 0.020833333333333332 0.075
0 0.284375 0.36666666666666664 0.027083333333333334 0.08888888888888889
0 0.32708333333333334 0.3486111111111111 0.025 0.08055555555555556
0 0.34375 0.36944444444444446 0.025 0.08333333333333333
0 0.41041666666666665 0.37916666666666665 0.025 0.08055555555555556
0 0.38645833333333335 0.44166666666666665 0.027083333333333334 0.08888888888888889
0 0.40625 0.45 0.029166666666666667 0.09444444444444444
0 0.8125 0.11666666666666667 0.020833333333333332 0.06666666666666667
0 0.8614583333333333 0.08194444444444444 0.01875 0.06388888888888888
0 0.946875 0.2722222222222222 0.027083333333333334 0.09444444444444444
0 0.7239583333333334 0.5277777777777778 0.027083333333333334 0.09444444444444444
0 0.671875 0.4263888888888889 0.027083333333333334 0.09166666666666666
0 0.6708333333333333 0.49027777777777776 0.029166666666666667 0.10277777777777777
0 0.6333333333333333 0.42916666666666664 0.029166666666666667 0.09722222222222222
0 0.6177083333333333 0.45694444444444443 0.03125 0.10833333333333334
0 0.6020833333333333 0.575 0.025 0.08333333333333333
0 0.5604166666666667 0.5152777777777777 0.029166666666666667 0.10277777777777777
0 0.5104166666666666 0.5069444444444444 0.025 0.08611111111111111
0 0.4947916666666667 0.46944444444444444 0.022916666666666665 0.08333333333333333
0 0.47604166666666664 0.4625 0.027083333333333334 0.08611111111111111
0 0.45625 0.4930555555555556 0.025 0.09166666666666666
0 0.428125 0.49444444444444446 0.027083333333333334 0.09444444444444444
0 0.3802083333333333 0.6958333333333333 0.035416666666666666 0.11388888888888889
0 0.3458333333333333 0.5041666666666667 0.03333333333333333 0.10833333333333334
0 0.29583333333333334 0.49722222222222223 0.025 0.08333333333333333
0 0.2520833333333333 0.5527777777777778 0.025 0.08333333333333333
0 0.21041666666666667 0.5111111111111111 0.029166666666666667 0.09444444444444444
0 0.19375 0.6194444444444445 0.029166666666666667 0.10555555555555556
0 0.10416666666666667 0.7402777777777778 0.029166666666666667 0.09722222222222222
