0 0.8241666666666667 0.6569444444444444 0.085 0.3527777777777778
0 0.75 0.6597222222222222 0.08 0.33055555555555555
0 0.6875 0.65 0.08166666666666667 0.3333333333333333
0 0.6175 0.6555555555555556 0.075 0.3055555555555556
0 0.5658333333333333 0.6444444444444445 0.08166666666666667 0.3333333333333333
0 0.5125 0.6597222222222222 0.075 0.30833333333333335
0 0.4525 0.6569444444444444 0.06833333333333333 0.28055555555555556
0 0.39666666666666667 0.6486111111111111 0.07 0.2916666666666667
0 0.345 0.6458333333333334 0.07 0.2916666666666667
0 0.2975 0.6444444444444445 0.07166666666666667 0.29444444444444445
0 0.175 0.5680555555555555 0.016666666666666666 0.075
0 0.37416666666666665 0.5625 0.021666666666666667 0.08611111111111111
2 0.2683333333333333 0.725 0.07333333333333333 0.24444444444444444
2 0.3275 0.725 0.055 0.25555555555555554
2 0.3925 0.7291666666666666 0.06166666666666667 0.24166666666666667
2 0.45416666666666666 0.7319444444444444 0.06833333333333333 0.24722222222222223
2 0.5325 0.7458333333333333 0.06833333333333333 0.24722222222222223
2 0.6275 0.7541666666666667 0.065 0.2638888888888889
2 0.7091666666666666 0.7444444444444445 0.06833333333333333 0.2833333333333333
2 0.7783333333333333 0.7569444444444444 0.07 0.2861111111111111
2 0.8633333333333333 0.7680555555555556 0.056666666666666664 0.2861111111111111
2 0.945 0.7763888888888889 0.08666666666666667 0.2972222222222222
