0 0.9114249037227214 0.5129411764705882 0.07958921694480103 0.35764705882352943
0 0.8992297817715019 0.4976470588235294 0.07573812580231065 0.3458823529411765
0 0.6296534017971759 0.5894117647058823 0.15789473684210525 0.7129411764705882
0 0.6700898587933247 0.47058823529411764 0.059050064184852376 0.27294117647058824
0 0.5481386392811296 0.48823529411764705 0.0693196405648267 0.30823529411764705
0 0.4871630295250321 0.49058823529411766 0.08087291399229782 0.36941176470588233
0 0.43709884467265725 0.43411764705882355 0.03209242618741977 0.14352941176470588
0 0.79204107830552 0.44588235294117645 0.038510911424903725 0.17647058823529413
0 0.030166880616174584 0.49058823529411766 0.06033376123234917 0.3035294117647059
0 0.06675224646983312 0.5 0.06675224646983312 0.2988235294117647
0 0.10847240051347883 0.46352941176470586 0.05006418485237484 0.22588235294117648
0 0.17650834403080873 0.49176470588235294 0.07830551989730423 0.34823529411764703
0 0.21116816431322208 0.46 0.037227214377406934 0.16705882352941176
0 0.26893453145057766 0.45176470588235296 0.03465982028241335 0.15529411764705883
0 0.28690629011553276 0.46 0.04749679075738126 0.2188235294117647
0 0.3324775353016688 0.4470588235294118 0.03080872913992298 0.14588235294117646
0 0.35622593068035946 0.44941176470588234 0.029525032092426188 0.13176470588235295
0 0.3940949935815148 0.4388235294117647 0.025673940949935817 0.11529411764705882
0 0.40949935815147626 0.44 0.03080872913992298 0.13647058823529412
0 0.42426187419768935 0.44 0.026957637997432605 0.1223529411764706
2 0.7721437740693197 0.4576470588235294 0.03209242618741977 0.13411764705882354
