0 0.5324519230769231 0.5066666666666667 0.49278846153846156 0.8366666666666667
0 0.8485576923076923 0.32666666666666666 0.08173076923076923 0.13666666666666666
0 0.9254807692307693 0.32416666666666666 0.07692307692307693 0.13166666666666665
0 0.9783653846153846 0.3375 0.04326923076923077 0.125
0 0.7668269230769231 0.3383333333333333 0.07211538461538461 0.12666666666666668
0 0.6754807692307693 0.3675 0.08173076923076923 0.14166666666666666
0 0.15144230769230768 0.35 0.0625 0.10666666666666667
0 0.0829326923076923 0.3825 0.08413461538461539 0.145
0 0.2247596153846154 0.3475 0.05048076923076923 0.08833333333333333
2 0.9447115384615384 0.4 0.07692307692307693 0.09
2 0.1971153846153846 0.38916666666666666 0.0673076923076923 0.08166666666666667
2 0.2704326923076923 0.3883333333333333 0.06009615384615385 0.08
2 0.32572115384615385 0.38666666666666666 0.04567307692307692 0.07333333333333333
2 0.3557692307692308 0.4066666666666667 0.04807692307692308 0.09
2 0.3954326923076923 0.4025 0.07451923076923077 0.07833333333333334
