0 0.03133333333333333 0.5 0.02266666666666667 0.08974358974358974
0 0.13066666666666665 0.48717948717948717 0.032 0.12393162393162394
0 0.21133333333333335 0.4807692307692308 0.03866666666666667 0.15384615384615385
0 0.3433333333333333 0.46260683760683763 0.04666666666666667 0.1858974358974359
0 0.38133333333333336 0.37713675213675213 0.013333333333333334 0.057692307692307696
0 0.3953333333333333 0.37606837606837606 0.014666666666666666 0.05555555555555555
0 0.564 0.4594017094017094 0.096 0.37606837606837606
0 0.616 0.4326923076923077 0.09333333333333334 0.3696581196581197
0 0.6546666666666666 0.39316239316239315 0.09866666666666667 0.38461538461538464
0 0.702 0.3643162393162393 0.092 0.36538461538461536
0 0.7533333333333333 0.3269230769230769 0.09066666666666667 0.358974358974359
0 0.7973333333333333 0.2948717948717949 0.09066666666666667 0.358974358974359
0 0.8393333333333334 0.26495726495726496 0.092 0.36324786324786323
0 0.8993333333333333 0.25427350427350426 0.092 0.36324786324786323
0 0.9566666666666667 0.19658119658119658 0.08666666666666667 0.3547008547008547
2 0.25 0.8717948717948718 0.3586666666666667 0.20512820512820512
2 0.22466666666666665 0.7435897435897436 0.27066666666666667 0.08974358974358974
