0 0.23833333333333334 0.5433333333333333 0.05333333333333334 0.18
0 0.2708333333333333 0.5577777777777778 0.10166666666666667 0.3333333333333333
0 0.4533333333333333 0.5555555555555556 0.06 0.2
0 0.5041666666666667 0.5288888888888889 0.045 0.1511111111111111
0 0.6741666666666667 0.5377777777777778 0.06166666666666667 0.2088888888888889
0 0.6991666666666667 0.52 0.045 0.1511111111111111
0 0.7416666666666667 0.5577777777777778 0.07333333333333333 0.24
0 0.7691666666666667 0.5277777777777778 0.058333333333333334 0.19333333333333333
0 0.8658333333333333 0.5144444444444445 0.035 0.12222222222222222
0 0.9225 0.5277777777777778 0.045 0.14444444444444443
0 0.97 0.5344444444444445 0.06 0.22
0 0.4658333333333333 0.41 0.028333333333333332 0.1
0 0.10333333333333333 0.52 0.016666666666666666 0.05333333333333334
0 0.13166666666666665 0.5133333333333333 0.013333333333333334 0.044444444444444446
0 0.18083333333333335 0.51 0.018333333333333333 0.06444444444444444
0 0.029166666666666667 0.5211111111111111 0.015 0.051111111111111114
0 0.0675 0.52 0.015 0.05333333333333334
2 0.0125 0.5288888888888889 0.018333333333333333 0.04888888888888889
2 0.051666666666666666 0.53 0.016666666666666666 0.042222222222222223
2 0.08083333333333333 0.5288888888888889 0.018333333333333333 0.044444444444444446
