0 0.022132796780684104 0.6012269938650306 0.04426559356136821 0.1901840490797546
0 0.08450704225352113 0.6150306748466258 0.060362173038229376 0.2361963190184049
0 0.16398390342052313 0.6411042944785276 0.07847082494969819 0.3006134969325153
0 0.23440643863179075 0.6165644171779141 0.05835010060362173 0.2147239263803681
0 0.2012072434607646 0.5904907975460123 0.03621730382293763 0.1441717791411043
0 0.12072434607645875 0.5736196319018405 0.028169014084507043 0.11042944785276074
0 0.29275653923541245 0.6717791411042945 0.10261569416498995 0.39263803680981596
0 0.34004024144869216 0.6319018404907976 0.07243460764587525 0.26993865030674846
0 0.3732394366197183 0.6058282208588958 0.05030181086519115 0.18711656441717792
0 0.48490945674044267 0.6533742331288344 0.08450704225352113 0.31901840490797545
0 0.545271629778672 0.7070552147239264 0.13682092555331993 0.5061349693251533
0 0.6126760563380281 0.6319018404907976 0.07042253521126761 0.26993865030674846
0 0.6488933601609658 0.6104294478527608 0.05030181086519115 0.18404907975460122
0 0.7022132796780685 0.6886503067484663 0.10865191146881288 0.401840490797546
0 0.7223340040241448 0.5812883435582822 0.03621730382293763 0.13190184049079753
0 0.761569416498994 0.6119631901840491 0.04627766599597585 0.18098159509202455
0 0.8028169014084507 0.6579754601226994 0.08048289738430583 0.3098159509202454
0 0.8722334004024145 0.6349693251533742 0.06639839034205232 0.25153374233128833
0 0.9305835010060363 0.6257668711656442 0.05835010060362173 0.2147239263803681
0 0.9688128772635815 0.6165644171779141 0.04627766599597585 0.17791411042944785
