0 0.8786848072562359 0.7343205574912892 0.10204081632653061 0.38153310104529614
0 0.93140589569161 0.705574912891986 0.07369614512471655 0.2787456445993031
0 0.8072562358276644 0.710801393728223 0.08843537414965986 0.3310104529616725
0 0.7556689342403629 0.7168989547038328 0.08049886621315193 0.3083623693379791
0 0.7114512471655329 0.7212543554006968 0.0782312925170068 0.29965156794425085
0 0.6791383219954649 0.7177700348432056 0.08163265306122448 0.30662020905923343
0 0.6366213151927438 0.7221254355400697 0.07596371882086168 0.2874564459930314
0 0.5742630385487528 0.7038327526132404 0.08503401360544217 0.3170731707317073
0 0.5391156462585034 0.710801393728223 0.08276643990929705 0.31010452961672474
0 0.4744897959183674 0.7020905923344948 0.08503401360544217 0.3240418118466899
0 0.4257369614512472 0.7073170731707317 0.08276643990929705 0.31010452961672474
0 0.3469387755102041 0.7186411149825784 0.08163265306122448 0.3118466898954704
0 0.3112244897959184 0.6994773519163763 0.0782312925170068 0.2979094076655052
0 0.2437641723356009 0.6994773519163763 0.07709750566893424 0.29442508710801396
0 0.21485260770975056 0.6742160278745645 0.0782312925170068 0.2961672473867596
0 0.17800453514739228 0.6698606271777003 0.07029478458049887 0.2700348432055749
0 0.12074829931972789 0.6628919860627178 0.07596371882086168 0.2874564459930314
0 0.08390022675736962 0.6027874564459931 0.05668934240362812 0.21254355400696864
2 0.31802721088435376 0.5313588850174216 0.046485260770975055 0.07665505226480836
2 0.840702947845805 0.5662020905923345 0.032879818594104306 0.08362369337979095
2 0.1473922902494331 0.5322299651567944 0.022675736961451247 0.05400696864111498
2 0.1655328798185941 0.5182926829268293 0.018140589569160998 0.04006968641114982
2 0.09977324263038549 0.5017421602787456 0.015873015873015872 0.03484320557491289
