0 0.36875 0.7587131367292225 0.12321428571428572 0.450402144772118
0 0.4205357142857143 0.6367292225201072 0.0625 0.22788203753351208
0 0.2517857142857143 0.5402144772117963 0.03214285714285714 0.11528150134048257
0 0.23392857142857143 0.5388739946380697 0.02857142857142857 0.10723860589812333
0 0.4669642857142857 0.6058981233243967 0.05178571428571429 0.19302949061662197
0 0.5026785714285714 0.6327077747989276 0.0625 0.23056300268096513
0 0.5366071428571428 0.5804289544235925 0.04107142857142857 0.15281501340482573
0 0.59375 0.67828418230563 0.07678571428571429 0.28418230563002683
0 0.6866071428571429 0.739946380697051 0.1125 0.41823056300268097
0 0.6410714285714286 0.5737265415549598 0.04285714285714286 0.16621983914209115
0 0.7508928571428571 0.6662198391420912 0.08035714285714286 0.29222520107238603
0 0.7973214285714286 0.5844504021447721 0.055357142857142855 0.20911528150134048
0 0.8517857142857143 0.7372654155495979 0.11071428571428571 0.4128686327077748
0 0.9428571428571428 0.7412868632707775 0.11428571428571428 0.5013404825737265
0 0.28125 0.5348525469168901 0.026785714285714284 0.09919571045576407
2 0.9053571428571429 0.5361930294906166 0.05714285714285714 0.16085790884718498
2 0.8544642857142857 0.5080428954423593 0.0375 0.07238605898123325
4 0.5669642857142857 0.5107238605898123 0.5696428571428571 0.09919571045576407
