0 0.041666666666666664 0.3439655172413793 0.03 0.11551724137931034
0 0.06388888888888888 0.3456896551724138 0.03 0.11551724137931034
0 0.09777777777777778 0.3448275862068966 0.028888888888888888 0.1103448275862069
0 0.014444444444444444 0.3603448275862069 0.022222222222222223 0.08275862068965517
0 0.11833333333333333 0.3543103448275862 0.023333333333333334 0.09482758620689655
0 0.1411111111111111 0.328448275862069 0.015555555555555555 0.0603448275862069
0 0.17166666666666666 0.30517241379310345 0.023333333333333334 0.0896551724137931
0 0.2061111111111111 0.3017241379310345 0.023333333333333334 0.0896551724137931
0 0.22833333333333333 0.30344827586206896 0.023333333333333334 0.09310344827586207
0 0.24666666666666667 0.30258620689655175 0.024444444444444446 0.09137931034482759
0 0.26555555555555554 0.3086206896551724 0.022222222222222223 0.08275862068965517
0 0.28 0.30603448275862066 0.022222222222222223 0.08793103448275862
0 0.3005555555555556 0.30086206896551726 0.021111111111111112 0.08448275862068966
0 0.3244444444444444 0.30086206896551726 0.024444444444444446 0.09827586206896552
0 0.35055555555555556 0.3017241379310345 0.023333333333333334 0.09310344827586207
0 0.3688888888888889 0.31982758620689655 0.013333333333333334 0.05344827586206897
0 0.37777777777777777 0.30258620689655175 0.022222222222222223 0.08793103448275862
0 0.39555555555555555 0.30086206896551726 0.022222222222222223 0.08793103448275862
0 0.4172222222222222 0.31982758620689655 0.012222222222222223 0.05
0 0.41888888888888887 0.30344827586206896 0.017777777777777778 0.06896551724137931
0 0.4438888888888889 0.2991379310344828 0.021111111111111112 0.08448275862068966
0 0.9855555555555555 0.3456896551724138 0.02666666666666667 0.10517241379310345
0 0.9588888888888889 0.34051724137931033 0.028888888888888888 0.11551724137931034
0 0.9461111111111111 0.33706896551724136 0.03222222222222222 0.12241379310344827
0 0.93 0.33879310344827585 0.03111111111111111 0.11896551724137931
0 0.895 0.34051724137931033 0.025555555555555557 0.10172413793103448
0 0.8694444444444445 0.33620689655172414 0.023333333333333334 0.09310344827586207
1 0.7144444444444444 0.39482758620689656 0.09333333333333334 0.3586206896551724
1 0.6083333333333333 0.33706896551724136 0.03666666666666667 0.14310344827586208
2 0.18611111111111112 0.6232758620689656 0.33666666666666667 0.5362068965517242
2 0.49277777777777776 0.5913793103448276 0.2966666666666667 0.5551724137931034
