0 0.254375 0.603578154425612 0.11625 0.4312617702448211
0 0.42375 0.696798493408663 0.1575 0.583804143126177
0 0.575625 0.6139359698681732 0.13125 0.4821092278719397
0 0.533125 0.5423728813559322 0.07125 0.2674199623352166
0 0.614375 0.5630885122410546 0.09375 0.3427495291902072
0 0.671875 0.5480225988700564 0.08125 0.3013182674199623
0 0.706875 0.5009416195856874 0.05875 0.2222222222222222
0 0.735 0.5621468926553672 0.1 0.3672316384180791
0 0.8075 0.635593220338983 0.145 0.5329566854990584
0 0.85125 0.5225988700564972 0.0775 0.2919020715630885
0 0.881875 0.512241054613936 0.07125 0.263653483992467
0 0.924375 0.568738229755179 0.09875 0.3691148775894539
0 0.96625 0.5555555555555556 0.0675 0.3013182674199623
2 0.188125 0.5329566854990584 0.04875 0.18832391713747645
2 0.3275 0.4566854990583804 0.03 0.0696798493408663
2 0.30125 0.4613935969868173 0.025 0.060263653483992465
2 0.115625 0.4284369114877589 0.03375 0.0696798493408663
2 0.113125 0.4698681732580038 0.03875 0.07721280602636535
2 0.055625 0.5546139359698682 0.04625 0.19397363465160075
2 0.10375 0.5555555555555556 0.07 0.2033898305084746
2 0.0275 0.4821092278719397 0.035 0.07532956685499058
2 0.375625 0.4566854990583804 0.02625 0.062146892655367235
2 0.776875 0.4030131826741996 0.03625 0.07156308851224105
2 0.955 0.4124293785310734 0.025 0.064030131826742
