0 0.284375 0.5433255269320844 0.090625 0.33021077283372363
0 0.348828125 0.5942622950819673 0.14140625 0.5187353629976581
0 0.404296875 0.5081967213114754 0.07734375 0.28337236533957844
0 0.473046875 0.5064402810304449 0.07734375 0.28454332552693207
0 0.433984375 0.48009367681498827 0.03671875 0.1358313817330211
0 0.540234375 0.5644028103044496 0.13984375 0.5128805620608899
0 0.57890625 0.5368852459016393 0.1125 0.41569086651053866
0 0.84921875 0.49882903981264637 0.075 0.2786885245901639
0 0.912109375 0.5193208430913349 0.07265625 0.265807962529274
0 0.216015625 0.46662763466042156 0.03671875 0.13466042154566746
2 0.8953125 0.7388758782201406 0.203125 0.5058548009367682
2 0.97421875 0.6487119437939111 0.04375 0.11475409836065574
2 0.319140625 0.39988290398126464 0.02890625 0.059718969555035126
2 0.290625 0.40105386416861827 0.028125 0.06440281030444965
2 0.245703125 0.42096018735363 0.03203125 0.05269320843091335
