0 0.3021276595744681 0.6349206349206349 0.18723404255319148 0.692063492063492
0 0.5723404255319149 0.6746031746031746 0.17446808510638298 0.638095238095238
0 0.65 0.6412698412698413 0.1851063829787234 0.6730158730158731
0 0.1819148936170213 0.5714285714285714 0.09574468085106383 0.35555555555555557
0 0.15319148936170213 0.5698412698412698 0.09361702127659574 0.3396825396825397
0 0.12234042553191489 0.5523809523809524 0.09148936170212765 0.33015873015873015
0 0.23404255319148937 0.5650793650793651 0.08936170212765958 0.3238095238095238
0 0.9712765957446808 0.6015873015873016 0.0574468085106383 0.23809523809523808
0 0.9404255319148936 0.6031746031746031 0.06382978723404255 0.23492063492063492
0 0.8851063829787233 0.5984126984126984 0.059574468085106386 0.21904761904761905
0 0.8382978723404255 0.5968253968253968 0.05531914893617021 0.20952380952380953
0 0.7936170212765957 0.5857142857142857 0.059574468085106386 0.21904761904761905
0 0.7606382978723404 0.5920634920634921 0.0574468085106383 0.20634920634920634
0 0.7351063829787234 0.5857142857142857 0.05319148936170213 0.19365079365079366
1 0.4308510638297872 0.5476190476190477 0.036170212765957444 0.1365079365079365
1 0.4031914893617021 0.5412698412698412 0.036170212765957444 0.13015873015873017
