0 0.108 0.3885542168674699 0.064 0.23493975903614459
0 0.362 0.38403614457831325 0.052 0.20180722891566266
0 0.786 0.3358433734939759 0.044 0.15963855421686746
0 0.962 0.3810240963855422 0.032 0.11746987951807229
2 0.089 0.4246987951807229 0.086 0.20481927710843373
2 0.202 0.42018072289156627 0.068 0.18373493975903615
2 0.275 0.4126506024096386 0.054 0.1686746987951807
2 0.421 0.3795180722891566 0.026 0.07228915662650602
2 0.207 0.5873493975903614 0.218 0.26506024096385544
2 0.367 0.5195783132530121 0.166 0.25
2 0.435 0.48343373493975905 0.158 0.18373493975903615
2 0.53 0.47289156626506024 0.104 0.15060240963855423
2 0.579 0.45180722891566266 0.094 0.13253012048192772
2 0.653 0.4427710843373494 0.038 0.0963855421686747
2 0.679 0.4066265060240964 0.018 0.04216867469879518
2 0.683 0.4307228915662651 0.058 0.10240963855421686
2 0.919 0.41566265060240964 0.034 0.07228915662650602
2 0.959 0.42168674698795183 0.034 0.06626506024096386
