0 0.05908203125 0.7647058823529411 0.0244140625 0.09287925696594428
0 0.0478515625 0.7577399380804953 0.01953125 0.07894736842105263
0 0.02587890625 0.7546439628482973 0.0185546875 0.07275541795665634
0 0.18017578125 0.7631578947368421 0.0166015625 0.06501547987616099
0 0.1923828125 0.7608359133126935 0.013671875 0.05417956656346749
0 0.2197265625 0.7616099071207431 0.017578125 0.07120743034055728
0 0.24267578125 0.7786377708978328 0.0205078125 0.08359133126934984
0 0.2529296875 0.7825077399380805 0.0234375 0.0913312693498452
0 0.26513671875 0.791795665634675 0.0166015625 0.0696594427244582
0 0.2890625 0.7941176470588235 0.01953125 0.07430340557275542
0 0.2978515625 0.7871517027863777 0.015625 0.06346749226006192
0 0.32275390625 0.7801857585139319 0.0185546875 0.07120743034055728
0 0.328125 0.7848297213622291 0.017578125 0.06811145510835913
0 0.34814453125 0.781733746130031 0.0224609375 0.08668730650154799
0 0.36328125 0.7879256965944272 0.01953125 0.07430340557275542
0 0.3837890625 0.7848297213622291 0.0234375 0.08978328173374613
0 0.40087890625 0.7933436532507739 0.0205078125 0.07894736842105263
0 0.42236328125 0.7972136222910217 0.0224609375 0.08668730650154799
0 0.68701171875 0.7910216718266254 0.0185546875 0.07120743034055728
0 0.70166015625 0.8142414860681114 0.0107421875 0.04024767801857585
0 0.78369140625 0.7809597523219814 0.0146484375 0.05727554179566564
0 0.8154296875 0.7848297213622291 0.013671875 0.05263157894736842
0 0.8271484375 0.7825077399380805 0.013671875 0.05417956656346749
0 0.84130859375 0.781733746130031 0.0146484375 0.05572755417956656
0 0.85302734375 0.7863777089783281 0.0107421875 0.04024767801857585
0 0.876953125 0.7995356037151703 0.021484375 0.08513931888544891
0 0.9697265625 0.7848297213622291 0.013671875 0.058823529411764705
0 0.9921875 0.781733746130031 0.013671875 0.058823529411764705
2 0.6142578125 0.8660990712074303 0.05078125 0.12229102167182662
