0 0.02727272727272727 0.4713114754098361 0.04727272727272727 0.1830601092896175
0 0.10636363636363637 0.46311475409836067 0.05272727272727273 0.19398907103825136
0 0.13727272727272727 0.45901639344262296 0.045454545454545456 0.16939890710382513
0 0.8936363636363637 0.41530054644808745 0.03090909090909091 0.12021857923497267
0 0.9236363636363636 0.41120218579234974 0.02909090909090909 0.11202185792349727
0 0.9818181818181818 0.42349726775956287 0.03636363636363636 0.18032786885245902
0 0.7790909090909091 0.5136612021857924 0.10727272727272727 0.39344262295081966
0 0.6818181818181818 0.5163934426229508 0.11636363636363636 0.4262295081967213
0 0.6345454545454545 0.51775956284153 0.12363636363636364 0.4562841530054645
0 0.5209090909090909 0.546448087431694 0.14 0.5191256830601093
0 0.4481818181818182 0.5095628415300546 0.13636363636363635 0.5
0 0.39 0.569672131147541 0.1290909090909091 0.48360655737704916
0 0.33454545454545453 0.5546448087431693 0.13818181818181818 0.5081967213114754
0 0.27090909090909093 0.5546448087431693 0.12363636363636364 0.45901639344262296
2 0.21363636363636362 0.38934426229508196 0.056363636363636366 0.16666666666666666
2 0.30272727272727273 0.35382513661202186 0.045454545454545456 0.07923497267759563
2 0.5518181818181818 0.3237704918032787 0.056363636363636366 0.1284153005464481
2 0.5681818181818182 0.3155737704918033 0.03090909090909091 0.06830601092896176
2 0.6509090909090909 0.3251366120218579 0.03636363636363636 0.08743169398907104
2 0.10727272727272727 0.51775956284153 0.05090909090909091 0.10109289617486339
2 0.13545454545454547 0.6693989071038251 0.11818181818181818 0.3551912568306011
2 0.20454545454545456 0.7158469945355191 0.08545454545454545 0.4262295081967213
2 0.3145454545454546 0.7158469945355191 0.12727272727272726 0.43169398907103823
2 0.45181818181818184 0.6898907103825137 0.1509090909090909 0.46174863387978143
2 0.6190909090909091 0.7131147540983607 0.14 0.5136612021857924
2 0.7372727272727273 0.6612021857923497 0.14 0.41530054644808745
2 0.8072727272727273 0.6325136612021858 0.10545454545454545 0.38524590163934425
2 0.8681818181818182 0.6079234972677595 0.08181818181818182 0.35792349726775957
