0 0.017361111111111112 0.5529513888888888 0.034722222222222224 0.15914351851851852
0 0.056809413580246916 0.5528067129629629 0.03993055555555555 0.1467013888888889
0 0.06539351851851852 0.5658275462962963 0.04243827160493827 0.15538194444444445
0 0.08757716049382716 0.5522280092592593 0.040123456790123455 0.1472800925925926
0 0.12644675925925927 0.5611979166666666 0.042631172839506175 0.15596064814814814
0 0.1349344135802469 0.5849247685185185 0.029899691358024692 0.10966435185185185
0 0.13136574074074073 0.5497685185185185 0.03973765432098766 0.14583333333333334
0 0.1743827160493827 0.5572916666666666 0.04243827160493827 0.1550925925925926
0 0.8616898148148148 0.5407986111111112 0.03587962962962963 0.13136574074074073
0 0.4664351851851852 0.4518229166666667 0.09027777777777778 0.3307291666666667
0 0.21981095679012347 0.6257233796296297 0.10706018518518519 0.39265046296296297
0 0.29465663580246915 0.6155960648148148 0.09664351851851852 0.3532986111111111
0 0.345679012345679 0.6409143518518519 0.09182098765432099 0.3368055555555556
0 0.42573302469135804 0.6571180555555556 0.09837962962962964 0.3605324074074074
0 0.5410879629629629 0.6420717592592593 0.10841049382716049 0.39699074074074076
0 0.6340663580246914 0.6510416666666666 0.10802469135802469 0.3958333333333333
0 0.7130594135802469 0.6131365740740741 0.10281635802469136 0.3761574074074074
0 0.7269483024691358 0.5817418981481481 0.09625771604938271 0.3521412037037037
0 0.2486496913580247 0.65625 0.10455246913580248 0.38310185185185186
2 0.6638695987654321 0.4500868055555556 0.046489197530864196 0.09346064814814815
2 0.6174768518518519 0.43995949074074076 0.02854938271604938 0.05237268518518518
2 0.5836226851851852 0.4748263888888889 0.04147376543209876 0.08912037037037036
2 0.5170717592592593 0.46889467592592593 0.024112654320987654 0.05295138888888889
2 0.5061728395061729 0.44502314814814814 0.023919753086419752 0.04918981481481482
2 0.6282793209876543 0.7207754629629629 0.10416666666666667 0.37094907407407407
2 0.5343364197530864 0.7120949074074074 0.09220679012345678 0.3680555555555556
2 0.4538966049382716 0.7126736111111112 0.08564814814814815 0.34953703703703703
2 0.39467592592592593 0.48640046296296297 0.045910493827160496 0.10648148148148148
2 0.3552276234567901 0.4419849537037037 0.0314429012345679 0.051215277777777776
2 0.3307291666666667 0.4910300925925926 0.027584876543209878 0.07465277777777778
2 0.3420138888888889 0.7290219907407407 0.14621913580246915 0.34172453703703703
2 0.2334104938271605 0.44994212962962965 0.023919753086419752 0.052083333333333336
