0 0.145 0.6922222222222222 0.07 0.23333333333333334
0 0.23166666666666666 0.6922222222222222 0.07 0.23333333333333334
0 0.31333333333333335 0.69 0.07333333333333333 0.24666666666666667
0 0.40166666666666667 0.6877777777777778 0.08333333333333333 0.2688888888888889
0 0.4608333333333333 0.6877777777777778 0.075 0.24666666666666667
0 0.48333333333333334 0.7 0.07 0.22666666666666666
0 0.5316666666666666 0.6977777777777778 0.07666666666666666 0.25333333333333335
0 0.5675 0.6933333333333334 0.075 0.24888888888888888
0 0.6175 0.6966666666666667 0.07833333333333334 0.26
0 0.6816666666666666 0.7022222222222222 0.07 0.23555555555555555
0 0.7266666666666667 0.6933333333333334 0.08333333333333333 0.27111111111111114
0 0.7908333333333334 0.6966666666666667 0.07833333333333334 0.26
0 0.8458333333333333 0.6988888888888889 0.08166666666666667 0.2644444444444444
0 0.8883333333333333 0.7011111111111111 0.08333333333333333 0.2688888888888889
0 0.925 0.6944444444444444 0.09 0.29555555555555557
0 0.125 0.6922222222222222 0.056666666666666664 0.18888888888888888
3 0.615 0.8755555555555555 0.05 0.08888888888888889
