0 0.10319148936170212 0.588 0.06170212765957447 0.2288
0 0.18670212765957447 0.672 0.10319148936170212 0.3808
0 0.45159574468085106 0.592 0.07127659574468086 0.2656
0 0.5292553191489362 0.5088 0.05851063829787234 0.2144
0 0.4920212765957447 0.524 0.05851063829787234 0.216
0 0.6893617021276596 0.512 0.05319148936170213 0.1952
0 0.7329787234042553 0.5888 0.07446808510638298 0.2752
0 0.7622340425531915 0.5128 0.05851063829787234 0.216
0 0.7984042553191489 0.5128 0.05638297872340425 0.2128
0 0.26276595744680853 0.6088 0.07021276595744681 0.2608
0 0.2148936170212766 0.5808 0.06595744680851064 0.2464
3 0.3595744680851064 0.5888 0.06382978723404255 0.3264
3 0.6186170212765958 0.6112 0.0925531914893617 0.384
3 0.8941489361702127 0.5952 0.10106382978723404 0.3936
3 0.2835106382978723 0.6472 0.10106382978723404 0.1904
4 0.49840425531914895 0.224 0.9904255319148936 0.4416
