0 0.3518181818181818 0.720873786407767 0.15818181818181817 0.5242718446601942
0 0.21363636363636362 0.5813106796116505 0.10727272727272727 0.3567961165048544
0 0.1390909090909091 0.5315533980582524 0.07818181818181819 0.2524271844660194
0 0.12090909090909091 0.5012135922330098 0.06363636363636363 0.21601941747572814
0 0.44363636363636366 0.5655339805825242 0.08727272727272728 0.28640776699029125
0 0.6863636363636364 0.6395631067961165 0.11090909090909092 0.3616504854368932
0 0.27090909090909093 0.5036407766990292 0.05818181818181818 0.19174757281553398
0 0.9118181818181819 0.4817961165048544 0.034545454545454546 0.11893203883495146
0 0.9427272727272727 0.47694174757281554 0.03090909090909091 0.10436893203883495
0 0.8581818181818182 0.47451456310679613 0.02909090909090909 0.09466019417475728
0 0.8218181818181818 0.47572815533980584 0.02909090909090909 0.10194174757281553
0 0.7572727272727273 0.4672330097087379 0.03090909090909091 0.09951456310679611
0 0.649090909090909 0.44902912621359226 0.02181818181818182 0.07766990291262135
0 0.740909090909091 0.45995145631067963 0.023636363636363636 0.08009708737864078
0 0.6281818181818182 0.45024271844660196 0.02727272727272727 0.08980582524271845
0 0.6145454545454545 0.4429611650485437 0.02181818181818182 0.07524271844660194
0 0.5809090909090909 0.44781553398058255 0.023636363636363636 0.07524271844660194
0 0.5445454545454546 0.4441747572815534 0.023636363636363636 0.07766990291262135
0 0.5127272727272727 0.441747572815534 0.01818181818181818 0.06796116504854369
0 0.5218181818181818 0.4429611650485437 0.014545454545454545 0.055825242718446605
0 0.5518181818181818 0.4368932038834951 0.02 0.06796116504854369
0 0.09909090909090909 0.470873786407767 0.04909090909090909 0.1650485436893204
4 0.27454545454545454 0.4029126213592233 0.12363636363636364 0.07281553398058252
4 0.04181818181818182 0.4344660194174757 0.08 0.13106796116504854
