0 0.059 0.5374251497005988 0.118 0.5014970059880239
0 0.17075 0.5825224550898204 0.15 0.5475299401197605
0 0.2515 0.5559505988023952 0.1395 0.5093562874251497
0 0.336375 0.5523952095808383 0.12775 0.4663173652694611
0 0.412375 0.5344311377245509 0.12525 0.4573353293413174
0 0.673 0.4805389221556886 0.0785 0.2874251497005988
0 0.699875 0.4878368263473054 0.07175 0.2623502994011976
0 0.726625 0.49139221556886226 0.06775 0.24850299401197604
0 0.756125 0.4822230538922156 0.06925 0.2541167664670659
0 0.7785 0.49494760479041916 0.06 0.22043413173652696
0 0.799 0.4869011976047904 0.063 0.22979041916167664
0 0.815 0.49513473053892215 0.057 0.20808383233532934
0 0.829625 0.49532185628742514 0.05675 0.20696107784431136
0 0.905125 0.4936377245508982 0.05775 0.21107784431137724
0 0.983375 0.499625748502994 0.03325 0.17140718562874252
2 0.894625 0.41111526946107785 0.01775 0.025823353293413173
2 0.567375 0.3708832335329341 0.02225 0.0374251497005988
2 0.5295 0.36994760479041916 0.0225 0.03630239520958084
2 0.42875 0.35778443113772457 0.015 0.033682634730538924
2 0.286375 0.38360778443113774 0.02775 0.05538922155688623
2 0.304875 0.36208832335329344 0.01375 0.03330838323353293
2 0.191 0.37200598802395207 0.0215 0.06437125748502993
2 0.368625 0.3375748502994012 0.02575 0.07410179640718563
3 0.856125 0.4938248502994012 0.04825 0.27432634730538924
