0 0.9385171790235082 0.7108433734939759 0.11934900542495479 0.3855421686746988
0 0.8291139240506329 0.7228915662650602 0.11392405063291139 0.3710843373493976
0 0.7694394213381555 0.7 0.10307414104882459 0.3397590361445783
0 0.7242314647377939 0.7240963855421687 0.09945750452079566 0.3301204819277108
0 0.64376130198915 0.7180722891566265 0.0867992766726944 0.2891566265060241
0 0.666365280289331 0.689156626506024 0.09584086799276673 0.3132530120481928
0 0.608499095840868 0.6927710843373494 0.081374321880651 0.27228915662650605
0 0.5741410488245932 0.7072289156626506 0.081374321880651 0.2674698795180723
0 0.46835443037974683 0.7180722891566265 0.12296564195298372 0.4
0 0.40687160940325495 0.7024096385542169 0.10849909584086799 0.35903614457831323
0 0.33634719710669075 0.7349397590361446 0.11934900542495479 0.39518072289156625
0 0.27034358047016277 0.7265060240963855 0.10307414104882459 0.3397590361445783
0 0.22423146473779385 0.7240963855421687 0.09764918625678119 0.3204819277108434
0 0.16184448462929477 0.7180722891566265 0.08860759493670886 0.29397590361445786
0 0.1166365280289331 0.7096385542168675 0.06690777576853527 0.21927710843373494
2 0.7974683544303798 0.5566265060240964 0.05063291139240506 0.0963855421686747
2 0.5433996383363472 0.5891566265060241 0.03074141048824593 0.06987951807228916
2 0.29566003616636527 0.5734939759036145 0.034358047016274866 0.06746987951807229
2 0.3679927667269439 0.5867469879518072 0.0379746835443038 0.09397590361445783
