0 0.17666666666666667 0.5224215246636771 0.15 0.49327354260089684
0 0.245 0.41591928251121074 0.07333333333333333 0.2399103139013453
0 0.31916666666666665 0.46524663677130046 0.105 0.3430493273542601
0 0.3875 0.4786995515695067 0.12833333333333333 0.42376681614349776
0 0.44333333333333336 0.43385650224215244 0.08333333333333333 0.2713004484304933
0 0.5808333333333333 0.4910313901345291 0.165 0.547085201793722
0 0.6383333333333333 0.46860986547085204 0.11666666666666667 0.3901345291479821
0 0.7075 0.4854260089686099 0.12833333333333333 0.42376681614349776
0 0.8 0.5044843049327354 0.15666666666666668 0.5201793721973094
0 0.84 0.5605381165919282 0.22 0.726457399103139
0 0.9325 0.45739910313901344 0.12833333333333333 0.4260089686098655
2 0.055 0.5840807174887892 0.11 0.5627802690582959
2 0.3933333333333333 0.3183856502242152 0.04666666666666667 0.11659192825112108
2 0.5325 0.476457399103139 0.07833333333333334 0.4192825112107623
3 0.26666666666666666 0.6849775784753364 0.09 0.21748878923766815
