0 0.1524163568773234 0.5372137404580153 0.01486988847583643 0.06297709923664122
0 0.1369268897149938 0.5391221374045801 0.0161090458488228 0.06297709923664122
0 0.016728624535315983 0.5467557251908397 0.01858736059479554 0.07442748091603053
0 0.0080545229244114 0.5286259541984732 0.0161090458488228 0.0648854961832061
0 0.10408921933085502 0.6631679389312977 0.08674101610904585 0.32633587786259544
0 0.1926889714993804 0.5400763358778626 0.0161090458488228 0.0648854961832061
0 0.2738537794299876 0.5143129770992366 0.01486988847583643 0.05534351145038168
0 0.29244114002478316 0.5534351145038168 0.01982651796778191 0.08015267175572519
0 0.32961586121437425 0.5114503816793893 0.01486988847583643 0.061068702290076333
0 0.41511771995043373 0.5477099236641222 0.027261462205700124 0.10687022900763359
0 0.4739776951672863 0.7290076335877863 0.11771995043370508 0.44274809160305345
0 0.49566294919454773 0.5887404580152672 0.07434944237918216 0.28435114503816794
0 0.5408921933085502 0.5982824427480916 0.06567534076827757 0.24618320610687022
0 0.6003717472118959 0.5811068702290076 0.0161090458488228 0.05916030534351145
0 0.6171003717472119 0.5562977099236641 0.024783147459727387 0.09732824427480916
0 0.654275092936803 0.5543893129770993 0.024783147459727387 0.09732824427480916
0 0.6716232961586122 0.5658396946564885 0.0322180916976456 0.12022900763358779
0 0.6914498141263941 0.5553435114503816 0.02973977695167286 0.1183206106870229
0 0.7069392812887236 0.5648854961832062 0.028500619578686492 0.11068702290076336
0 0.7397769516728625 0.5677480916030534 0.027261462205700124 0.1049618320610687
0 0.7973977695167286 0.6774809160305344 0.10780669144981413 0.4122137404580153
0 0.9014869888475836 0.6288167938931297 0.10285006195786865 0.38740458015267176
2 0.2558859975216852 0.5133587786259542 0.013630731102850062 0.04961832061068702
2 0.6090458488228006 0.48282442748091603 0.01858736059479554 0.04198473282442748
2 0.6437422552664188 0.47423664122137404 0.013630731102850062 0.05152671755725191
2 0.6995043370508055 0.5200381679389313 0.0161090458488228 0.04007633587786259
