0 0.06770833333333333 0.625 0.11574074074074074 0.4253472222222222
0 0.09085648148148148 0.6145833333333334 0.10416666666666667 0.3819444444444444
0 0.1779513888888889 0.5811631944444444 0.08738425925925926 0.3220486111111111
0 0.24594907407407407 0.6280381944444444 0.11226851851851852 0.4140625
0 0.2916666666666667 0.6319444444444444 0.12268518518518519 0.4496527777777778
0 0.3472222222222222 0.6597222222222222 0.13425925925925927 0.4930555555555556
0 0.4331597222222222 0.6948784722222222 0.14988425925925927 0.5494791666666666
0 0.5193865740740741 0.6319444444444444 0.11168981481481481 0.4114583333333333
0 0.5896990740740741 0.6549479166666666 0.1423611111111111 0.5234375
0 0.6779513888888888 0.6653645833333334 0.1371527777777778 0.5043402777777778
0 0.7494212962962963 0.6484375 0.14814814814814814 0.5451388888888888
0 0.7989004629629629 0.6931423611111112 0.16493055555555555 0.6050347222222222
0 0.9320023148148148 0.6684027777777778 0.13599537037037038 0.6579861111111112
2 0.02141203703703704 0.4479166666666667 0.04282407407407408 0.12152777777777778
2 0.015914351851851853 0.6449652777777778 0.031828703703703706 0.4704861111111111
2 0.02922453703703704 0.4557291666666667 0.015625 0.04513888888888889
2 0.04311342592592592 0.4509548611111111 0.02025462962962963 0.06684027777777778
2 0.1032986111111111 0.4561631944444444 0.022569444444444444 0.06510416666666667
2 0.11921296296296297 0.5013020833333334 0.03935185185185185 0.15538194444444445
2 0.1339699074074074 0.4683159722222222 0.023726851851851853 0.051215277777777776
2 0.12355324074074074 0.4353298611111111 0.012152777777777778 0.03211805555555555
2 0.1316550925925926 0.4322916666666667 0.008680555555555556 0.026041666666666668
2 0.1495949074074074 0.5668402777777778 0.031828703703703706 0.2777777777777778
2 0.17939814814814814 0.4965277777777778 0.05439814814814815 0.171875
2 0.2065972222222222 0.5967881944444444 0.059027777777777776 0.4210069444444444
2 0.3148148148148148 0.453125 0.04282407407407408 0.09027777777777778
2 0.39467592592592593 0.5256076388888888 0.06481481481481481 0.2456597222222222
2 0.4519675925925926 0.5208333333333334 0.06597222222222222 0.2621527777777778
2 0.4866898148148148 0.4895833333333333 0.037037037037037035 0.1232638888888889
2 0.46903935185185186 0.4895833333333333 0.03298611111111111 0.11805555555555555
2 0.5905671296296297 0.5503472222222222 0.11400462962962964 0.3038194444444444
2 0.6235532407407407 0.48828125 0.027199074074074073 0.0859375
2 0.6469907407407407 0.4470486111111111 0.011574074074074073 0.03298611111111111
2 0.6333912037037037 0.4552951388888889 0.019097222222222224 0.042534722222222224
2 0.8405671296296297 0.5221354166666666 0.05381944444444445 0.21614583333333334
2 0.8535879629629629 0.4292534722222222 0.02199074074074074 0.059895833333333336
2 0.8776041666666666 0.5299479166666666 0.045717592592592594 0.2560763888888889
2 0.8929398148148148 0.4375 0.016203703703703703 0.03993055555555555
2 0.9088541666666666 0.4131944444444444 0.03298611111111111 0.10069444444444445
2 0.9800347222222222 0.6792534722222222 0.03761574074074074 0.6241319444444444
2 0.7118055555555556 0.54296875 0.03009259259259259 0.1831597222222222
4 0.5008680555555556 0.4214409722222222 0.07233796296296297 0.05295138888888889
