0 0.9183333333333333 0.5455555555555556 0.09333333333333334 0.3088888888888889
0 0.8116666666666666 0.5222222222222223 0.09333333333333334 0.3111111111111111
0 0.7375 0.5177777777777778 0.08166666666666667 0.26666666666666666
0 0.66 0.5244444444444445 0.07666666666666666 0.25333333333333335
0 0.6108333333333333 0.5044444444444445 0.085 0.28
0 0.5191666666666667 0.4911111111111111 0.075 0.24888888888888888
0 0.4525 0.5233333333333333 0.06833333333333333 0.22444444444444445
0 0.3883333333333333 0.5144444444444445 0.06333333333333334 0.2111111111111111
0 0.3258333333333333 0.48333333333333334 0.06833333333333333 0.2288888888888889
0 0.26916666666666667 0.4955555555555556 0.06833333333333333 0.2222222222222222
0 0.22583333333333333 0.49 0.06833333333333333 0.22444444444444445
0 0.18916666666666668 0.48333333333333334 0.065 0.2111111111111111
0 0.14166666666666666 0.48333333333333334 0.06 0.20222222222222222
0 0.1075 0.49 0.058333333333333334 0.19777777777777777
0 0.07666666666666666 0.4888888888888889 0.056666666666666664 0.19111111111111112
0 0.0325 0.49 0.055 0.18444444444444444
2 0.013333333333333334 0.43555555555555553 0.016666666666666666 0.10666666666666667
2 0.03916666666666667 0.39111111111111113 0.021666666666666667 0.02666666666666667
2 0.08333333333333333 0.39111111111111113 0.03666666666666667 0.057777777777777775
2 0.16166666666666665 0.39555555555555555 0.03666666666666667 0.06666666666666667
2 0.21 0.40555555555555556 0.023333333333333334 0.03333333333333333
2 0.019166666666666665 0.56 0.03166666666666667 0.11555555555555555
2 0.035833333333333335 0.5944444444444444 0.065 0.13555555555555557
2 0.075 0.5311111111111111 0.05333333333333334 0.08444444444444445
2 0.09083333333333334 0.6044444444444445 0.085 0.16
2 0.12083333333333333 0.6155555555555555 0.105 0.16
2 0.12166666666666667 0.5166666666666667 0.02666666666666667 0.03777777777777778
2 0.14416666666666667 0.5244444444444445 0.045 0.09333333333333334
2 0.1775 0.5355555555555556 0.04833333333333333 0.10222222222222223
2 0.20833333333333334 0.5311111111111111 0.04666666666666667 0.07555555555555556
2 0.20833333333333334 0.5911111111111111 0.06666666666666667 0.14666666666666667
2 0.255 0.6033333333333334 0.08333333333333333 0.1622222222222222
2 0.2708333333333333 0.5266666666666666 0.065 0.09777777777777778
2 0.3 0.4 0.03 0.06666666666666667
2 0.32083333333333336 0.61 0.058333333333333334 0.14888888888888888
2 0.33916666666666667 0.5422222222222223 0.065 0.08444444444444445
2 0.38333333333333336 0.5355555555555556 0.03666666666666667 0.10222222222222223
2 0.38166666666666665 0.6233333333333333 0.09 0.14444444444444443
2 0.4325 0.6311111111111111 0.09833333333333333 0.17333333333333334
2 0.4225 0.55 0.045 0.06
2 0.4716666666666667 0.5466666666666666 0.06333333333333334 0.1288888888888889
2 0.42833333333333334 0.4122222222222222 0.09 0.10888888888888888
2 0.4866666666666667 0.4166666666666667 0.04 0.11333333333333333
2 0.5591666666666667 0.3977777777777778 0.035 0.07555555555555556
2 0.505 0.5455555555555556 0.043333333333333335 0.07777777777777778
2 0.515 0.6144444444444445 0.06333333333333334 0.20666666666666667
2 0.5616666666666666 0.5333333333333333 0.04 0.08888888888888889
2 0.575 0.6288888888888889 0.06333333333333334 0.23555555555555555
2 0.6025 0.57 0.04833333333333333 0.14
2 0.6525 0.5533333333333333 0.058333333333333334 0.14222222222222222
2 0.675 0.6077777777777778 0.09333333333333334 0.15333333333333332
2 0.7033333333333334 0.5822222222222222 0.08333333333333333 0.21777777777777776
2 0.6908333333333333 0.41 0.045 0.10444444444444445
2 0.5775 0.4266666666666667 0.045 0.10666666666666667
2 0.7575 0.45444444444444443 0.041666666666666664 0.17555555555555555
2 0.8075 0.6355555555555555 0.11166666666666666 0.27555555555555555
2 0.8033333333333333 0.5566666666666666 0.09 0.11777777777777777
2 0.8608333333333333 0.6177777777777778 0.065 0.17333333333333334
