0 0.0775 0.6372180451127819 0.03 0.12406015037593984
0 0.14625 0.6729323308270677 0.1025 0.38345864661654133
0 0.23625 0.6447368421052632 0.0425 0.16165413533834586
0 0.26 0.6484962406015038 0.04 0.14661654135338345
0 0.35 0.6654135338345865 0.085 0.3233082706766917
0 0.39125 0.5864661654135338 0.0075 0.03759398496240601
0 0.4 0.5827067669172933 0.01 0.03759398496240601
0 0.4825 0.6578947368421053 0.095 0.3609022556390977
0 0.54625 0.6522556390977443 0.0775 0.29699248120300753
0 0.62125 0.6409774436090225 0.0675 0.24436090225563908
0 0.64125 0.6334586466165414 0.0475 0.17669172932330826
0 0.66625 0.6992481203007519 0.0575 0.21804511278195488
0 0.7125 0.7161654135338346 0.06 0.22180451127819548
0 0.805 0.6240601503759399 0.195 0.7293233082706767
0 0.94125 0.6390977443609023 0.1175 0.5037593984962406
0 0.22375 0.6484962406015038 0.0175 0.06390977443609022
2 0.20125 0.6334586466165414 0.0275 0.08646616541353383
2 0.3125 0.6522556390977443 0.025 0.05639097744360902
2 0.42375 0.6353383458646616 0.0325 0.07518796992481203
2 0.52375 0.6165413533834586 0.0225 0.045112781954887216
2 0.505 0.6203007518796992 0.015 0.08270676691729323
2 0.685 0.6390977443609023 0.025 0.06766917293233082
2 0.90375 0.6710526315789473 0.1125 0.34962406015037595
2 0.1775 0.6654135338345865 0.025 0.14285714285714285
2 0.87125 0.6560150375939849 0.1875 0.6729323308270677
