0 0.16 0.7552552552552553 0.048 0.0990990990990991
0 0.128 0.7582582582582582 0.064 0.11711711711711711
0 0.196 0.7477477477477478 0.04 0.08408408408408409
0 0.22 0.7492492492492493 0.048 0.09309309309309309
0 0.256 0.7897897897897898 0.064 0.12012012012012012
0 0.314 0.7807807807807807 0.076 0.13813813813813813
0 0.362 0.7837837837837838 0.068 0.12612612612612611
0 0.406 0.7762762762762763 0.076 0.14714714714714713
0 0.434 0.7672672672672672 0.068 0.13513513513513514
0 0.472 0.7837837837837838 0.064 0.12012012012012012
0 0.496 0.7327327327327328 0.04 0.07807807807807808
0 0.588 0.7897897897897898 0.064 0.12612612612612611
0 0.646 0.7777777777777778 0.068 0.13213213213213212
0 0.686 0.7822822822822822 0.076 0.14714714714714713
0 0.756 0.7642642642642643 0.064 0.12312312312312312
0 0.792 0.7642642642642643 0.056 0.10510510510510511
0 0.894 0.7912912912912913 0.076 0.14114114114114115
0 0.84 0.7432432432432432 0.048 0.09309309309309309
2 0.046 0.7447447447447447 0.052 0.06006006006006006
2 0.012 0.7702702702702703 0.024 0.08708708708708708
2 0.252 0.7297297297297297 0.032 0.05405405405405406
2 0.288 0.7192192192192193 0.032 0.03903903903903904
2 0.39 0.7297297297297297 0.028 0.04804804804804805
2 0.488 0.7267267267267268 0.04 0.042042042042042045
2 0.25 0.6996996996996997 0.036 0.042042042042042045
2 0.282 0.7027027027027027 0.036 0.036036036036036036
2 0.878 0.7762762762762763 0.052 0.14114114114114115
2 0.742 0.7027027027027027 0.036 0.036036036036036036
2 0.338 0.7237237237237237 0.02 0.036036036036036036
4 0.62 0.6966966966966966 0.208 0.06006006006006006
