0 0.21884057971014492 0.4709864603481625 0.06086956521739131 0.20309477756286268
0 0.2855072463768116 0.43133462282398455 0.04057971014492753 0.13926499032882012
0 0.3789855072463768 0.43520309477756286 0.036231884057971016 0.12379110251450677
0 0.4115942028985507 0.4709864603481625 0.07246376811594203 0.24177949709864605
0 0.4405797101449275 0.40618955512572535 0.04927536231884058 0.15860735009671179
0 0.5152173913043478 0.4941972920696325 0.07681159420289856 0.2572533849129594
0 0.5847826086956521 0.4197292069632495 0.036231884057971016 0.12379110251450677
0 0.6028985507246377 0.42166344294003866 0.028985507246376812 0.09284332688588008
0 0.6159420289855072 0.41102514506769827 0.028985507246376812 0.09477756286266925
0 0.6268115942028986 0.4081237911025145 0.02753623188405797 0.08897485493230174
0 0.6572463768115943 0.4332688588007737 0.030434782608695653 0.10444874274661509
0 0.6884057971014492 0.5193423597678917 0.06956521739130435 0.2263056092843327
0 0.7456521739130435 0.42649903288201163 0.036231884057971016 0.1218568665377176
0 0.7644927536231884 0.40038684719535783 0.021739130434782608 0.06963249516441006
0 0.7884057971014493 0.3849129593810445 0.017391304347826087 0.058027079303675046
0 0.8181159420289855 0.4274661508704062 0.036231884057971016 0.12379110251450677
0 0.8434782608695652 0.39361702127659576 0.017391304347826087 0.06382978723404255
0 0.855072463768116 0.3945841392649903 0.020289855072463767 0.06576402321083172
0 0.8782608695652174 0.4584139264990329 0.05507246376811594 0.18181818181818182
0 0.9079710144927536 0.4574468085106383 0.05652173913043478 0.18375241779497098
0 0.9376811594202898 0.42940038684719534 0.028985507246376812 0.10058027079303675
0 0.967391304347826 0.4381044487427466 0.04492753623188406 0.1450676982591876
2 0.3050724637681159 0.3733075435203095 0.02463768115942029 0.058027079303675046
2 0.32318840579710145 0.3858800773694391 0.02318840579710145 0.03288201160541586
2 0.33260869565217394 0.40618955512572535 0.036231884057971016 0.0735009671179884
2 0.34057971014492755 0.4497098646034816 0.03768115942028986 0.09090909090909091
2 0.3072463768115942 0.4158607350096712 0.043478260869565216 0.05415860735009671
2 0.3101449275362319 0.4709864603481625 0.04927536231884058 0.09090909090909091
2 0.42536231884057973 0.3829787234042553 0.01884057971014493 0.05029013539651837
2 0.6847826086956522 0.3839458413926499 0.02463768115942029 0.05609284332688588
2 0.7376811594202899 0.4158607350096712 0.02608695652173913 0.11218568665377177
2 0.8753623188405797 0.3665377176015474 0.034782608695652174 0.048355899419729204
2 0.9260869565217391 0.4284332688588008 0.03768115942028986 0.14119922630560927
2 0.8652173913043478 0.43907156673114117 0.02318840579710145 0.1702127659574468
