0 0.051515151515151514 0.8373983739837398 0.022222222222222223 0.0910569105691057
0 0.08232323232323233 0.8073170731707318 0.021212121212121213 0.08943089430894309
0 0.09343434343434344 0.8048780487804879 0.023232323232323233 0.0943089430894309
0 0.1095959595959596 0.8195121951219512 0.025252525252525252 0.1008130081300813
0 0.1388888888888889 0.8699186991869918 0.025252525252525252 0.1008130081300813
0 0.09797979797979799 0.8723577235772357 0.022222222222222223 0.08943089430894309
0 0.12323232323232323 0.9528455284552846 0.022222222222222223 0.0910569105691057
0 0.19090909090909092 0.7845528455284553 0.020202020202020204 0.07967479674796749
0 0.20656565656565656 0.7853658536585366 0.01717171717171717 0.06829268292682927
0 0.32171717171717173 0.8707317073170732 0.023232323232323233 0.0959349593495935
0 0.36818181818181817 0.9056910569105691 0.025252525252525252 0.1008130081300813
0 0.4111111111111111 0.8804878048780488 0.022222222222222223 0.08943089430894309
0 0.43686868686868685 0.8804878048780488 0.025252525252525252 0.0991869918699187
0 0.45555555555555555 0.8723577235772357 0.01818181818181818 0.07317073170731707
0 0.4823232323232323 0.8723577235772357 0.02727272727272727 0.11219512195121951
0 0.49696969696969695 0.7772357723577236 0.01616161616161616 0.06504065040650407
0 0.5080808080808081 0.7788617886178861 0.01616161616161616 0.06829268292682927
0 0.5202020202020202 0.7894308943089431 0.01818181818181818 0.07642276422764227
0 0.5414141414141415 0.7780487804878049 0.01818181818181818 0.07642276422764227
0 0.5343434343434343 0.7723577235772358 0.01616161616161616 0.06829268292682927
0 0.553030303030303 0.7886178861788617 0.01919191919191919 0.07804878048780488
0 0.5611111111111111 0.7691056910569106 0.01717171717171717 0.07154471544715447
0 0.5681818181818182 0.7032520325203252 0.01717171717171717 0.06666666666666667
0 0.7459595959595959 0.8195121951219512 0.01919191919191919 0.08130081300813008
0 0.6883838383838384 0.9390243902439024 0.02727272727272727 0.10894308943089431
0 0.6752525252525252 0.9357723577235773 0.021212121212121213 0.08617886178861789
0 0.657070707070707 0.926829268292683 0.02727272727272727 0.11056910569105691
0 0.6464646464646465 0.9341463414634147 0.028282828282828285 0.11219512195121951
1 0.031818181818181815 0.8398373983739837 0.01717171717171717 0.06991869918699187
2 0.11161616161616161 0.7105691056910569 0.025252525252525252 0.07479674796747968
2 0.010101010101010102 0.8235772357723578 0.01818181818181818 0.0959349593495935
2 0.5611111111111111 0.6959349593495935 0.01919191919191919 0.04878048780487805
2 0.8515151515151516 0.883739837398374 0.04040404040404041 0.10894308943089431
2 0.14242424242424243 0.9471544715447154 0.03232323232323232 0.09268292682926829
