0 0.04583333333333333 0.7744360902255639 0.07833333333333334 0.2907268170426065
0 0.08 0.7744360902255639 0.07 0.2656641604010025
0 0.16083333333333333 0.768170426065163 0.07833333333333334 0.2932330827067669
0 0.22416666666666665 0.7807017543859649 0.085 0.3182957393483709
0 0.2775 0.7957393483709273 0.105 0.38847117794486213
0 0.3175 0.7769423558897243 0.085 0.3107769423558897
0 0.37916666666666665 0.7832080200501254 0.06833333333333333 0.2581453634085213
0 0.44333333333333336 0.793233082706767 0.08666666666666667 0.3233082706766917
0 0.49916666666666665 0.793233082706767 0.105 0.38345864661654133
0 0.5366666666666666 0.793233082706767 0.10666666666666667 0.39348370927318294
0 0.58 0.7907268170426065 0.08333333333333333 0.3132832080200501
0 0.6283333333333333 0.7882205513784462 0.09666666666666666 0.3634085213032581
0 0.6733333333333333 0.818295739348371 0.08666666666666667 0.3233082706766917
0 0.6533333333333333 0.8120300751879699 0.09333333333333334 0.3408521303258145
0 0.7791666666666667 0.8020050125313283 0.09833333333333333 0.3609022556390977
0 0.8316666666666667 0.8007518796992481 0.09666666666666666 0.3583959899749373
0 0.028333333333333332 0.8032581453634086 0.056666666666666664 0.3533834586466165
0 0.4083333333333333 0.7468671679197995 0.056666666666666664 0.21553884711779447
2 0.035 0.6541353383458647 0.05333333333333334 0.10025062656641603
2 0.08 0.6528822055137845 0.023333333333333334 0.042606516290726815
2 0.105 0.6541353383458647 0.023333333333333334 0.05513784461152882
2 0.1175 0.6679197994987469 0.025 0.05263157894736842
2 0.1375 0.6791979949874687 0.03166666666666667 0.11528822055137844
2 0.20416666666666666 0.6729323308270677 0.03166666666666667 0.07268170426065163
2 0.25416666666666665 0.6679197994987469 0.035 0.08270676691729323
2 0.36 0.6729323308270677 0.056666666666666664 0.09273182957393483
2 0.4666666666666667 0.6541353383458647 0.04 0.06516290726817042
2 0.605 0.6679197994987469 0.03 0.08270676691729323
2 0.9025 0.6578947368421053 0.075 0.13784461152882205
2 0.89 0.7468671679197995 0.10333333333333333 0.17543859649122806
2 0.7608333333333334 0.6754385964912281 0.055 0.11278195488721804
