0 0.08083333333333333 0.6235955056179775 0.14166666666666666 0.47415730337078654
0 0.14833333333333334 0.6112359550561798 0.11 0.36404494382022473
0 0.24916666666666668 0.5797752808988764 0.09166666666666666 0.3056179775280899
0 0.28 0.5179775280898876 0.03 0.09662921348314607
0 0.37166666666666665 0.49887640449438203 0.023333333333333334 0.0853932584269663
0 0.4033333333333333 0.5561797752808989 0.06 0.20449438202247192
0 0.45 0.5516853932584269 0.06333333333333334 0.21348314606741572
0 0.4633333333333333 0.6258426966292134 0.12333333333333334 0.41123595505617977
0 0.5616666666666666 0.5595505617977528 0.09333333333333334 0.3146067415730337
0 0.6258333333333334 0.5640449438202247 0.065 0.2202247191011236
0 0.6491666666666667 0.5280898876404494 0.051666666666666666 0.1707865168539326
0 0.71 0.5370786516853933 0.04666666666666667 0.16179775280898875
0 0.7308333333333333 0.5797752808988764 0.07833333333333334 0.2606741573033708
0 0.8083333333333333 0.5483146067415731 0.07 0.2292134831460674
0 0.8633333333333333 0.6022471910112359 0.10333333333333333 0.34606741573033706
0 0.9375 0.5730337078651685 0.085 0.2876404494382023
0 0.955 0.5685393258426966 0.06666666666666667 0.2247191011235955
0 0.021666666666666667 0.4887640449438202 0.013333333333333334 0.04269662921348315
0 0.03333333333333333 0.48314606741573035 0.006666666666666667 0.02696629213483146
0 0.043333333333333335 0.4887640449438202 0.013333333333333334 0.04269662921348315
2 0.2891666666666667 0.5022471910112359 0.011666666666666667 0.08764044943820225
2 0.6091666666666666 0.49550561797752807 0.055 0.10112359550561797
2 0.5725 0.5640449438202247 0.06833333333333333 0.31910112359550563
2 0.8208333333333333 0.5359550561797752 0.10166666666666667 0.19550561797752808
2 0.7266666666666667 0.5651685393258427 0.06666666666666667 0.2
4 0.20666666666666667 0.47191011235955055 0.07 0.02696629213483146
4 0.3225 0.47191011235955055 0.06833333333333333 0.02247191011235955
