0 0.2484375 0.6333333333333333 0.1875 0.6125
0 0.709375 0.6520833333333333 0.2 0.6583333333333333
2 0.07890625 0.3614583333333333 0.1046875 0.38125
2 0.14609375 0.24895833333333334 0.0609375 0.28125
2 0.18359375 0.13333333333333333 0.0765625 0.19583333333333333
2 0.24765625 0.18645833333333334 0.0734375 0.15625
2 0.29140625 0.12395833333333334 0.0828125 0.20625
2 0.29296875 0.3541666666666667 0.1109375 0.36666666666666664
2 0.1875 0.36875 0.11875 0.3541666666666667
2 0.4140625 0.140625 0.08125 0.17291666666666666
2 0.44375 0.20625 0.0875 0.1875
2 0.57578125 0.12708333333333333 0.1109375 0.22083333333333333
2 0.55703125 0.31979166666666664 0.0703125 0.19375
2 0.70703125 0.15416666666666667 0.0953125 0.2375
2 0.8 0.23958333333333334 0.075 0.22083333333333333
2 0.8734375 0.23125 0.08125 0.1875
2 0.82578125 0.40208333333333335 0.1140625 0.325
2 0.89609375 0.3854166666666667 0.1328125 0.3375
2 0.9 0.14166666666666666 0.065625 0.1625
