0 0.0875 0.6704260651629073 0.16166666666666665 0.5989974937343359
0 0.14416666666666667 0.6416040100250626 0.145 0.5413533834586466
0 0.23416666666666666 0.6654135338345865 0.15833333333333333 0.5889724310776943
0 0.3925 0.6654135338345865 0.15833333333333333 0.5839598997493735
0 0.6875 0.6353383458646616 0.14166666666666666 0.5288220551378446
0 0.5775 0.47117794486215536 0.04833333333333333 0.18045112781954886
0 0.6041666666666666 0.42355889724310775 0.018333333333333333 0.07017543859649122
0 0.63 0.45112781954887216 0.02666666666666667 0.10526315789473684
0 0.8041666666666667 0.45864661654135336 0.028333333333333332 0.10526315789473684
0 0.8208333333333333 0.45614035087719296 0.028333333333333332 0.11027568922305764
0 0.8458333333333333 0.45363408521303256 0.03833333333333333 0.14035087719298245
0 0.8625 0.45363408521303256 0.041666666666666664 0.15037593984962405
0 0.8933333333333333 0.49122807017543857 0.07333333333333333 0.2706766917293233
0 0.9558333333333333 0.45614035087719296 0.03166666666666667 0.12531328320802004
0 0.9808333333333333 0.44862155388471175 0.03833333333333333 0.14035087719298245
2 0.295 0.5325814536340853 0.07 0.22305764411027568
2 0.3433333333333333 0.531328320802005 0.07666666666666666 0.16541353383458646
2 0.44583333333333336 0.6027568922305765 0.11833333333333333 0.3533834586466165
2 0.5133333333333333 0.5839598997493735 0.10666666666666667 0.2756892230576441
2 0.5408333333333334 0.5588972431077694 0.055 0.11528822055137844
2 0.5558333333333333 0.5526315789473685 0.051666666666666666 0.11779448621553884
2 0.5533333333333333 0.4273182957393484 0.02666666666666667 0.06766917293233082
2 0.545 0.45363408521303256 0.02 0.06015037593984962
2 0.6525 0.4674185463659148 0.035 0.07769423558897243
2 0.5558333333333333 0.7844611528822055 0.23833333333333334 0.40100250626566414
2 0.6291666666666667 0.5726817042606517 0.08166666666666667 0.13784461152882205
2 0.6316666666666667 0.37218045112781956 0.02 0.06265664160401002
2 0.72 0.44611528822055135 0.03333333333333333 0.09523809523809523
2 0.7608333333333334 0.5927318295739349 0.06833333333333333 0.18295739348370926
2 0.7841666666666667 0.5275689223057645 0.07166666666666667 0.10776942355889724
2 0.7533333333333333 0.4649122807017544 0.03666666666666667 0.06766917293233082
2 0.7525 0.4273182957393484 0.018333333333333333 0.042606516290726815
2 0.785 0.46616541353383456 0.03 0.08020050125313283
2 0.79 0.4223057644110276 0.02 0.05263157894736842
2 0.9316666666666666 0.4674185463659148 0.03666666666666667 0.13784461152882205
2 0.9408333333333333 0.4197994987468672 0.021666666666666667 0.042606516290726815
2 0.9716666666666667 0.41478696741854637 0.016666666666666666 0.03258145363408521
2 0.9908333333333333 0.46616541353383456 0.015 0.14536340852130325
