0 0.25 0.5248756218905473 0.06666666666666667 0.24378109452736318
0 0.2783333333333333 0.5186567164179104 0.06 0.2263681592039801
0 0.30333333333333334 0.5199004975124378 0.05333333333333334 0.19900497512437812
0 0.5525 0.5223880597014925 0.06166666666666667 0.22885572139303484
0 0.645 0.5248756218905473 0.03666666666666667 0.13432835820895522
0 0.6775 0.527363184079602 0.03166666666666667 0.11940298507462686
0 0.7016666666666667 0.5236318407960199 0.03 0.11194029850746269
0 0.7283333333333334 0.5261194029850746 0.03 0.11691542288557213
0 0.7983333333333333 0.5286069651741293 0.03333333333333333 0.12686567164179105
0 0.8208333333333333 0.5323383084577115 0.03166666666666667 0.11940298507462686
0 0.8491666666666666 0.5323383084577115 0.03166666666666667 0.11442786069651742
0 0.8941666666666667 0.527363184079602 0.055 0.19900497512437812
0 0.9108333333333334 0.5286069651741293 0.04833333333333333 0.18159203980099503
0 0.9283333333333333 0.5248756218905473 0.056666666666666664 0.20398009950248755
0 0.9558333333333333 0.5348258706467661 0.06166666666666667 0.22885572139303484
0 0.9758333333333333 0.5348258706467661 0.04833333333333333 0.23880597014925373
0 0.9483333333333334 0.5348258706467661 0.05 0.18407960199004975
0 0.12916666666666668 0.1791044776119403 0.018333333333333333 0.06467661691542288
0 0.9508333333333333 0.30970149253731344 0.018333333333333333 0.06716417910447761
2 0.31666666666666665 0.5149253731343284 0.05 0.208955223880597
2 0.54 0.5161691542288557 0.03666666666666667 0.22139303482587064
2 0.8766666666666667 0.47761194029850745 0.03333333333333333 0.06965174129353234
2 0.009166666666666667 0.31716417910447764 0.018333333333333333 0.05721393034825871
2 0.011666666666666667 0.3743781094527363 0.023333333333333334 0.06218905472636816
4 0.07833333333333334 0.236318407960199 0.15333333333333332 0.11442786069651742
4 0.4091666666666667 0.2947761194029851 0.505 0.2462686567164179
4 0.7458333333333333 0.30472636815920395 0.315 0.21144278606965175
4 0.12 0.36691542288557216 0.12666666666666668 0.08208955223880597
