0 0.09680851063829787 0.5104501607717041 0.06170212765957447 0.2266881028938907
0 0.08031914893617022 0.610128617363344 0.05638297872340425 0.21382636655948553
0 0.1148936170212766 0.7532154340836013 0.0574468085106383 0.21382636655948553
0 0.09202127659574467 0.8512861736334405 0.05851063829787234 0.2202572347266881
0 0.19414893617021275 0.639871382636656 0.06489361702127659 0.24437299035369775
0 0.2324468085106383 0.5586816720257235 0.06702127659574468 0.2459807073954984
0 0.2957446808510638 0.795016077170418 0.06595744680851064 0.2459807073954984
0 0.3579787234042553 0.587620578778135 0.07127659574468086 0.2620578778135048
0 0.3920212765957447 0.6856913183279743 0.06489361702127659 0.2395498392282958
0 0.43457446808510636 0.844855305466238 0.06914893617021277 0.25884244372990356
0 0.4973404255319149 0.7532154340836013 0.06914893617021277 0.25562700964630225
0 0.5223404255319148 0.6615755627009646 0.06382978723404255 0.23633440514469453
0 0.5962765957446808 0.8810289389067524 0.06063829787234042 0.2282958199356913
0 0.6377659574468085 0.795016077170418 0.07127659574468086 0.2684887459807074
0 0.6664893617021277 0.7106109324758842 0.06702127659574468 0.2508038585209003
0 0.799468085106383 0.8569131832797428 0.06702127659574468 0.24758842443729903
0 0.8223404255319149 0.7556270096463023 0.07446808510638298 0.2765273311897106
0 0.9553191489361702 0.8914790996784566 0.04893617021276596 0.18167202572347266
0 0.9739361702127659 0.8102893890675241 0.052127659574468084 0.2572347266881029
0 0.899468085106383 0.40353697749196143 0.05851063829787234 0.21864951768488747
0 0.8952127659574468 0.34726688102893893 0.05425531914893617 0.20257234726688103
0 0.9010638297872341 0.1535369774919614 0.04468085106382979 0.16559485530546625
0 0.9079787234042553 0.10691318327974277 0.05425531914893617 0.20096463022508038
0 0.851063829787234 0.23070739549839228 0.0574468085106383 0.21061093247588425
0 0.8212765957446808 0.2990353697749196 0.05531914893617021 0.20257234726688103
0 0.7638297872340426 0.3745980707395498 0.05319148936170213 0.19935691318327975
0 0.6579787234042553 0.33681672025723475 0.05 0.18810289389067525
0 0.6797872340425531 0.26768488745980706 0.05106382978723404 0.19131832797427653
0 0.7196808510638298 0.20096463022508038 0.052127659574468084 0.19614147909967847
0 0.773936170212766 0.12459807073954984 0.047872340425531915 0.18167202572347266
0 0.6835106382978723 0.11254019292604502 0.052127659574468084 0.19614147909967847
0 0.597872340425532 0.17363344051446947 0.05106382978723404 0.18971061093247588
0 0.5872340425531914 0.2266881028938907 0.04893617021276596 0.1832797427652733
0 0.526595744680851 0.31109324758842444 0.0574468085106383 0.21382636655948553
0 0.42446808510638295 0.26768488745980706 0.05106382978723404 0.18810289389067525
0 0.48138297872340424 0.19935691318327975 0.052127659574468084 0.19292604501607716
0 0.523936170212766 0.15916398713826366 0.05 0.1864951768488746
0 0.41808510638297874 0.1157556270096463 0.04680851063829787 0.17363344051446947
0 0.35904255319148937 0.1864951768488746 0.045744680851063826 0.17363344051446947
0 0.3180851063829787 0.22588424437299034 0.05319148936170213 0.20096463022508038
0 0.23085106382978723 0.20016077170418006 0.05106382978723404 0.18810289389067525
0 0.25372340425531914 0.15032154340836013 0.052127659574468084 0.1945337620578778
0 0.31117021276595747 0.08842443729903537 0.04148936170212766 0.15755627009646303
0 0.18723404255319148 0.08279742765273312 0.0425531914893617 0.16237942122186494
0 0.14893617021276595 0.12379421221864952 0.04893617021276596 0.1832797427652733
0 0.1026595744680851 0.18890675241157556 0.05 0.18488745980707397
0 0.04734042553191489 0.0932475884244373 0.05 0.1864951768488746
0 0.015425531914893617 0.1567524115755627 0.030851063829787233 0.19131832797427653
2 0.09468085106382979 0.06993569131832797 0.05319148936170213 0.13987138263665594
2 0.02925531914893617 0.05707395498392283 0.045744680851063826 0.1045016077170418
2 0.16808510638297872 0.04421221864951769 0.036170212765957444 0.07234726688102894
2 0.21223404255319148 0.06913183279742766 0.052127659574468084 0.1189710610932476
2 0.3303191489361702 0.06511254019292605 0.03723404255319149 0.1302250803858521
2 0.38085106382978723 0.04501607717041801 0.04468085106382979 0.08038585209003216
2 0.4351063829787234 0.07636655948553055 0.05106382978723404 0.14630225080385853
2 0.4765957446808511 0.05627009646302251 0.05319148936170213 0.10932475884244373
2 0.5281914893617021 0.06028938906752412 0.045744680851063826 0.1045016077170418
2 0.5696808510638298 0.07234726688102894 0.05638297872340425 0.13183279742765272
2 0.6787234042553192 0.06511254019292605 0.05319148936170213 0.1302250803858521
2 0.7787234042553192 0.10289389067524116 0.05319148936170213 0.19614147909967847
2 0.9803191489361702 0.182475884244373 0.02872340425531915 0.20096463022508038
2 0.8824468085106383 0.9397106109324759 0.05 0.10128617363344052
2 0.7446808510638298 0.907556270096463 0.08936170212765958 0.1720257234726688
2 0.6792553191489362 0.9734726688102894 0.03297872340425532 0.04983922829581994
2 0.5606382978723404 0.9493569131832797 0.07446808510638298 0.09485530546623794
2 0.3898936170212766 0.907556270096463 0.06063829787234042 0.18488745980707397
2 0.09202127659574467 0.9397106109324759 0.07765957446808511 0.09807073954983923
2 0.022872340425531913 0.7065916398713826 0.039361702127659576 0.2684887459807074
2 0.011702127659574468 0.42684887459807075 0.023404255319148935 0.10771704180064309
