0 0.020416666666666666 0.544375 0.010833333333333334 0.04375
0 0.03958333333333333 0.53375 0.0075 0.0275
0 0.04791666666666667 0.534375 0.0075 0.02875
0 0.059166666666666666 0.530625 0.006666666666666667 0.02625
0 0.07708333333333334 0.53125 0.005833333333333334 0.025
0 0.10333333333333333 0.53375 0.008333333333333333 0.0325
0 0.11458333333333333 0.5325 0.009166666666666667 0.035
0 0.13208333333333333 0.533125 0.009166666666666667 0.03375
0 0.15125 0.53375 0.010833333333333334 0.0425
0 0.16333333333333333 0.52875 0.006666666666666667 0.0275
0 0.17166666666666666 0.53125 0.005 0.02
0 0.18708333333333332 0.58 0.035833333333333335 0.13
0 0.21541666666666667 0.585 0.035833333333333335 0.135
0 0.2475 0.575625 0.03666666666666667 0.13375
0 0.27 0.538125 0.011666666666666667 0.04625
0 0.25833333333333336 0.53375 0.013333333333333334 0.0525
0 0.3070833333333333 0.544375 0.0125 0.04875
0 0.31666666666666665 0.54375 0.011666666666666667 0.0475
0 0.32375 0.543125 0.0125 0.04875
0 0.32916666666666666 0.544375 0.01 0.04125
0 0.33958333333333335 0.540625 0.014166666666666666 0.05125
0 0.36916666666666664 0.59375 0.041666666666666664 0.155
0 0.39916666666666667 0.566875 0.03333333333333333 0.12375
0 0.4125 0.598125 0.03833333333333333 0.14375
0 0.49833333333333335 0.5775 0.03166666666666667 0.12
0 0.5283333333333333 0.57375 0.03166666666666667 0.1175
0 0.5566666666666666 0.595625 0.04833333333333333 0.18125
0 0.5183333333333333 0.524375 0.008333333333333333 0.03375
0 0.7641666666666667 0.538125 0.021666666666666667 0.08125
0 0.7858333333333334 0.53625 0.023333333333333334 0.085
0 0.8225 0.574375 0.03166666666666667 0.11875
0 0.8870833333333333 0.569375 0.0325 0.12125
0 0.91 0.52 0.008333333333333333 0.03
0 0.22125 0.58125 0.034166666666666665 0.1275
0 0.4866666666666667 0.526875 0.01 0.03875
0 0.8391666666666666 0.521875 0.011666666666666667 0.04375
0 0.855 0.518125 0.005 0.02125
0 0.8508333333333333 0.520625 0.005 0.02125
0 0.46541666666666665 0.52375 0.004166666666666667 0.0175
0 0.45875 0.520625 0.005833333333333334 0.02375
0 0.47875 0.528125 0.0075 0.02625
2 0.41208333333333336 0.521875 0.0175 0.03625
2 0.3466666666666667 0.52375 0.01 0.025
2 0.35333333333333333 0.5275 0.015 0.03
2 0.22625 0.529375 0.010833333333333334 0.03875
2 0.18125 0.525 0.0075 0.0175
2 0.012083333333333333 0.5325 0.005833333333333334 0.0275
4 0.665 0.519375 0.19166666666666668 0.03125
