0 0.08727272727272728 0.22816593886462883 0.04363636363636364 0.1331877729257642
0 0.21727272727272728 0.0851528384279476 0.02 0.0611353711790393
0 0.28454545454545455 0.2259825327510917 0.038181818181818185 0.11572052401746726
0 0.37272727272727274 0.11899563318777293 0.02909090909090909 0.08951965065502183
0 0.7145454545454546 0.08842794759825327 0.02181818181818182 0.06331877729257641
0 0.8154545454545454 0.27729257641921395 0.04181818181818182 0.12663755458515283
0 0.98 0.0851528384279476 0.01818181818181818 0.056768558951965066
0 0.11090909090909092 0.7958515283842795 0.05090909090909091 0.15065502183406113
0 0.21545454545454545 0.5895196506550219 0.02 0.06550218340611354
0 0.3109090909090909 0.6517467248908297 0.02909090909090909 0.08951965065502183
0 0.3381818181818182 0.8253275109170306 0.05090909090909091 0.14847161572052403
0 0.75 0.7205240174672489 0.09636363636363636 0.28820960698689957
2 0.1481818181818182 0.0927947598253275 0.034545454545454546 0.04148471615720524
2 0.1509090909090909 0.10698689956331878 0.025454545454545455 0.034934497816593885
2 0.14727272727272728 0.5862445414847162 0.025454545454545455 0.03275109170305677
2 0.15545454545454546 0.6135371179039302 0.038181818181818185 0.039301310043668124
2 0.6127272727272727 0.22379912663755458 0.02909090909090909 0.07641921397379912
2 0.8972727272727272 0.17467248908296942 0.03090909090909091 0.034934497816593885
2 0.8436363636363636 0.1146288209606987 0.03636363636363636 0.07205240174672489
