0 0.11454545454545455 0.6702702702702703 0.13454545454545455 0.4918918918918919
0 0.20909090909090908 0.6797297297297298 0.11272727272727273 0.4189189189189189
0 0.3 0.6608108108108108 0.12 0.43513513513513513
0 0.35818181818181816 0.6486486486486487 0.11272727272727273 0.41621621621621624
0 0.43 0.6459459459459459 0.11454545454545455 0.42162162162162165
0 0.49272727272727274 0.5013513513513513 0.10545454545454545 0.3864864864864865
0 0.6854545454545454 0.5243243243243243 0.12 0.43243243243243246
0 0.7272727272727273 0.6621621621621622 0.12363636363636364 0.4486486486486487
0 0.7963636363636364 0.65 0.13818181818181818 0.5054054054054054
0 0.8445454545454546 0.7027027027027027 0.14363636363636365 0.5243243243243243
2 0.7518181818181818 0.3581081081081081 0.11090909090909092 0.20270270270270271
