0 0.11041666666666666 0.66875 0.175 0.43333333333333335
0 0.259375 0.646875 0.16875 0.41458333333333336
0 0.36666666666666664 0.47708333333333336 0.1 0.24583333333333332
0 0.20833333333333334 0.40625 0.0625 0.15833333333333333
0 0.15833333333333333 0.415625 0.07083333333333333 0.17708333333333334
0 0.06979166666666667 0.41770833333333335 0.06458333333333334 0.16041666666666668
0 0.027083333333333334 0.409375 0.05416666666666667 0.17708333333333334
0 0.45729166666666665 0.44583333333333336 0.04791666666666667 0.11666666666666667
0 0.3927083333333333 0.43333333333333335 0.08125 0.20416666666666666
0 0.42916666666666664 0.38958333333333334 0.06666666666666667 0.16666666666666666
0 0.590625 0.725 0.21041666666666667 0.5208333333333334
0 0.728125 0.7375 0.21041666666666667 0.5125
0 0.9458333333333333 0.3854166666666667 0.06666666666666667 0.1625
0 0.9020833333333333 0.37395833333333334 0.05416666666666667 0.13125
0 0.8854166666666666 0.35208333333333336 0.04583333333333333 0.1125
0 0.8572916666666667 0.3625 0.052083333333333336 0.125
0 0.8114583333333333 0.378125 0.052083333333333336 0.12708333333333333
0 0.709375 0.40208333333333335 0.06875 0.16666666666666666
0 0.671875 0.36666666666666664 0.04791666666666667 0.11666666666666667
0 0.6427083333333333 0.36354166666666665 0.04791666666666667 0.11875
0 0.6114583333333333 0.396875 0.06458333333333334 0.15625
0 0.6 0.340625 0.04583333333333333 0.11041666666666666
0 0.9302083333333333 0.7541666666666667 0.13958333333333334 0.49166666666666664
2 0.25416666666666665 0.365625 0.06666666666666667 0.10625
2 0.31354166666666666 0.3541666666666667 0.052083333333333336 0.058333333333333334
2 0.31145833333333334 0.40208333333333335 0.06458333333333334 0.09583333333333334
2 0.271875 0.39479166666666665 0.06041666666666667 0.08125
2 0.29270833333333335 0.521875 0.10208333333333333 0.20208333333333334
2 0.5104166666666666 0.47708333333333336 0.1375 0.24166666666666667
2 0.5427083333333333 0.3885416666666667 0.04791666666666667 0.09375
2 0.5354166666666667 0.3385416666666667 0.05 0.06458333333333334
2 0.45416666666666666 0.3614583333333333 0.0625 0.05625
2 0.36875 0.32916666666666666 0.058333333333333334 0.0625
2 0.490625 0.325 0.04375 0.075
2 0.553125 0.3145833333333333 0.027083333333333334 0.0625
2 0.5229166666666667 0.30416666666666664 0.05 0.05416666666666667
2 0.5739583333333333 0.31979166666666664 0.035416666666666666 0.07291666666666667
2 0.615625 0.31145833333333334 0.027083333333333334 0.05625
2 0.675 0.3072916666666667 0.025 0.03958333333333333
2 0.8385416666666666 0.48333333333333334 0.12708333333333333 0.14583333333333334
2 0.75625 0.5052083333333334 0.12083333333333333 0.15208333333333332
2 0.7708333333333334 0.390625 0.058333333333333334 0.11875
2 0.7822916666666667 0.328125 0.04375 0.08125
2 0.8291666666666667 0.325 0.0375 0.05
2 0.7125 0.3104166666666667 0.05 0.0375
2 0.9739583333333334 0.3072916666666667 0.022916666666666665 0.035416666666666666
