0 0.2365684575389948 0.9197674418604651 0.025996533795493933 0.044186046511627906
0 0.2729636048526863 0.911046511627907 0.053726169844020795 0.08953488372093023
0 0.6031195840554593 0.9226744186046512 0.03466204506065858 0.05930232558139535
0 0.7019064124783362 0.9186046511627907 0.03119584055459272 0.053488372093023255
0 0.7322357019064125 0.9226744186046512 0.029462738301559793 0.05232558139534884
0 0.7547660311958405 0.9203488372093023 0.029462738301559793 0.05
0 0.7755632582322357 0.9197674418604651 0.029462738301559793 0.04883720930232558
0 0.8110918544194108 0.9174418604651163 0.02772963604852686 0.046511627906976744
0 0.9722703639514731 0.9267441860465117 0.03466204506065858 0.05813953488372093
2 0.11005199306759099 0.9122093023255814 0.07105719237435008 0.05
2 0.0658578856152513 0.9116279069767442 0.09012131715771231 0.08837209302325581
2 0.016464471403812825 0.9203488372093023 0.022530329289428077 0.03372093023255814
2 0.33535528596187175 0.913953488372093 0.043327556325823226 0.03488372093023256
2 0.3682842287694974 0.9209302325581395 0.05719237435008666 0.06744186046511629
