0 0.14102564102564102 0.7697368421052632 0.08875739644970414 0.2868421052631579
0 0.06804733727810651 0.7855263157894737 0.08481262327416174 0.27631578947368424
0 0.022682445759368838 0.7526315789473684 0.045364891518737675 0.20526315789473684
0 0.10453648915187377 0.7460526315789474 0.07495069033530571 0.24473684210526317
0 0.17357001972386588 0.7671052631578947 0.0631163708086785 0.2131578947368421
0 0.2445759368836292 0.7302631578947368 0.0631163708086785 0.2131578947368421
0 0.2682445759368836 0.7421052631578947 0.07100591715976332 0.23684210526315788
0 0.3264299802761341 0.7605263157894737 0.06903353057199212 0.23157894736842105
0 0.3668639053254438 0.7223684210526315 0.0670611439842209 0.21842105263157896
0 0.3974358974358974 0.7381578947368421 0.07297830374753451 0.24473684210526317
0 0.4418145956607495 0.7486842105263158 0.07889546351084813 0.26052631578947366
0 0.5039447731755424 0.6986842105263158 0.0650887573964497 0.2131578947368421
0 0.5522682445759369 0.7289473684210527 0.0670611439842209 0.22631578947368422
0 0.5897435897435898 0.6881578947368421 0.05917159763313609 0.19210526315789472
0 0.6479289940828402 0.7131578947368421 0.0650887573964497 0.21578947368421053
0 0.6942800788954635 0.65 0.04339250493096647 0.14736842105263157
0 0.7149901380670611 0.7157894736842105 0.0650887573964497 0.22105263157894736
0 0.7435897435897436 0.7552631578947369 0.08284023668639054 0.26842105263157895
0 0.7958579881656804 0.7355263157894737 0.08481262327416174 0.28157894736842104
0 0.8392504930966469 0.7 0.0650887573964497 0.21578947368421053
0 0.8944773175542406 0.7342105263157894 0.07692307692307693 0.25263157894736843
0 0.9625246548323472 0.7302631578947368 0.07100591715976332 0.2394736842105263
0 0.9792899408284024 0.6881578947368421 0.04142011834319527 0.20789473684210527
0 0.9151873767258383 0.6684210526315789 0.047337278106508875 0.15789473684210525
0 0.6134122287968442 0.6776315789473685 0.055226824457593686 0.1868421052631579
0 0.47928994082840237 0.6881578947368421 0.055226824457593686 0.1868421052631579
4 0.5009861932938856 0.5881578947368421 0.9980276134122288 0.18157894736842106
