0 0.2411764705882353 0.18289085545722714 0.011764705882352941 0.04129793510324484
0 0.24803921568627452 0.18289085545722714 0.00980392156862745 0.04129793510324484
0 0.2549019607843137 0.18289085545722714 0.011764705882352941 0.04129793510324484
0 0.2627450980392157 0.18141592920353983 0.00784313725490196 0.038348082595870206
0 0.2696078431372549 0.18436578171091444 0.00980392156862745 0.038348082595870206
0 0.2784313725490196 0.18436578171091444 0.011764705882352941 0.04424778761061947
0 0.30392156862745096 0.1873156342182891 0.011764705882352941 0.04424778761061947
0 0.2950980392156863 0.18584070796460178 0.00980392156862745 0.04129793510324484
0 0.30980392156862746 0.18289085545722714 0.011764705882352941 0.04129793510324484
0 0.3176470588235294 0.18436578171091444 0.011764705882352941 0.04424778761061947
0 0.045098039215686274 0.7492625368731564 0.09019607843137255 0.471976401179941
0 0.18137254901960784 0.8097345132743363 0.1 0.3687315634218289
0 0.3029411764705882 0.8790560471976401 0.06470588235294118 0.2359882005899705
0 0.4215686274509804 0.7404129793510325 0.11764705882352941 0.4306784660766962
0 0.23137254901960785 0.6578171091445427 0.10196078431372549 0.37168141592920356
0 0.3764705882352941 0.6091445427728613 0.0784313725490196 0.2920353982300885
0 0.5235294117647059 0.6474926253687315 0.08627450980392157 0.3274336283185841
0 0.6431372549019608 0.5722713864306784 0.0784313725490196 0.2949852507374631
0 0.5980392156862745 0.7890855457227138 0.09411764705882353 0.35103244837758113
0 0.5009803921568627 0.5427728613569321 0.0803921568627451 0.3008849557522124
0 0.5598039215686275 0.45722713864306785 0.049019607843137254 0.17699115044247787
0 0.6088235294117647 0.5029498525073747 0.052941176470588235 0.19174041297935104
0 0.6794117647058824 0.4823008849557522 0.049019607843137254 0.18584070796460178
0 0.4803921568627451 0.4749262536873156 0.054901960784313725 0.20058997050147492
0 0.25392156862745097 0.556047197640118 0.07254901960784314 0.26843657817109146
0 0.34705882352941175 0.48672566371681414 0.054901960784313725 0.20648967551622419
0 0.31862745098039214 0.41150442477876104 0.041176470588235294 0.16224188790560473
0 0.20980392156862746 0.4557522123893805 0.0392156862745098 0.1504424778761062
0 0.2735294117647059 0.3775811209439528 0.03725490196078431 0.1415929203539823
0 0.23627450980392156 0.3805309734513274 0.025490196078431372 0.0943952802359882
0 0.19509803921568628 0.3466076696165192 0.029411764705882353 0.10914454277286136
0 0.4362745098039216 0.4218289085545723 0.045098039215686274 0.16519174041297935
0 0.4117647058823529 0.4026548672566372 0.0392156862745098 0.1504424778761062
0 0.38823529411764707 0.3805309734513274 0.03529411764705882 0.12979351032448377
0 0.3686274509803922 0.32448377581120946 0.0196078431372549 0.07669616519174041
0 0.4598039215686274 0.35398230088495575 0.029411764705882353 0.11209439528023599
0 0.49019607843137253 0.37610619469026546 0.03529411764705882 0.13274336283185842
0 0.5627450980392157 0.3938053097345133 0.0392156862745098 0.14454277286135694
0 0.7156862745098039 0.6991150442477876 0.10196078431372549 0.37168141592920356
0 0.7803921568627451 0.6342182890855457 0.08627450980392157 0.3185840707964602
0 0.8323529411764706 0.5663716814159292 0.06862745098039216 0.25958702064896755
0 0.8901960784313725 0.5398230088495575 0.058823529411764705 0.22418879056047197
0 0.9323529411764706 0.7536873156342183 0.10392156862745099 0.3864306784660767
0 0.961764705882353 0.6784660766961652 0.07647058823529412 0.35398230088495575
0 0.9764705882352941 0.6106194690265486 0.047058823529411764 0.2713864306784661
0 0.9401960784313725 0.47345132743362833 0.041176470588235294 0.16224188790560473
0 0.9882352941176471 0.387905604719764 0.023529411764705882 0.12684365781710916
0 0.9235294117647059 0.4631268436578171 0.047058823529411764 0.17699115044247787
0 0.9558823529411765 0.4056047197640118 0.03333333333333333 0.12684365781710916
0 0.7725490196078432 0.3893805309734513 0.03137254901960784 0.12389380530973451
0 0.796078431372549 0.5058997050147492 0.050980392156862744 0.1976401179941003
0 0.7401960784313726 0.4557522123893805 0.045098039215686274 0.17404129793510326
0 0.7029411764705882 0.3746312684365782 0.029411764705882353 0.11209439528023599
0 0.8519607843137255 0.47640117994100295 0.052941176470588235 0.19174041297935104
0 0.8715686274509804 0.4056047197640118 0.041176470588235294 0.1504424778761062
0 0.9637254901960784 0.3952802359882006 0.03333333333333333 0.12979351032448377
0 0.9 0.3687315634218289 0.027450980392156862 0.10619469026548672
0 0.8833333333333333 0.37610619469026546 0.029411764705882353 0.11504424778761062
0 0.65 0.35398230088495575 0.025490196078431372 0.10029498525073746
0 0.5186274509803922 0.3834808259587021 0.025490196078431372 0.10029498525073746
0 0.5725490196078431 0.3480825958702065 0.027450980392156862 0.10029498525073746
0 0.592156862745098 0.3495575221238938 0.023529411764705882 0.09144542772861357
0 0.6029411764705882 0.3702064896755162 0.029411764705882353 0.11504424778761062
0 0.6186274509803922 0.41297935103244837 0.029411764705882353 0.11799410029498525
0 0.7323529411764705 0.36283185840707965 0.021568627450980392 0.07669616519174041
0 0.7009803921568627 0.5530973451327433 0.06862745098039216 0.26253687315634217
0 0.8137254901960784 0.415929203539823 0.03137254901960784 0.12389380530973451
0 0.8313725490196079 0.40412979351032446 0.0392156862745098 0.1415929203539823
0 0.9764705882352941 0.3407079646017699 0.023529411764705882 0.09144542772861357
0 0.711764705882353 0.3230088495575221 0.0196078431372549 0.07374631268436578
0 0.9254901960784314 0.33480825958702065 0.01568627450980392 0.05604719764011799
0 0.9382352941176471 0.3185840707964602 0.00980392156862745 0.04129793510324484
0 0.9529411764705882 0.31710914454277284 0.00784313725490196 0.032448377581120944
0 0.7862745098039216 0.3466076696165192 0.023529411764705882 0.09144542772861357
0 0.7431372549019608 0.34513274336283184 0.0196078431372549 0.08259587020648967
0 0.49901960784313726 0.33185840707964603 0.01764705882352941 0.07374631268436578
0 0.5245098039215687 0.35988200589970504 0.025490196078431372 0.10029498525073746
0 0.5303921568627451 0.34513274336283184 0.021568627450980392 0.08259587020648967
0 0.43137254901960786 0.3053097345132743 0.00784313725490196 0.032448377581120944
0 0.3392156862745098 0.3495575221238938 0.0196078431372549 0.07374631268436578
0 0.2627450980392157 0.3495575221238938 0.03137254901960784 0.11504424778761062
0 0.15784313725490196 0.35988200589970504 0.029411764705882353 0.11209439528023599
0 0.1450980392156863 0.3864306784660767 0.03137254901960784 0.12389380530973451
0 0.12058823529411765 0.4557522123893805 0.052941176470588235 0.19174041297935104
0 0.08725490196078431 0.6047197640117994 0.08823529411764706 0.3303834808259587
0 0.09509803921568627 0.5103244837758112 0.06470588235294118 0.24188790560471976
0 0.028431372549019607 0.41887905604719766 0.045098039215686274 0.1710914454277286
0 0.054901960784313725 0.4056047197640118 0.0392156862745098 0.14454277286135694
0 0.07058823529411765 0.35398230088495575 0.027450980392156862 0.10029498525073746
0 0.1784313725490196 0.3008849557522124 0.0196078431372549 0.07079646017699115
0 0.09705882352941177 0.20501474926253688 0.00980392156862745 0.038348082595870206
0 0.10588235294117647 0.12389380530973451 0.00784313725490196 0.035398230088495575
0 0.10882352941176471 0.308259587020649 0.0058823529411764705 0.02654867256637168
0 0.23431372549019608 0.2935103244837758 0.01764705882352941 0.06784660766961652
0 0.22156862745098038 0.3053097345132743 0.0196078431372549 0.07964601769911504
0 0.19215686274509805 0.26991150442477874 0.00784313725490196 0.032448377581120944
0 0.22058823529411764 0.19911504424778761 0.0058823529411764705 0.02654867256637168
0 0.21274509803921568 0.18584070796460178 0.0058823529411764705 0.029498525073746312
0 0.19117647058823528 0.168141592920354 0.0058823529411764705 0.02359882005899705
0 0.052941176470588235 0.30383480825958703 0.011764705882352941 0.04129793510324484
0 0.0892156862745098 0.29056047197640117 0.013725490196078431 0.05604719764011799
0 0.07549019607843137 0.3215339233038348 0.025490196078431372 0.10029498525073746
2 0.5568627450980392 0.9188790560471977 0.12549019607843137 0.1504424778761062
2 0.20490196078431372 0.3525073746312684 0.03333333333333333 0.04424778761061947
2 0.41862745098039217 0.3112094395280236 0.013725490196078431 0.02064896755162242
2 0.31862745098039214 0.3008849557522124 0.013725490196078431 0.035398230088495575
2 0.3323529411764706 0.30678466076696165 0.013725490196078431 0.0471976401179941
2 0.2656862745098039 0.26991150442477874 0.013725490196078431 0.02654867256637168
2 0.1392156862745098 0.2949852507374631 0.01568627450980392 0.035398230088495575
2 0.153921568627451 0.2831858407079646 0.01764705882352941 0.035398230088495575
4 0.4117647058823529 0.19616519174041297 0.09803921568627451 0.07374631268436578
4 0.3431372549019608 0.18584070796460178 0.03529411764705882 0.05309734513274336
4 0.9637254901960784 0.27876106194690264 0.06862745098039216 0.07964601769911504
4 0.8980392156862745 0.2713864306784661 0.06274509803921569 0.06489675516224189
4 0.8294117647058824 0.28466076696165193 0.07450980392156863 0.09734513274336283
4 0.7607843137254902 0.2640117994100295 0.06666666666666667 0.06784660766961652
4 0.6950980392156862 0.2640117994100295 0.060784313725490195 0.07374631268436578
4 0.6323529411764706 0.26253687315634217 0.060784313725490195 0.07669616519174041
4 0.5705882352941176 0.26253687315634217 0.06274509803921569 0.07669616519174041
4 0.5009803921568627 0.26253687315634217 0.07647058823529412 0.07669616519174041
4 0.4117647058823529 0.2610619469026549 0.10196078431372549 0.05604719764011799
4 0.31666666666666665 0.2581120943952802 0.08823529411764706 0.061946902654867256
4 0.25 0.23156342182890854 0.045098039215686274 0.04424778761061947
4 0.17549019607843136 0.23156342182890854 0.10392156862745099 0.05014749262536873
4 0.0392156862745098 0.10471976401179942 0.0196078431372549 0.032448377581120944
4 0.0784313725490196 0.2345132743362832 0.043137254901960784 0.05604719764011799
4 0.027450980392156862 0.25073746312684364 0.054901960784313725 0.05309734513274336
4 0.0196078431372549 0.308259587020649 0.0392156862745098 0.05604719764011799
