0 0.08375 0.5924528301886792 0.1125 0.4226415094339623
0 0.12 0.5528301886792453 0.07 0.2679245283018868
0 0.17625 0.5264150943396226 0.0525 0.2
0 0.03875 0.569811320754717 0.0775 0.3320754716981132
0 0.3375 0.4962264150943396 0.035 0.1320754716981132
0 0.3625 0.5207547169811321 0.05 0.1811320754716981
0 0.425 0.5452830188679245 0.085 0.32075471698113206
0 0.54375 0.5415094339622641 0.0475 0.18490566037735848
0 0.48 0.5264150943396226 0.045 0.17735849056603772
0 0.51125 0.5264150943396226 0.0475 0.17735849056603772
0 0.60875 0.5169811320754717 0.0525 0.2037735849056604
0 0.9275 0.4 0.035 0.12830188679245283
0 0.745 0.4679245283018868 0.045 0.1660377358490566
0 0.63125 0.5113207547169811 0.0525 0.19245283018867926
0 0.7875 0.7075471698113207 0.115 0.42641509433962266
0 0.81625 0.6150943396226415 0.1275 0.47547169811320755
0 0.575 0.5037735849056604 0.05 0.18490566037735848
0 0.3825 0.5075471698113208 0.045 0.16981132075471697
0 0.53 0.4981132075471698 0.055 0.21132075471698114
0 0.30125 0.5018867924528302 0.0325 0.12830188679245283
0 0.3975 0.5150943396226415 0.045 0.16981132075471697
0 0.2475 0.5452830188679245 0.04 0.1471698113207547
0 0.2675 0.5188679245283019 0.04 0.1471698113207547
2 0.02875 0.6867924528301886 0.0575 0.36981132075471695
2 0.89375 0.5811320754716981 0.0975 0.12830188679245283
2 0.93 0.7226415094339622 0.135 0.5471698113207547
2 0.67625 0.6867924528301886 0.0875 0.43018867924528303
2 0.72 0.4037735849056604 0.025 0.06037735849056604
2 0.68625 0.38301886792452833 0.0325 0.04150943396226415
2 0.68625 0.4358490566037736 0.0425 0.06415094339622641
2 0.555 0.4207547169811321 0.025 0.04905660377358491
2 0.48125 0.41320754716981134 0.0225 0.033962264150943396
4 0.58875 0.43018867924528303 0.0275 0.052830188679245285
4 0.64125 0.4169811320754717 0.0275 0.05660377358490566
4 0.835 0.41132075471698115 0.04 0.09056603773584905
4 0.455 0.46226415094339623 0.02 0.05660377358490566
4 0.47 0.44150943396226416 0.015 0.03773584905660377
4 0.20875 0.5283018867924528 0.0475 0.15849056603773584
4 0.28875 0.44528301886792454 0.0175 0.06037735849056604
