0 0.5029166666666667 0.5122655122655123 0.004166666666666667 0.017316017316017316
0 0.9895833333333334 0.6096681096681097 0.020833333333333332 0.113997113997114
0 0.9741666666666666 0.5851370851370852 0.018333333333333333 0.08225108225108226
0 0.9645833333333333 0.577922077922078 0.014166666666666666 0.06493506493506493
0 0.9291666666666667 0.5800865800865801 0.016666666666666666 0.07503607503607504
0 0.9120833333333334 0.5930735930735931 0.019166666666666665 0.0836940836940837
0 0.9004166666666666 0.6277056277056277 0.0275 0.11832611832611832
0 0.9666666666666667 0.8455988455988456 0.06666666666666667 0.30014430014430016
0 0.9775 0.7554112554112554 0.045 0.24675324675324675
0 0.86125 0.7604617604617605 0.0575 0.24242424242424243
0 0.8025 0.8506493506493507 0.06833333333333333 0.29292929292929293
0 0.7316666666666667 0.7662337662337663 0.055 0.23376623376623376
0 0.7608333333333334 0.6940836940836941 0.03833333333333333 0.1645021645021645
0 0.8054166666666667 0.6536796536796536 0.034166666666666665 0.1471861471861472
0 0.835 0.6262626262626263 0.025 0.10966810966810966
0 0.86625 0.6883116883116883 0.0425 0.1847041847041847
0 0.8883333333333333 0.6565656565656566 0.035 0.1471861471861472
0 0.6704166666666667 0.6998556998556998 0.03916666666666667 0.1645021645021645
0 0.7258333333333333 0.6673881673881674 0.03166666666666667 0.1370851370851371
0 0.7683333333333333 0.6298701298701299 0.025 0.1111111111111111
0 0.7404166666666666 0.6197691197691197 0.0275 0.11688311688311688
0 0.7775 0.6017316017316018 0.02 0.08946608946608947
0 0.80875 0.5772005772005772 0.0125 0.05772005772005772
0 0.8666666666666667 0.6212121212121212 0.02666666666666667 0.11688311688311688
0 0.9566666666666667 0.6471861471861472 0.021666666666666667 0.09090909090909091
0 0.8483333333333334 0.5685425685425686 0.011666666666666667 0.05194805194805195
0 0.8241666666666667 0.5505050505050505 0.005 0.024531024531024532
0 0.6929166666666666 0.6284271284271284 0.024166666666666666 0.10245310245310245
0 0.6804166666666667 0.626984126984127 0.025833333333333333 0.10822510822510822
0 0.72125 0.6103896103896104 0.024166666666666666 0.1038961038961039
0 0.645 0.6673881673881674 0.03333333333333333 0.14285714285714285
0 0.5970833333333333 0.7763347763347763 0.060833333333333336 0.2597402597402597
0 0.5741666666666667 0.6998556998556998 0.04 0.17027417027417027
0 0.5616666666666666 0.6702741702741702 0.03333333333333333 0.14285714285714285
0 0.63125 0.6486291486291487 0.029166666666666667 0.12554112554112554
0 0.615 0.6291486291486291 0.02666666666666667 0.11255411255411256
0 0.6066666666666667 0.6183261183261183 0.023333333333333334 0.10245310245310245
0 0.7029166666666666 0.5851370851370852 0.014166666666666666 0.06493506493506493
0 0.445 0.8318903318903319 0.075 0.3217893217893218
0 0.46416666666666667 0.7655122655122655 0.055 0.2352092352092352
0 0.47333333333333333 0.7041847041847041 0.03333333333333333 0.1443001443001443
0 0.47875 0.6774891774891775 0.0325 0.13997113997113997
0 0.4875 0.6493506493506493 0.02666666666666667 0.11544011544011544
0 0.4945833333333333 0.6378066378066378 0.024166666666666666 0.10101010101010101
0 0.49833333333333335 0.6277056277056277 0.025 0.10678210678210678
0 0.34208333333333335 0.7691197691197691 0.0625 0.26551226551226553
0 0.39375 0.7027417027417028 0.035833333333333335 0.15584415584415584
0 0.40958333333333335 0.6601731601731602 0.029166666666666667 0.12265512265512266
0 0.42125 0.6305916305916306 0.0175 0.07792207792207792
0 0.4320833333333333 0.6240981240981242 0.019166666666666665 0.08225108225108226
0 0.2833333333333333 0.8376623376623377 0.07333333333333333 0.31313131313131315
0 0.12666666666666668 0.8578643578643579 0.06 0.2582972582972583
0 0.21958333333333332 0.7763347763347763 0.050833333333333335 0.21933621933621933
0 0.12958333333333333 0.7005772005772006 0.034166666666666665 0.14862914862914864
0 0.09416666666666666 0.7756132756132756 0.058333333333333334 0.24675324675324675
0 0.04083333333333333 0.7128427128427128 0.035 0.1471861471861472
0 0.155 0.6558441558441559 0.03 0.12554112554112554
0 0.17583333333333334 0.6724386724386724 0.03333333333333333 0.1414141414141414
0 0.24791666666666667 0.6738816738816739 0.0275 0.11544011544011544
0 0.3016666666666667 0.7027417027417028 0.03333333333333333 0.1443001443001443
0 0.35583333333333333 0.6587301587301587 0.028333333333333332 0.12265512265512266
0 0.30083333333333334 0.6284271284271284 0.016666666666666666 0.0735930735930736
0 0.27416666666666667 0.6378066378066378 0.016666666666666666 0.07215007215007214
0 0.215 0.6248196248196248 0.011666666666666667 0.05483405483405483
0 0.2025 0.665945165945166 0.015 0.06204906204906205
0 0.13125 0.6486291486291487 0.020833333333333332 0.08802308802308802
0 0.0725 0.6443001443001443 0.018333333333333333 0.08225108225108226
0 0.10583333333333333 0.6637806637806638 0.023333333333333334 0.1038961038961039
0 0.04708333333333333 0.5966810966810967 0.010833333333333334 0.050505050505050504
0 0.058333333333333334 0.6147186147186147 0.015 0.06349206349206349
0 0.0475 0.683982683982684 0.028333333333333332 0.1240981240981241
0 0.13208333333333333 0.6089466089466089 0.015833333333333335 0.07215007215007214
0 0.08875 0.6017316017316018 0.010833333333333334 0.049062049062049064
0 0.2475 0.6082251082251082 0.008333333333333333 0.03896103896103896
0 0.33916666666666667 0.6673881673881674 0.028333333333333332 0.12265512265512266
0 0.019166666666666665 0.6385281385281385 0.021666666666666667 0.09668109668109669
0 0.37041666666666667 0.6421356421356421 0.0225 0.09812409812409813
0 0.3829166666666667 0.5995670995670995 0.009166666666666667 0.04184704184704185
0 0.32208333333333333 0.6067821067821068 0.009166666666666667 0.03896103896103896
0 0.18125 0.6046176046176046 0.005833333333333334 0.02886002886002886
0 0.3954166666666667 0.5966810966810967 0.010833333333333334 0.050505050505050504
0 0.5920833333333333 0.601010101010101 0.019166666666666665 0.08225108225108226
0 0.59875 0.6096681096681097 0.020833333333333332 0.09090909090909091
2 0.37666666666666665 0.5670995670995671 0.005 0.023088023088023088
2 0.36791666666666667 0.5685425685425686 0.010833333333333334 0.020202020202020204
2 0.35375 0.5772005772005772 0.010833333333333334 0.020202020202020204
2 0.34041666666666665 0.562049062049062 0.009166666666666667 0.015873015873015872
2 0.35083333333333333 0.5606060606060606 0.01 0.015873015873015872
2 0.021666666666666667 0.8838383838383839 0.041666666666666664 0.215007215007215
3 0.07458333333333333 0.9473304473304474 0.08083333333333333 0.09379509379509379
3 0.04875 0.8556998556998557 0.059166666666666666 0.07792207792207792
3 0.17458333333333334 0.8347763347763347 0.06416666666666666 0.0735930735930736
3 0.19541666666666666 0.9422799422799423 0.10916666666666666 0.10678210678210678
3 0.37916666666666665 0.8448773448773449 0.06666666666666667 0.09090909090909091
3 0.34625 0.9415584415584416 0.09583333333333334 0.1111111111111111
3 0.48625 0.9365079365079365 0.07583333333333334 0.11832611832611832
3 0.48333333333333334 0.8513708513708513 0.06 0.07503607503607504
3 0.49333333333333335 0.7626262626262627 0.04 0.05627705627705628
3 0.49375 0.7251082251082251 0.034166666666666665 0.03607503607503607
4 0.19833333333333333 0.538961038961039 0.05333333333333334 0.027417027417027416
4 0.25 0.5396825396825397 0.05 0.02886002886002886
4 0.2991666666666667 0.5396825396825397 0.04833333333333333 0.031746031746031744
4 0.35041666666666665 0.5375180375180375 0.0525 0.03318903318903319
4 0.40458333333333335 0.5339105339105339 0.05583333333333333 0.03463203463203463
4 0.46 0.5324675324675324 0.055 0.03463203463203463
4 0.5041666666666667 0.5310245310245311 0.03333333333333333 0.03751803751803752
4 0.5104166666666666 0.5043290043290043 0.0075 0.015873015873015872
4 0.5570833333333334 0.5216450216450217 0.0675 0.027417027417027416
4 0.625 0.5209235209235209 0.07 0.02886002886002886
4 0.7095833333333333 0.5194805194805194 0.09916666666666667 0.031746031746031744
4 0.7904166666666667 0.5180375180375181 0.0625 0.03463203463203463
4 0.8545833333333334 0.5165945165945166 0.06583333333333333 0.03751803751803752
4 0.9433333333333334 0.5209235209235209 0.11166666666666666 0.04329004329004329
4 0.6266666666666667 0.5028860028860029 0.006666666666666667 0.015873015873015872
4 0.6116666666666667 0.5014430014430015 0.006666666666666667 0.012987012987012988
4 0.14 0.5533910533910534 0.06 0.03318903318903319
4 0.09125 0.5541125541125541 0.0375 0.03463203463203463
4 0.05625 0.5562770562770563 0.030833333333333334 0.030303030303030304
4 0.021666666666666667 0.5584415584415584 0.03666666666666667 0.031746031746031744
4 0.2 0.5721500721500722 0.058333333333333334 0.03896103896103896
4 0.28208333333333335 0.5692640692640693 0.10583333333333333 0.030303030303030304
4 0.4091666666666667 0.5613275613275613 0.055 0.020202020202020204
4 0.47333333333333333 0.5642135642135642 0.07 0.031746031746031744
4 0.5420833333333334 0.5685425685425686 0.0275 0.06060606060606061
4 0.57125 0.5533910533910534 0.0275 0.03607503607503607
4 0.6175 0.5577200577200577 0.065 0.044733044733044736
4 0.67125 0.5541125541125541 0.04083333333333333 0.03751803751803752
4 0.7291666666666666 0.5483405483405484 0.07333333333333333 0.031746031746031744
4 0.7841666666666667 0.5447330447330447 0.03666666666666667 0.01875901875901876
4 0.8716666666666667 0.5526695526695526 0.023333333333333334 0.03751803751803752
