0 0.012727272727272728 0.4155844155844156 0.025454545454545455 0.14545454545454545
0 0.025454545454545455 0.41688311688311686 0.03636363636363636 0.12727272727272726
0 0.045454545454545456 0.4142857142857143 0.04 0.14805194805194805
0 0.06909090909090909 0.41948051948051945 0.03636363636363636 0.12727272727272726
0 0.08636363636363636 0.42077922077922075 0.04181818181818182 0.14545454545454545
0 0.11 0.42727272727272725 0.034545454545454546 0.12207792207792208
0 0.12818181818181817 0.42207792207792205 0.04181818181818182 0.14805194805194805
0 0.16363636363636364 0.42337662337662335 0.04363636363636364 0.15064935064935064
0 0.21 0.42467532467532465 0.038181818181818185 0.14285714285714285
0 0.22 0.42467532467532465 0.04363636363636364 0.15844155844155844
0 0.25363636363636366 0.41948051948051945 0.04181818181818182 0.14805194805194805
0 0.29545454545454547 0.42857142857142855 0.045454545454545456 0.16103896103896104
0 0.09181818181818181 0.3116883116883117 0.016363636363636365 0.05714285714285714
0 0.19363636363636363 0.42337662337662335 0.04181818181818182 0.14545454545454545
0 0.3327272727272727 0.42987012987012985 0.04363636363636364 0.15844155844155844
0 0.3654545454545455 0.43116883116883115 0.04727272727272727 0.17142857142857143
0 0.3972727272727273 0.42207792207792205 0.038181818181818185 0.14285714285714285
0 0.43636363636363634 0.42987012987012985 0.04727272727272727 0.16363636363636364
0 0.33636363636363636 0.3077922077922078 0.01090909090909091 0.04415584415584416
0 0.36272727272727273 0.3090909090909091 0.00909090909090909 0.03116883116883117
0 0.39181818181818184 0.2961038961038961 0.00909090909090909 0.03636363636363636
0 0.4809090909090909 0.43896103896103894 0.04909090909090909 0.17662337662337663
0 0.52 0.42727272727272725 0.04727272727272727 0.16363636363636364
0 0.5381818181818182 0.44935064935064933 0.04363636363636364 0.15584415584415584
0 0.5681818181818182 0.44805194805194803 0.045454545454545456 0.16363636363636364
0 0.5981818181818181 0.44025974025974024 0.05090909090909091 0.17922077922077922
0 0.6381818181818182 0.44935064935064933 0.05090909090909091 0.18701298701298702
0 0.6918181818181818 0.45714285714285713 0.02 0.07272727272727272
0 0.980909090909091 0.4688311688311688 0.038181818181818185 0.17402597402597403
0 0.7281818181818182 0.4714285714285714 0.05272727272727273 0.18441558441558442
0 0.7618181818181818 0.44155844155844154 0.01818181818181818 0.06753246753246753
0 0.7890909090909091 0.44415584415584414 0.02181818181818182 0.08311688311688312
0 0.8145454545454546 0.44545454545454544 0.02181818181818182 0.08571428571428572
0 0.8418181818181818 0.4623376623376623 0.02181818181818182 0.07792207792207792
0 0.8863636363636364 0.43376623376623374 0.02727272727272727 0.0987012987012987
0 0.7663636363636364 0.2922077922077922 0.016363636363636365 0.05454545454545454
0 0.7418181818181818 0.2909090909090909 0.01090909090909091 0.03636363636363636
0 0.6227272727272727 0.7181818181818181 0.06363636363636363 0.23116883116883116
0 0.5572727272727273 0.7363636363636363 0.07818181818181819 0.2727272727272727
0 0.43363636363636365 0.7701298701298701 0.07454545454545454 0.2623376623376623
0 0.3190909090909091 0.7441558441558441 0.07818181818181819 0.2727272727272727
0 0.24272727272727274 0.7324675324675325 0.07090909090909091 0.24935064935064935
0 0.4172727272727273 0.6571428571428571 0.0890909090909091 0.3168831168831169
0 0.5145454545454545 0.6142857142857143 0.05090909090909091 0.18441558441558442
0 0.6336363636363637 0.6480519480519481 0.05272727272727273 0.18961038961038962
0 0.3527272727272727 0.6467532467532467 0.06181818181818182 0.21818181818181817
0 0.26545454545454544 0.6727272727272727 0.06181818181818182 0.21298701298701297
0 0.6654545454545454 0.4 0.014545454545454545 0.05714285714285714
0 0.6581818181818182 0.4909090909090909 0.025454545454545455 0.0987012987012987
0 0.6054545454545455 0.2948051948051948 0.014545454545454545 0.05454545454545454
0 0.5718181818181818 0.2961038961038961 0.012727272727272728 0.05194805194805195
0 0.5590909090909091 0.2922077922077922 0.005454545454545455 0.02857142857142857
0 0.46454545454545454 0.43766233766233764 0.04181818181818182 0.15324675324675324
0 0.41909090909090907 0.42857142857142855 0.045454545454545456 0.16623376623376623
0 0.26636363636363636 0.2961038961038961 0.012727272727272728 0.046753246753246755
0 0.28 0.3025974025974026 0.014545454545454545 0.05454545454545454
0 0.2790909090909091 0.412987012987013 0.03090909090909091 0.11428571428571428
2 0.5918181818181818 0.5558441558441558 0.02727272727272727 0.06233766233766234
2 0.9836363636363636 0.42077922077922075 0.025454545454545455 0.07792207792207792
2 0.9545454545454546 0.4064935064935065 0.02181818181818182 0.04935064935064935
2 0.9381818181818182 0.4077922077922078 0.01818181818181818 0.046753246753246755
2 0.9236363636363636 0.41948051948051945 0.01818181818181818 0.05454545454545454
2 0.91 0.4064935064935065 0.012727272727272728 0.033766233766233764
2 0.85 0.38181818181818183 0.016363636363636365 0.03116883116883117
2 0.8363636363636363 0.2974025974025974 0.01818181818181818 0.033766233766233764
2 0.8163636363636364 0.3103896103896104 0.014545454545454545 0.033766233766233764
2 0.889090909090909 0.3207792207792208 0.014545454545454545 0.04415584415584416
2 0.5436363636363636 0.2883116883116883 0.014545454545454545 0.03116883116883117
2 0.49636363636363634 0.2935064935064935 0.01818181818181818 0.02077922077922078
2 0.8563636363636363 0.3155844155844156 0.02181818181818182 0.033766233766233764
2 0.6190909090909091 0.37532467532467534 0.02 0.033766233766233764
2 0.6881818181818182 0.38961038961038963 0.02 0.05194805194805195
2 0.9590909090909091 0.4597402597402597 0.03090909090909091 0.05194805194805195
2 0.9590909090909091 0.5545454545454546 0.038181818181818185 0.12727272727272726
2 0.9181818181818182 0.474025974025974 0.01818181818181818 0.03896103896103896
2 0.9281818181818182 0.5532467532467532 0.023636363636363636 0.13506493506493505
2 0.8681818181818182 0.4103896103896104 0.012727272727272728 0.05714285714285714
2 0.8963636363636364 0.551948051948052 0.04 0.12727272727272726
2 0.8654545454545455 0.5 0.02181818181818182 0.04935064935064935
2 0.8245454545454546 0.3948051948051948 0.016363636363636365 0.03116883116883117
2 0.8209090909090909 0.5363636363636364 0.038181818181818185 0.10649350649350649
2 0.7954545454545454 0.4948051948051948 0.016363636363636365 0.06493506493506493
2 0.7709090909090909 0.5181818181818182 0.02909090909090909 0.11688311688311688
2 0.7090909090909091 0.4077922077922078 0.014545454545454545 0.04155844155844156
2 0.07090909090909091 0.3168831168831169 0.01818181818181818 0.02077922077922078
2 0.05 0.33116883116883117 0.012727272727272728 0.02857142857142857
2 0.06272727272727273 0.34285714285714286 0.00909090909090909 0.03116883116883117
2 0.07454545454545454 0.33636363636363636 0.014545454545454545 0.012987012987012988
2 0.09727272727272727 0.35324675324675325 0.012727272727272728 0.025974025974025976
4 0.026363636363636363 0.32987012987012987 0.023636363636363636 0.03116883116883117
4 0.005454545454545455 0.3207792207792208 0.01090909090909091 0.03896103896103896
4 0.13090909090909092 0.33246753246753247 0.04363636363636364 0.025974025974025976
4 0.9927272727272727 0.3116883116883117 0.01090909090909091 0.05194805194805195
4 0.9690909090909091 0.33896103896103896 0.03272727272727273 0.07532467532467532
4 0.9918181818181818 0.35844155844155845 0.012727272727272728 0.04155844155844156
4 0.9254545454545454 0.34285714285714286 0.05454545454545454 0.08311688311688312
4 0.8554545454545455 0.35324675324675325 0.0890909090909091 0.05194805194805195
4 0.7927272727272727 0.34415584415584416 0.03272727272727273 0.07012987012987013
4 0.7390909090909091 0.34025974025974026 0.07090909090909091 0.08831168831168831
4 0.6890909090909091 0.33116883116883117 0.02909090909090909 0.06493506493506493
4 0.6527272727272727 0.33376623376623377 0.04 0.05974025974025974
4 0.6218181818181818 0.33246753246753247 0.02181818181818182 0.046753246753246755
4 0.5945454545454546 0.3155844155844156 0.01818181818181818 0.033766233766233764
4 0.56 0.33766233766233766 0.06181818181818182 0.06233766233766234
4 0.5127272727272727 0.33506493506493507 0.03272727272727273 0.04155844155844156
4 0.43 0.3168831168831169 0.016363636363636365 0.025974025974025976
4 0.47545454545454546 0.32597402597402597 0.02 0.02857142857142857
4 0.48545454545454547 0.312987012987013 0.014545454545454545 0.023376623376623377
4 0.3845454545454545 0.33376623376623377 0.03090909090909091 0.05974025974025974
4 0.4118181818181818 0.33506493506493507 0.023636363636363636 0.03116883116883117
4 0.3118181818181818 0.33766233766233766 0.038181818181818185 0.04155844155844156
4 0.23545454545454544 0.3246753246753247 0.04181818181818182 0.05194805194805195
4 0.18181818181818182 0.32857142857142857 0.06181818181818182 0.04935064935064935
