0 0.087 0.7132132132132132 0.09 0.3333333333333333
0 0.128 0.7237237237237237 0.092 0.34234234234234234
0 0.151 0.6936936936936937 0.086 0.3183183183183183
0 0.2 0.7132132132132132 0.088 0.3333333333333333
0 0.256 0.7057057057057057 0.092 0.3483483483483483
0 0.221 0.6936936936936937 0.086 0.32432432432432434
0 0.281 0.6861861861861862 0.078 0.2852852852852853
0 0.333 0.7147147147147147 0.086 0.3123123123123123
0 0.385 0.7027027027027027 0.086 0.32432432432432434
0 0.361 0.6936936936936937 0.082 0.3063063063063063
0 0.42 0.6816816816816816 0.08 0.3003003003003003
0 0.446 0.7162162162162162 0.08 0.2912912912912913
0 0.488 0.7252252252252253 0.076 0.2852852852852853
0 0.533 0.7177177177177178 0.078 0.29429429429429427
0 0.588 0.7192192192192193 0.08 0.3033033033033033
0 0.588 0.6711711711711712 0.092 0.34534534534534533
0 0.639 0.7132132132132132 0.082 0.3033033033033033
0 0.691 0.7042042042042042 0.094 0.34534534534534533
0 0.527 0.6771771771771772 0.09 0.32732732732732733
0 0.645 0.6636636636636637 0.09 0.33633633633633636
0 0.729 0.6996996996996997 0.09 0.33633633633633636
0 0.719 0.6621621621621622 0.09 0.33933933933933935
0 0.779 0.6666666666666666 0.094 0.34234234234234234
0 0.757 0.7072072072072072 0.094 0.35135135135135137
0 0.824 0.7207207207207207 0.092 0.33633633633633636
0 0.821 0.6801801801801802 0.09 0.3333333333333333
0 0.886 0.6951951951951952 0.1 0.3633633633633634
2 0.342 0.53003003003003 0.028 0.05105105105105105
2 0.388 0.521021021021021 0.028 0.03903903903903904
2 0.462 0.5420420420420421 0.024 0.04504504504504504
2 0.485 0.539039039039039 0.026 0.06906906906906907
