0 0.01 0.11166666666666666 0.02 0.08
0 0.030625 0.11916666666666667 0.02125 0.07166666666666667
0 0.041875 0.10416666666666667 0.02125 0.07166666666666667
0 0.075625 0.1225 0.02875 0.09833333333333333
0 0.068125 0.11666666666666667 0.02375 0.08333333333333333
0 0.09625 0.13666666666666666 0.0425 0.13666666666666666
0 0.12125 0.1475 0.05 0.165
0 0.136875 0.16666666666666666 0.05875 0.19
0 0.20625 0.19666666666666666 0.0575 0.19333333333333333
0 0.261875 0.21833333333333332 0.07625 0.25333333333333335
0 0.280625 0.08166666666666667 0.02125 0.07333333333333333
0 0.30375 0.1 0.03 0.1
0 0.33 0.12166666666666667 0.0425 0.14333333333333334
0 0.326875 0.27 0.10625 0.3466666666666667
0 0.454375 0.29333333333333333 0.12125 0.3933333333333333
0 0.549375 0.10083333333333333 0.02375 0.07833333333333334
0 0.67625 0.275 0.0875 0.2866666666666667
0 0.761875 0.245 0.01875 0.06
0 0.72375 0.235 0.0175 0.06
0 0.615 0.23583333333333334 0.015 0.04833333333333333
0 0.929375 0.2475 0.10375 0.3383333333333333
0 0.87 0.255 0.075 0.24333333333333335
0 0.810625 0.22333333333333333 0.04875 0.16333333333333333
0 0.985 0.2025 0.0225 0.07833333333333334
0 0.97375 0.7483333333333333 0.0525 0.23333333333333334
0 0.97 0.7675 0.06 0.22833333333333333
0 0.881875 0.7458333333333333 0.06375 0.20833333333333334
0 0.84875 0.7591666666666667 0.075 0.245
0 0.703125 0.6966666666666667 0.08125 0.26666666666666666
0 0.48875 0.7458333333333333 0.1025 0.335
0 0.440625 0.7508333333333334 0.14125 0.46166666666666667
0 0.315625 0.7291666666666666 0.11875 0.385
0 0.35875 0.67 0.0525 0.17
0 0.40125 0.68 0.03 0.10333333333333333
0 0.41875 0.6591666666666667 0.0175 0.06166666666666667
0 0.64875 0.23833333333333334 0.0125 0.04666666666666667
0 0.58 0.23833333333333334 0.01 0.03333333333333333
0 0.39 0.6641666666666667 0.0225 0.07166666666666667
0 0.27 0.6833333333333333 0.04 0.13
0 0.215 0.6841666666666667 0.075 0.245
0 0.143125 0.6908333333333333 0.05375 0.175
0 0.095625 0.7658333333333334 0.08625 0.2816666666666667
0 0.19 0.6975 0.0225 0.07833333333333334
2 0.78375 0.2658333333333333 0.025 0.08166666666666667
2 0.495 0.6266666666666667 0.0775 0.15
2 0.603125 0.23916666666666667 0.01375 0.03166666666666667
2 0.59 0.24083333333333334 0.0125 0.03166666666666667
2 0.71375 0.24416666666666667 0.0125 0.028333333333333332
2 0.7475 0.24083333333333334 0.01 0.035
2 0.7375 0.23833333333333334 0.0125 0.04
2 0.384375 0.66 0.01625 0.03666666666666667
2 0.283125 0.6483333333333333 0.01125 0.03666666666666667
2 0.0225 0.6975 0.0125 0.051666666666666666
2 0.008125 0.6933333333333334 0.01625 0.06
2 0.044375 0.6733333333333333 0.01125 0.02666666666666667
2 0.06625 0.6841666666666667 0.01 0.045
2 0.07625 0.6725 0.01 0.025
4 0.968125 0.20916666666666667 0.01875 0.051666666666666666
4 0.993125 0.2125 0.01125 0.041666666666666664
4 0.565625 0.235 0.02375 0.03666666666666667
4 0.6275 0.2375 0.015 0.03833333333333333
