0 0.046 0.48408488063660476 0.092 0.363395225464191
0 0.145 0.46816976127320953 0.09 0.2891246684350133
0 0.197 0.46419098143236076 0.058 0.1962864721485411
0 0.26 0.46949602122015915 0.116 0.3819628647214854
0 0.314 0.46153846153846156 0.092 0.29708222811671087
0 0.354 0.46286472148541113 0.068 0.22546419098143236
0 0.441 0.46286472148541113 0.034 0.11936339522546419
0 0.503 0.47480106100795755 0.082 0.27055702917771884
0 0.608 0.35278514588859416 0.104 0.3448275862068966
0 0.55 0.3978779840848806 0.088 0.2917771883289125
0 0.733 0.4005305039787798 0.05 0.15915119363395225
0 0.83 0.40450928381962864 0.072 0.23607427055702918
0 0.898 0.4442970822281167 0.052 0.16710875331564987
0 0.961 0.4562334217506631 0.078 0.46684350132625996
0 0.939 0.4535809018567639 0.042 0.14323607427055704
0 0.388 0.46286472148541113 0.032 0.10875331564986737
0 0.128 0.46551724137931033 0.044 0.14588859416445624
2 0.107 0.48143236074270557 0.034 0.09814323607427056
