0 0.043627227044312475 0.6441234405778069 0.07263590680676107 0.25541694024950756
0 0.18147555961626313 0.6244254760341431 0.08063042485153038 0.28233749179251477
0 0.29990863407948837 0.6278726198292843 0.07263590680676107 0.2557452396585686
0 0.39458656920968477 0.6152330925804333 0.07743261763362266 0.2711753118844386
0 0.5235267245317496 0.6217990807616546 0.07354956601187757 0.2586999343401182
0 0.6079259936043856 0.6081746552856205 0.0719506624029237 0.2531188443860801
0 0.7019186843307447 0.5897898883782009 0.07857469164001828 0.27544320420223245
0 0.7455459113750571 0.6190085357846355 0.06167199634536318 0.21634931057124096
0 0.7603928734582001 0.6140840446487197 0.058931018730013704 0.2071569271175312
0 0.8053905893101873 0.6066973079448457 0.06806761078117862 0.23834537097833225
0 0.8337140246687985 0.5947143795141169 0.06349931475559616 0.22291529875246224
0 0.8830516217450891 0.6096520026263953 0.06167199634536318 0.21602101116217992
0 0.9116034719049795 0.5993105712409718 0.0648698035632709 0.22816808929743926
2 0.7132252169940612 0.6244254760341431 0.07971676564641389 0.20485883125410373
