0 0.841875 0.6639344262295082 0.17125 0.6102003642987249
0 0.625 0.6821493624772313 0.1575 0.5628415300546448
0 0.50375 0.6420765027322405 0.1775 0.6320582877959927
0 0.328125 0.692167577413479 0.15375 0.546448087431694
0 0.139375 0.6466302367941712 0.17875 0.6375227686703097
0 0.011875 0.4344262295081967 0.02375 0.09289617486338798
0 0.0275 0.4353369763205829 0.0225 0.08378870673952642
0 0.075 0.42896174863387976 0.0225 0.08561020036429873
0 0.088125 0.42805100182149364 0.02375 0.08378870673952642
0 0.360625 0.4371584699453552 0.01875 0.07285974499089254
0 0.435625 0.48360655737704916 0.03125 0.11475409836065574
0 0.590625 0.4990892531876138 0.04625 0.17122040072859745
0 0.70625 0.4890710382513661 0.0375 0.1366120218579235
0 0.778125 0.48178506375227687 0.03625 0.12932604735883424
0 0.396875 0.43806921675774135 0.02375 0.08925318761384335
2 0.985 0.47176684881602915 0.02 0.04371584699453552
2 0.46 0.44990892531876137 0.0425 0.0947176684881603
2 0.176875 0.4198542805100182 0.02125 0.04918032786885246
2 0.10375 0.40437158469945356 0.01 0.04371584699453552
2 0.1125 0.4098360655737705 0.015 0.04007285974499089
4 0.224375 0.4134790528233151 0.06125 0.03278688524590164
4 0.419375 0.43169398907103823 0.02875 0.08014571948998178
