0 0.01125 0.83125 0.0175 0.0675
0 0.005 0.829375 0.01 0.06625
0 0.035833333333333335 0.839375 0.021666666666666667 0.07875
0 0.050416666666666665 0.85875 0.0275 0.105
0 0.065 0.8375 0.02 0.0725
0 0.08041666666666666 0.84125 0.0225 0.085
0 0.10166666666666667 0.854375 0.025 0.09625
0 0.12166666666666667 0.8575 0.03166666666666667 0.1175
0 0.14666666666666667 0.865 0.03666666666666667 0.135
0 0.175 0.85125 0.021666666666666667 0.0825
0 0.23583333333333334 0.87 0.02 0.0775
0 0.2925 0.886875 0.041666666666666664 0.15375
0 0.27375 0.88 0.0325 0.12
0 0.32625 0.885625 0.04083333333333333 0.14875
0 0.35375 0.871875 0.029166666666666667 0.11125
0 0.41083333333333333 0.88375 0.03833333333333333 0.145
0 0.43416666666666665 0.8825 0.03833333333333333 0.1425
0 0.44875 0.88875 0.03916666666666667 0.1425
0 0.45708333333333334 0.881875 0.04083333333333333 0.15375
0 0.48 0.889375 0.03166666666666667 0.11875
0 0.5475 0.891875 0.03666666666666667 0.13375
0 0.6575 0.891875 0.041666666666666664 0.15125
0 0.6820833333333334 0.9075 0.049166666666666664 0.1825
0 0.6925 0.895 0.041666666666666664 0.155
