0 0.5971014492753624 0.5541237113402062 0.2028985507246377 0.8865979381443299
0 0.1427536231884058 0.5966494845360825 0.15797101449275364 0.6881443298969072
0 0.41594202898550725 0.5734536082474226 0.13623188405797101 0.595360824742268
0 0.372463768115942 0.5605670103092784 0.1246376811594203 0.5438144329896907
0 0.3384057971014493 0.5541237113402062 0.1144927536231884 0.5051546391752577
0 0.7123188405797102 0.538659793814433 0.12028985507246377 0.520618556701031
0 0.758695652173913 0.5425257731958762 0.12318840579710146 0.5438144329896907
0 0.8144927536231884 0.5541237113402062 0.1246376811594203 0.5463917525773195
0 0.881159420289855 0.5657216494845361 0.13623188405797101 0.6005154639175257
0 0.9347826086956522 0.529639175257732 0.10144927536231885 0.44072164948453607
2 0.02318840579710145 0.5644329896907216 0.043478260869565216 0.845360824742268
2 0.1289855072463768 0.5914948453608248 0.06956521739130435 0.615979381443299
2 0.02681159420289855 0.2667525773195876 0.04492753623188406 0.11082474226804123
2 0.3079710144927536 0.5592783505154639 0.10869565217391304 0.44329896907216493
2 0.5384057971014493 0.22551546391752578 0.030434782608695653 0.13659793814432988
2 0.6811594202898551 0.5322164948453608 0.04927536231884058 0.5180412371134021
2 0.9615942028985507 0.5335051546391752 0.036231884057971016 0.4587628865979381
2 0.8427536231884057 0.34536082474226804 0.03333333333333333 0.05670103092783505
