0 0.24492753623188407 0.6237911025145068 0.11304347826086956 0.3694390715667311
0 0.47101449275362317 0.33945841392649906 0.08695652173913043 0.28820116054158607
0 0.30144927536231886 0.28916827852998067 0.09565217391304348 0.3114119922630561
0 0.21739130434782608 0.22823984526112184 0.06666666666666667 0.22437137330754353
0 0.1608695652173913 0.20889748549323017 0.08115942028985507 0.26305609284332687
0 0.11594202898550725 0.2553191489361702 0.08695652173913043 0.2862669245647969
0 0.02753623188405797 0.17117988394584138 0.05507246376811594 0.2495164410058027
0 0.05652173913043478 0.07543520309477757 0.043478260869565216 0.1470019342359768
0 0.7789855072463768 0.7359767891682786 0.12318840579710146 0.40425531914893614
0 0.0463768115942029 0.7359767891682786 0.0927536231884058 0.38104448742746616
0 0.09347826086956522 0.8326885880077369 0.1 0.32688588007736946
0 0.14057971014492754 0.7756286266924565 0.11594202898550725 0.379110251450677
0 0.21666666666666667 0.8578336557059961 0.08260869565217391 0.2727272727272727
0 0.28695652173913044 0.7823984526112185 0.09855072463768116 0.3191489361702128
0 0.3355072463768116 0.9003868471953579 0.059420289855072465 0.195357833655706
0 0.41956521739130437 0.8123791102514507 0.10869565217391304 0.3520309477756286
0 0.5746376811594203 0.867504835589942 0.07681159420289856 0.2572533849129594
0 0.741304347826087 0.874274661508704 0.07391304347826087 0.24758220502901354
0 0.5246376811594203 0.9158607350096711 0.05217391304347826 0.16827852998065765
0 0.9311594202898551 0.8849129593810445 0.06521739130434782 0.21083172147001933
0 0.9702898550724638 0.4506769825918762 0.059420289855072465 0.31334622823984526
0 0.9434782608695652 0.3742746615087041 0.08695652173913043 0.28433268858800775
0 0.8536231884057971 0.35106382978723405 0.08405797101449275 0.2765957446808511
0 0.8420289855072464 0.4197292069632495 0.0927536231884058 0.30174081237911027
0 0.7739130434782608 0.33945841392649906 0.08695652173913043 0.28433268858800775
0 0.7028985507246377 0.3916827852998066 0.09565217391304348 0.3152804642166344
0 0.6485507246376812 0.31237911025145065 0.08550724637681159 0.2765957446808511
0 0.5601449275362319 0.28820116054158607 0.08260869565217391 0.27079303675048355
0 0.3782608695652174 0.25435203094777564 0.08405797101449275 0.2727272727272727
0 0.34130434782608693 0.23597678916827852 0.07971014492753623 0.26692456479690524
0 0.6166666666666667 0.218568665377176 0.08550724637681159 0.28239845261121854
0 0.7891304347826087 0.2601547388781431 0.08550724637681159 0.28433268858800775
0 0.7130434782608696 0.13733075435203096 0.08115942028985507 0.26305609284332687
0 0.5934782608695652 0.1286266924564797 0.07681159420289856 0.25338491295938104
0 0.48043478260869565 0.24854932301740812 0.07391304347826087 0.24177949709864605
0 0.3442028985507246 0.09090909090909091 0.0536231884057971 0.18181818181818182
0 0.8326086956521739 0.15377176015473887 0.07101449275362319 0.23017408123791103
0 0.9239130434782609 0.17794970986460348 0.07971014492753623 0.25918762088974856
0 0.4282608695652174 0.10541586073500966 0.06231884057971015 0.20309477756286268
0 0.19855072463768117 0.06866537717601548 0.04057971014492753 0.13346228239845262
0 0.26304347826086955 0.08994197292069632 0.0536231884057971 0.17988394584139264
0 0.5376811594202898 0.07640232108317214 0.0463768115942029 0.1528046421663443
0 0.6695652173913044 0.086073500967118 0.05217391304347826 0.16827852998065765
0 0.972463768115942 0.097678916827853 0.05507246376811594 0.19148936170212766
2 0.6804347826086956 0.8839458413926499 0.08550724637681159 0.23210831721470018
2 0.8478260869565217 0.9400386847195358 0.12173913043478261 0.10831721470019343
2 0.27753623188405796 0.086073500967118 0.06231884057971015 0.15667311411992263
2 0.11231884057971014 0.10251450676982592 0.0391304347826087 0.0851063829787234
2 0.4731884057971015 0.1760154738878143 0.12318840579710146 0.24758220502901354
2 0.9340579710144927 0.27949709864603484 0.10869565217391304 0.23404255319148937
