0 0.2080078125 0.6734992679355783 0.09375 0.34260614934114203
0 0.28369140625 0.6727672035139092 0.0927734375 0.3411420204978038
0 0.3857421875 0.6888726207906296 0.091796875 0.33528550512445093
0 0.33447265625 0.6852122986822841 0.0908203125 0.3308931185944363
0 0.4990234375 0.6881405563689604 0.09765625 0.3601756954612006
0 0.5595703125 0.6771595900439239 0.091796875 0.33821376281112736
0 0.63427734375 0.7020497803806734 0.0927734375 0.3411420204978038
0 0.71240234375 0.6874084919472914 0.1005859375 0.37042459736456806
0 0.794921875 0.7035139092240117 0.109375 0.39970717423133234
2 0.24609375 0.6734992679355783 0.0546875 0.3308931185944363
2 0.326171875 0.7723279648609077 0.08203125 0.26207906295754024
2 0.31640625 0.5307467057101025 0.041015625 0.08638360175695461
2 0.3603515625 0.5512445095168375 0.037109375 0.06588579795021962
2 0.4296875 0.7745241581259151 0.07421875 0.2518301610541728
2 0.4384765625 0.62298682284041 0.0703125 0.17423133235724744
2 0.42138671875 0.5592972181551976 0.0400390625 0.10248901903367497
2 0.46728515625 0.5658857979502196 0.0322265625 0.08638360175695461
2 0.52783203125 0.5490483162518301 0.0341796875 0.0849194729136164
2 0.5166015625 0.7818448023426061 0.083984375 0.26061493411420206
2 0.60400390625 0.8089311859443631 0.0791015625 0.26500732064421667
2 0.60498046875 0.5915080527086384 0.0595703125 0.1698389458272328
2 0.67138671875 0.5834553440702782 0.0458984375 0.13030746705710103
2 0.6748046875 0.7855051244509517 0.08203125 0.2591508052708638
2 0.76123046875 0.8228404099560761 0.0869140625 0.2664714494875549
2 0.74853515625 0.5915080527086384 0.0673828125 0.21669106881405564
