0 0.2733333333333333 0.7825443786982249 0.1288888888888889 0.4230769230769231
0 0.4066666666666667 0.7174556213017751 0.09333333333333334 0.3047337278106509
0 0.45444444444444443 0.7248520710059172 0.08666666666666667 0.28402366863905326
0 0.58 0.7130177514792899 0.08444444444444445 0.28402366863905326
0 0.6455555555555555 0.75 0.08222222222222222 0.2692307692307692
0 0.8822222222222222 0.7514792899408284 0.07555555555555556 0.24260355029585798
0 0.7566666666666667 0.7041420118343196 0.07777777777777778 0.25443786982248523
0 0.9733333333333334 0.6789940828402367 0.05333333333333334 0.22189349112426035
0 0.16111111111111112 0.6967455621301775 0.07777777777777778 0.2514792899408284
0 0.24 0.6908284023668639 0.07555555555555556 0.2514792899408284
3 0.07333333333333333 0.5710059171597633 0.14222222222222222 0.6627218934911243
4 0.22 0.6375739644970414 0.07555555555555556 0.19230769230769232
4 0.3244444444444444 0.6183431952662722 0.11555555555555555 0.16568047337278108
4 0.4911111111111111 0.6671597633136095 0.15555555555555556 0.22781065088757396
4 0.6611111111111111 0.6198224852071006 0.1622222222222222 0.12721893491124261
4 0.8755555555555555 0.6671597633136095 0.19555555555555557 0.22189349112426035
