0 0.5437743190661478 0.7583333333333333 0.11478599221789883 0.40555555555555556
0 0.39202334630350194 0.7958333333333333 0.08365758754863813 0.2916666666666667
0 0.42509727626459143 0.7791666666666667 0.07587548638132295 0.26944444444444443
0 0.3317120622568093 0.7805555555555556 0.07198443579766536 0.25
0 0.2782101167315175 0.7541666666666667 0.07392996108949416 0.25833333333333336
0 0.20428015564202334 0.7208333333333333 0.05058365758754864 0.18611111111111112
0 0.17412451361867703 0.6722222222222223 0.04085603112840467 0.15
0 0.14494163424124515 0.6625 0.04085603112840467 0.14166666666666666
0 0.10019455252918288 0.6194444444444445 0.06031128404669261 0.2111111111111111
0 0.058365758754863814 0.31805555555555554 0.07392996108949416 0.25833333333333336
0 0.10894941634241245 0.32916666666666666 0.07392996108949416 0.25833333333333336
0 0.14883268482490272 0.32083333333333336 0.07587548638132295 0.2638888888888889
0 0.19941634241245138 0.3125 0.07587548638132295 0.2638888888888889
0 0.2607003891050584 0.3013888888888889 0.07003891050583658 0.24166666666666667
0 0.3745136186770428 0.30694444444444446 0.05642023346303502 0.20277777777777778
0 0.3404669260700389 0.2916666666666667 0.06614785992217899 0.23333333333333334
0 0.8132295719844358 0.3958333333333333 0.05058365758754864 0.18611111111111112
0 0.7723735408560312 0.41388888888888886 0.042801556420233464 0.15
0 0.7422178988326849 0.38055555555555554 0.05252918287937743 0.18333333333333332
0 0.708171206225681 0.35694444444444445 0.058365758754863814 0.20833333333333334
0 0.6828793774319066 0.3388888888888889 0.054474708171206226 0.2
0 0.7859922178988327 0.3541666666666667 0.07782101167315175 0.26944444444444443
0 0.8482490272373541 0.22777777777777777 0.03501945525291829 0.12777777777777777
0 0.8453307392996109 0.17083333333333334 0.05252918287937743 0.18611111111111112
0 0.806420233463035 0.7736111111111111 0.06420233463035019 0.23055555555555557
0 0.8745136186770428 0.7597222222222222 0.07198443579766536 0.25833333333333336
0 0.8978599221789884 0.6069444444444444 0.04474708171206226 0.15833333333333333
0 0.8589494163424124 0.6180555555555556 0.03696498054474708 0.1361111111111111
0 0.9036964980544747 0.5416666666666666 0.04085603112840467 0.14444444444444443
2 0.14883268482490272 0.5694444444444444 0.05252918287937743 0.09444444444444444
2 0.2840466926070039 0.5986111111111111 0.038910505836575876 0.1361111111111111
2 0.4085603112840467 0.2513888888888889 0.038910505836575876 0.10277777777777777
2 0.2714007782101167 0.1527777777777778 0.03696498054474708 0.05555555555555555
2 0.2928015564202335 0.2638888888888889 0.03696498054474708 0.17777777777777778
2 0.3638132295719844 0.20972222222222223 0.01556420233463035 0.05277777777777778
3 0.5651750972762646 0.26666666666666666 0.14591439688715954 0.17777777777777778
4 0.21595330739299612 0.6375 0.0622568093385214 0.14722222222222223
4 0.09824902723735408 0.21388888888888888 0.07976653696498054 0.07777777777777778
