0 0.5008361204013378 0.7768496420047732 0.06521739130434782 0.22673031026252982
0 0.5652173913043478 0.7720763723150358 0.05351170568561873 0.19331742243436753
0 0.6162207357859532 0.7995226730310262 0.05518394648829431 0.20047732696897375
0 0.6672240802675585 0.7828162291169452 0.05351170568561873 0.1909307875894988
0 0.7148829431438127 0.8102625298329356 0.05518394648829431 0.19809069212410502
0 0.770066889632107 0.7959427207637232 0.051839464882943144 0.17899761336515513
0 0.8336120401337793 0.8210023866348448 0.061872909698996656 0.21479713603818615
0 0.9013377926421404 0.8090692124105012 0.05016722408026756 0.18138424821002386
0 0.9849498327759197 0.801909307875895 0.026755852842809364 0.10023866348448687
0 0.8018394648829431 0.7828162291169452 0.02508361204013378 0.09069212410501193
2 0.9623745819397993 0.8353221957040573 0.01839464882943144 0.05250596658711217
2 0.3762541806020067 0.7637231503579952 0.033444816053511704 0.10023866348448687
