0 0.36191860465116277 0.6641566265060241 0.06395348837209303 0.32831325301204817
0 0.4484011627906977 0.7304216867469879 0.04215116279069767 0.21385542168674698
0 0.5268895348837209 0.7259036144578314 0.03924418604651163 0.19879518072289157
0 0.39316860465116277 0.7048192771084337 0.036337209302325583 0.1927710843373494
0 0.3175872093023256 0.7259036144578314 0.036337209302325583 0.18072289156626506
0 0.23546511627906977 0.7243975903614458 0.03197674418604651 0.1716867469879518
0 0.19840116279069767 0.7198795180722891 0.036337209302325583 0.18674698795180722
0 0.1686046511627907 0.6897590361445783 0.0377906976744186 0.1927710843373494
0 0.1380813953488372 0.7078313253012049 0.03197674418604651 0.1686746987951807
0 0.08430232558139535 0.7153614457831325 0.03197674418604651 0.16566265060240964
0 0.040697674418604654 0.7048192771084337 0.03488372093023256 0.18072289156626506
0 0.24781976744186046 0.677710843373494 0.03343023255813953 0.1746987951807229
0 0.4251453488372093 0.6912650602409639 0.030523255813953487 0.16566265060240964
0 0.4883720930232558 0.7033132530120482 0.02616279069767442 0.14156626506024098
0 0.622093023255814 0.7349397590361446 0.0377906976744186 0.19879518072289157
0 0.6962209302325582 0.7319277108433735 0.040697674418604654 0.20481927710843373
0 0.7209302325581395 0.6852409638554217 0.03488372093023256 0.18373493975903615
0 0.7892441860465116 0.7364457831325302 0.0377906976744186 0.20180722891566266
0 0.8161337209302325 0.6867469879518072 0.03343023255813953 0.1686746987951807
0 0.8771802325581395 0.7243975903614458 0.04215116279069767 0.21987951807228914
0 0.9295058139534884 0.7078313253012049 0.04215116279069767 0.21686746987951808
0 0.971656976744186 0.7289156626506024 0.04215116279069767 0.21084337349397592
0 0.9425872093023255 0.6716867469879518 0.03924418604651163 0.19879518072289157
