0 0.18984375 0.35406091370558374 0.0546875 0.22081218274111675
0 0.3203125 0.41751269035532995 0.090625 0.35786802030456855
0 0.36015625 0.5101522842639594 0.1515625 0.6091370558375635
0 0.5265625 0.5050761421319797 0.121875 0.49238578680203043
0 0.6375 0.4873096446700508 0.10625 0.4263959390862944
0 0.69765625 0.4593908629441624 0.0890625 0.3604060913705584
0 0.7109375 0.5 0.08125 0.3299492385786802
2 0.41875 0.4885786802030457 0.209375 0.5812182741116751
2 0.3578125 0.366751269035533 0.046875 0.13959390862944163
2 0.2796875 0.3236040609137056 0.040625 0.1446700507614213
2 0.14609375 0.3769035532994924 0.0390625 0.1598984771573604
2 0.096875 0.38071065989847713 0.053125 0.18274111675126903
2 0.77421875 0.4860406091370558 0.0984375 0.2563451776649746
2 0.55859375 0.4873096446700508 0.1421875 0.4263959390862944
4 0.23515625 0.37944162436548223 0.0578125 0.1548223350253807
