0 0.596 0.5597014925373134 0.184 0.6776119402985075
0 0.699 0.4223880597014925 0.162 0.6
0 0.434 0.40746268656716417 0.124 0.4626865671641791
0 0.299 0.34328358208955223 0.118 0.43582089552238806
0 0.12 0.24776119402985075 0.08 0.29253731343283584
0 0.187 0.2 0.05 0.191044776119403
0 0.035 0.2955223880597015 0.07 0.4059701492537313
0 0.547 0.31044776119402984 0.082 0.29850746268656714
0 0.842 0.282089552238806 0.068 0.2537313432835821
0 0.956 0.3835820895522388 0.088 0.3970149253731343
0 0.353 0.28955223880597014 0.09 0.33432835820895523
0 0.055 0.23134328358208955 0.074 0.27761194029850744
0 0.406 0.22388059701492538 0.064 0.23880597014925373
2 0.151 0.21641791044776118 0.038 0.25970149253731345
2 0.251 0.2671641791044776 0.082 0.27761194029850744
2 0.259 0.19701492537313434 0.054 0.18507462686567164
2 0.479 0.23582089552238805 0.046 0.2208955223880597
2 0.604 0.1701492537313433 0.084 0.13134328358208955
2 0.661 0.1791044776119403 0.038 0.07164179104477612
2 0.784 0.3835820895522388 0.088 0.4388059701492537
2 0.799 0.21492537313432836 0.066 0.14328358208955225
2 0.82 0.23283582089552238 0.048 0.16119402985074627
2 0.869 0.2716417910447761 0.014 0.21492537313432836
4 0.125 0.04477611940298507 0.246 0.08358208955223881
4 0.416 0.05970149253731343 0.288 0.11940298507462686
4 0.715 0.08358208955223881 0.306 0.14925373134328357
4 0.934 0.08656716417910448 0.12 0.16119402985074627
