0 0.1175 0.6272040302267002 0.19833333333333333 0.7405541561712846
0 0.33166666666666667 0.5566750629722922 0.21333333333333335 0.7858942065491183
0 0.6691666666666667 0.5340050377833753 0.18166666666666667 0.6700251889168766
0 0.6258333333333334 0.3954659949622166 0.08833333333333333 0.327455919395466
0 0.5466666666666666 0.44710327455919396 0.13 0.4811083123425693
0 0.4558333333333333 0.4811083123425693 0.115 0.4332493702770781
0 0.5875 0.3765743073047859 0.058333333333333334 0.2141057934508816
0 0.5066666666666667 0.42191435768261965 0.11 0.40554156171284633
0 0.795 0.3891687657430731 0.06666666666666667 0.24937027707808565
0 0.9183333333333333 0.3702770780856423 0.06 0.22670025188916876
0 0.9616666666666667 0.3677581863979849 0.056666666666666664 0.20654911838790932
0 0.8858333333333334 0.345088161209068 0.041666666666666664 0.16120906801007556
0 0.8316666666666667 0.32871536523929473 0.02666666666666667 0.10327455919395466
0 0.8633333333333333 0.3337531486146096 0.03333333333333333 0.12846347607052896
2 0.38166666666666665 0.46851385390428213 0.07666666666666666 0.5491183879093199
2 0.7716666666666666 0.3123425692695214 0.05 0.07556675062972293
