0 0.021875 0.47708333333333336 0.04375 0.23333333333333334
0 0.06640625 0.5229166666666667 0.09375 0.30416666666666664
0 0.242578125 0.6265625 0.13515625 0.4427083333333333
0 0.32734375 0.48385416666666664 0.090625 0.2947916666666667
0 0.3921875 0.44583333333333336 0.059375 0.19375
0 0.19296875 0.43802083333333336 0.05625 0.18229166666666666
0 0.24140625 0.4432291666666667 0.0578125 0.18854166666666666
0 0.513671875 0.4739583333333333 0.07890625 0.25625
0 0.5390625 0.4322916666666667 0.0546875 0.17916666666666667
0 0.62734375 0.5322916666666667 0.1125 0.36875
0 0.692578125 0.4739583333333333 0.06796875 0.22083333333333333
0 0.7609375 0.5317708333333333 0.1109375 0.3614583333333333
0 0.85 0.4484375 0.065625 0.21354166666666666
0 0.8078125 0.3859375 0.0296875 0.096875
0 0.914453125 0.4010416666666667 0.03671875 0.12291666666666666
0 0.941796875 0.43125 0.05859375 0.19166666666666668
0 0.980859375 0.4276041666666667 0.03828125 0.15729166666666666
0 0.6515625 0.4078125 0.0265625 0.08645833333333333
0 0.408203125 0.421875 0.03671875 0.12083333333333333
2 0.152734375 0.39166666666666666 0.02734375 0.04791666666666667
2 0.22109375 0.3958333333333333 0.025 0.04583333333333333
2 0.269140625 0.4270833333333333 0.02265625 0.08125
2 0.706640625 0.39010416666666664 0.03359375 0.11145833333333334
