0 0.0825 0.7653061224489796 0.12 0.40816326530612246
0 0.05 0.8027210884353742 0.1 0.3469387755102041
0 0.1475 0.782312925170068 0.115 0.3945578231292517
0 0.2 0.8163265306122449 0.095 0.3129251700680272
0 0.26875 0.8112244897959183 0.0825 0.2755102040816326
0 0.325 0.8214285714285714 0.095 0.3163265306122449
0 0.37625 0.8350340136054422 0.0775 0.25510204081632654
0 0.47625 0.7585034013605442 0.1375 0.46938775510204084
0 0.43125 0.8333333333333334 0.0825 0.2857142857142857
0 0.5975 0.7806122448979592 0.12 0.40476190476190477
0 0.65 0.8112244897959183 0.095 0.3163265306122449
0 0.6825 0.6547619047619048 0.065 0.22789115646258504
0 0.715 0.7806122448979592 0.125 0.42517006802721086
0 0.9125 0.79421768707483 0.1 0.3435374149659864
0 0.83 0.8333333333333334 0.09 0.29931972789115646
0 0.865 0.8486394557823129 0.08 0.2687074829931973
2 0.51625 0.8401360544217688 0.0325 0.29931972789115646
