0 0.02404809619238477 0.6538978494623656 0.04809619238476954 0.2970430107526882
0 0.18336673346693386 0.6740591397849462 0.10821643286573146 0.35618279569892475
0 0.2850701402805611 0.6451612903225806 0.07715430861723446 0.2553763440860215
0 0.3532064128256513 0.6256720430107527 0.0531062124248497 0.17876344086021506
0 0.2159318637274549 0.6276881720430108 0.06713426853707415 0.22311827956989247
0 0.4133266533066132 0.7116935483870968 0.16332665330661322 0.5389784946236559
0 0.4879759519038076 0.644489247311828 0.07414829659318638 0.24596774193548387
0 0.5851703406813628 0.6297043010752689 0.06212424849699399 0.2056451612903226
0 0.7645290581162325 0.6848118279569892 0.11222444889779559 0.36693548387096775
0 0.7039078156312625 0.6424731182795699 0.07515030060120241 0.24731182795698925
2 0.46092184368737477 0.6310483870967742 0.018036072144288578 0.1868279569892473
2 0.9619238476953907 0.7163978494623656 0.07414829659318638 0.271505376344086
2 0.6803607214428857 0.6216397849462365 0.02404809619238477 0.16801075268817203
