0 0.03090909090909091 0.7688564476885644 0.05818181818181818 0.19464720194647203
0 0.09090909090909091 0.7238442822384428 0.05090909090909091 0.1678832116788321
0 0.10545454545454545 0.7031630170316302 0.03636363636363636 0.12652068126520682
0 0.1572727272727273 0.7773722627737226 0.06 0.19708029197080293
0 0.19272727272727272 0.7347931873479319 0.05090909090909091 0.1654501216545012
0 0.23454545454545456 0.791970802919708 0.05818181818181818 0.19708029197080293
0 0.25363636363636366 0.7408759124087592 0.04909090909090909 0.1630170316301703
0 0.31545454545454543 0.8065693430656934 0.06 0.20194647201946472
0 0.41909090909090907 0.8199513381995134 0.06727272727272728 0.22384428223844283
0 0.5018181818181818 0.7773722627737226 0.05454545454545454 0.18248175182481752
0 0.4772727272727273 0.7481751824817519 0.045454545454545456 0.15328467153284672
0 0.45181818181818184 0.7116788321167883 0.034545454545454546 0.1192214111922141
0 0.3927272727272727 0.7128953771289538 0.04363636363636364 0.15085158150851583
0 0.5527272727272727 0.7506082725060828 0.04363636363636364 0.14841849148418493
0 0.5245454545454545 0.7153284671532847 0.038181818181818185 0.13138686131386862
0 0.5945454545454546 0.8090024330900243 0.06545454545454546 0.2116788321167883
0 0.6545454545454545 0.7554744525547445 0.04727272727272727 0.15328467153284672
0 0.6936363636363636 0.8345498783454988 0.06727272727272728 0.22384428223844283
0 0.7727272727272727 0.8576642335766423 0.07636363636363637 0.25547445255474455
0 0.73 0.7493917274939172 0.045454545454545456 0.15571776155717762
0 0.8190909090909091 0.7396593673965937 0.04909090909090909 0.16058394160583941
0 0.9072727272727272 0.8722627737226277 0.07272727272727272 0.2360097323600973
0 0.8863636363636364 0.7579075425790754 0.05272727272727273 0.17274939172749393
0 0.9590909090909091 0.7420924574209246 0.045454545454545456 0.15571776155717762
2 0.5118181818181818 0.6447688564476886 0.023636363636363636 0.04866180048661801
2 0.5990909090909091 0.6909975669099757 0.04181818181818182 0.07785888077858881
2 0.33 0.7530413625304136 0.04181818181818182 0.17761557177615572
2 0.4081818181818182 0.6958637469586375 0.04909090909090909 0.06326034063260341
4 0.042727272727272725 0.670316301703163 0.08181818181818182 0.1386861313868613
4 0.12636363636363637 0.5474452554744526 0.18363636363636363 0.09732360097323602
4 0.9581818181818181 0.5948905109489051 0.07272727272727272 0.0948905109489051
