0 0.3223076923076923 0.6454918032786885 0.07846153846153846 0.26229508196721313
0 0.38076923076923075 0.6188524590163934 0.07846153846153846 0.2540983606557377
0 0.4553846153846154 0.5706967213114754 0.07384615384615385 0.24385245901639344
0 0.5392307692307692 0.617827868852459 0.06615384615384616 0.2151639344262295
0 0.5384615384615384 0.8483606557377049 0.09230769230769231 0.30327868852459017
0 0.6053846153846154 0.8350409836065574 0.08461538461538462 0.2766393442622951
0 0.6415384615384615 0.6639344262295082 0.07384615384615385 0.2459016393442623
0 0.8530769230769231 0.4651639344262295 0.05692307692307692 0.1885245901639344
0 0.94 0.4344262295081967 0.06153846153846154 0.20491803278688525
0 0.9223076923076923 0.5860655737704918 0.08153846153846153 0.27049180327868855
0 0.9676923076923077 0.5563524590163934 0.055384615384615386 0.1864754098360656
0 0.9592307692307692 0.8504098360655737 0.08153846153846153 0.27049180327868855
0 0.9569230769230769 0.8739754098360656 0.06153846153846154 0.2069672131147541
0 0.3423076923076923 0.444672131147541 0.04153846153846154 0.13524590163934427
0 0.21153846153846154 0.45901639344262296 0.047692307692307694 0.1598360655737705
0 0.09769230769230769 0.4354508196721312 0.047692307692307694 0.16188524590163936
0 0.12461538461538461 0.39549180327868855 0.043076923076923075 0.14344262295081966
0 0.05153846153846154 0.4682377049180328 0.038461538461538464 0.1290983606557377
2 0.17307692307692307 0.2899590163934426 0.038461538461538464 0.07991803278688525
2 0.016923076923076923 0.36475409836065575 0.027692307692307693 0.06967213114754098
2 0.006153846153846154 0.44774590163934425 0.009230769230769232 0.17418032786885246
2 0.10384615384615385 0.44672131147540983 0.09692307692307692 0.16393442622950818
2 0.786923076923077 0.32684426229508196 0.038461538461538464 0.06352459016393443
