0 0.05333333333333334 0.18959731543624161 0.017777777777777778 0.07046979865771812
0 0.006666666666666667 0.19630872483221476 0.013333333333333334 0.05704697986577181
0 0.19333333333333333 0.1493288590604027 0.013333333333333334 0.050335570469798654
0 0.07444444444444444 0.41946308724832215 0.042222222222222223 0.1610738255033557
0 0.11555555555555555 0.4798657718120805 0.044444444444444446 0.1610738255033557
0 0.09555555555555556 0.4563758389261745 0.04 0.15436241610738255
0 0.22 0.39932885906040266 0.04 0.15436241610738255
0 0.25 0.4261744966442953 0.042222222222222223 0.16778523489932887
0 0.2788888888888889 0.45302013422818793 0.042222222222222223 0.1610738255033557
0 0.35777777777777775 0.5151006711409396 0.057777777777777775 0.2181208053691275
0 0.40555555555555556 0.5453020134228188 0.06 0.23154362416107382
0 0.44555555555555554 0.5922818791946308 0.06888888888888889 0.2516778523489933
0 0.5477777777777778 0.6845637583892618 0.07333333333333333 0.28187919463087246
0 0.44222222222222224 0.36577181208053694 0.04 0.15436241610738255
0 0.48333333333333334 0.3859060402684564 0.042222222222222223 0.16778523489932887
0 0.5344444444444445 0.401006711409396 0.042222222222222223 0.15771812080536912
0 0.6433333333333333 0.4513422818791946 0.05555555555555555 0.21140939597315436
0 0.5633333333333334 0.34731543624161076 0.03333333333333333 0.13087248322147652
0 0.6111111111111112 0.3540268456375839 0.04 0.14429530201342283
0 0.6611111111111111 0.37080536912751677 0.03777777777777778 0.13758389261744966
0 0.7188888888888889 0.48322147651006714 0.05555555555555555 0.2080536912751678
0 0.7933333333333333 0.5251677852348994 0.06222222222222222 0.23825503355704697
0 0.8933333333333333 0.5788590604026845 0.07111111111111111 0.27181208053691275
0 0.8466666666666667 0.3926174496644295 0.04888888888888889 0.18120805369127516
0 0.8288888888888889 0.2751677852348993 0.02666666666666667 0.10738255033557047
0 0.7755555555555556 0.2651006711409396 0.03111111111111111 0.12080536912751678
4 0.5911111111111111 0.08221476510067115 0.8088888888888889 0.1644295302013423
