0 0.17583333333333334 0.5526315789473685 0.135 0.49874686716791977
0 0.23583333333333334 0.43734335839599 0.055 0.20802005012531327
0 0.3441666666666667 0.5238095238095238 0.13833333333333334 0.5162907268170426
0 0.43166666666666664 0.5137844611528822 0.14666666666666667 0.5413533834586466
0 0.48083333333333333 0.487468671679198 0.09833333333333333 0.3684210526315789
0 0.5175 0.4649122807017544 0.08166666666666667 0.2982456140350877
0 0.5791666666666667 0.49373433583959897 0.115 0.42606516290726815
0 0.6458333333333334 0.4799498746867168 0.09833333333333333 0.3583959899749373
0 0.6941666666666667 0.4974937343358396 0.115 0.42355889724310775
0 0.74 0.5200501253132832 0.14 0.518796992481203
0 0.84 0.44611528822055135 0.06666666666666667 0.24561403508771928
0 0.8741666666666666 0.44110275689223055 0.06166666666666667 0.23057644110275688
0 0.9341666666666667 0.5350877192982456 0.13166666666666665 0.518796992481203
2 0.555 0.34210526315789475 0.03333333333333333 0.047619047619047616
