0 0.9196428571428571 0.37815126050420167 0.04642857142857143 0.18487394957983194
0 0.7241071428571428 0.44397759103641454 0.06964285714285715 0.2661064425770308
0 0.7133928571428572 0.49019607843137253 0.08035714285714286 0.3081232492997199
0 0.6196428571428572 0.5812324929971989 0.1 0.38375350140056025
0 0.5875 0.4117647058823529 0.060714285714285714 0.22969187675070027
0 0.5401785714285714 0.3963585434173669 0.055357142857142855 0.22128851540616246
0 0.48035714285714287 0.44537815126050423 0.075 0.2969187675070028
0 0.425 0.4327731092436975 0.06428571428571428 0.24369747899159663
0 0.38660714285714287 0.4117647058823529 0.055357142857142855 0.2184873949579832
0 0.3517857142857143 0.39915966386554624 0.05357142857142857 0.21568627450980393
0 0.32142857142857145 0.44537815126050423 0.06785714285714285 0.2689075630252101
0 0.28660714285714284 0.42857142857142855 0.06607142857142857 0.25770308123249297
0 0.2544642857142857 0.41456582633053224 0.05892857142857143 0.22408963585434175
0 0.19017857142857142 0.48599439775910364 0.08035714285714286 0.3165266106442577
0 0.13839285714285715 0.44677871148459386 0.07678571428571429 0.29971988795518206
0 0.10803571428571429 0.4061624649859944 0.0625 0.24089635854341737
0 0.08928571428571429 0.4005602240896359 0.05357142857142857 0.21288515406162464
0 0.06785714285714285 0.38935574229691877 0.05 0.20168067226890757
0 0.038392857142857145 0.36134453781512604 0.048214285714285716 0.19047619047619047
0 0.6892857142857143 0.2759103641456583 0.014285714285714285 0.058823529411764705
0 0.7035714285714286 0.27871148459383754 0.014285714285714285 0.058823529411764705
0 0.725 0.27450980392156865 0.010714285714285714 0.05042016806722689
0 0.7375 0.2759103641456583 0.014285714285714285 0.05322128851540616
0 0.7571428571428571 0.27871148459383754 0.014285714285714285 0.06442577030812324
2 0.17410714285714285 0.29411764705882354 0.019642857142857142 0.05042016806722689
2 0.19642857142857142 0.3025210084033613 0.025 0.05042016806722689
2 0.21517857142857144 0.31092436974789917 0.023214285714285715 0.04481792717086835
2 0.22232142857142856 0.2759103641456583 0.019642857142857142 0.03081232492997199
2 0.24285714285714285 0.2759103641456583 0.025 0.03081232492997199
2 0.27053571428571427 0.29411764705882354 0.019642857142857142 0.0392156862745098
2 0.3080357142857143 0.28851540616246496 0.023214285714285715 0.056022408963585436
2 0.3205357142857143 0.28711484593837533 0.01607142857142857 0.04201680672268908
2 0.3357142857142857 0.2857142857142857 0.017857142857142856 0.0392156862745098
2 0.3705357142857143 0.28431372549019607 0.026785714285714284 0.04201680672268908
2 0.3892857142857143 0.2815126050420168 0.017857142857142856 0.036414565826330535
2 0.4089285714285714 0.29551820728291317 0.02142857142857143 0.047619047619047616
2 0.425 0.28851540616246496 0.025 0.04481792717086835
2 0.45714285714285713 0.2927170868347339 0.025 0.047619047619047616
2 0.5321428571428571 0.27310924369747897 0.04285714285714286 0.047619047619047616
4 0.13214285714285715 0.34173669467787116 0.2642857142857143 0.24649859943977592
4 0.8794642857142857 0.28291316526610644 0.2375 0.13445378151260504
