0 0.45545454545454545 0.5286103542234333 0.18363636363636363 0.670299727520436
0 0.15363636363636363 0.4550408719346049 0.045454545454545456 0.17438692098092642
0 0.11272727272727273 0.45776566757493187 0.04727272727272727 0.17438692098092642
0 0.06 0.44686648501362397 0.05454545454545454 0.2016348773841962
0 0.5754545454545454 0.47002724795640327 0.034545454545454546 0.12806539509536785
0 0.5918181818181818 0.47002724795640327 0.03090909090909091 0.11716621253405994
0 0.6281818181818182 0.4891008174386921 0.045454545454545456 0.17166212534059946
0 0.6636363636363637 0.4768392370572207 0.02909090909090909 0.11444141689373297
0 0.740909090909091 0.47547683923705725 0.034545454545454546 0.12806539509536785
0 0.769090909090909 0.47547683923705725 0.03272727272727273 0.12806539509536785
0 0.8281818181818181 0.4768392370572207 0.02727272727272727 0.10899182561307902
0 0.8709090909090909 0.47002724795640327 0.03272727272727273 0.11716621253405994
0 0.9754545454545455 0.5190735694822888 0.04909090909090909 0.25885558583106266
2 0.5209090909090909 0.6825613079019074 0.13636363636363635 0.5858310626702997
