0 0.043029259896729774 0.249500998003992 0.04130808950086059 0.11976047904191617
0 0.17728055077452667 0.249500998003992 0.04475043029259897 0.1277445109780439
0 0.26506024096385544 0.24451097804391217 0.04130808950086059 0.1217564870259481
0 0.2848537005163511 0.25349301397205587 0.05679862306368331 0.1596806387225549
0 0.3123924268502582 0.25748502994011974 0.04647160068846816 0.1317365269461078
0 0.3528399311531842 0.25449101796407186 0.05163511187607573 0.14570858283433133
0 0.4569707401032702 0.24550898203592814 0.05679862306368331 0.1596806387225549
0 0.3889845094664372 0.6327345309381237 0.16523235800344235 0.4750499001996008
0 0.5344234079173839 0.49101796407185627 0.21858864027538727 0.6187624750499002
0 0.6153184165232358 0.7265469061876247 0.11876075731497418 0.34331337325349304
0 0.8244406196213425 0.5698602794411177 0.14457831325301204 0.41317365269461076
2 0.47418244406196214 0.2055888223552894 0.022375215146299483 0.06786427145708583
2 0.4905335628227194 0.1936127744510978 0.024096385542168676 0.043912175648702596
