0 0.59 0.7108433734939759 0.128 0.4759036144578313
0 0.861 0.7003012048192772 0.142 0.5210843373493976
0 0.912 0.6596385542168675 0.148 0.5421686746987951
0 0.73 0.5948795180722891 0.096 0.35240963855421686
0 0.678 0.5948795180722891 0.084 0.31626506024096385
0 0.653 0.5903614457831325 0.078 0.29518072289156627
0 0.629 0.5858433734939759 0.07 0.2560240963855422
0 0.957 0.6295180722891566 0.086 0.5120481927710844
0 0.528 0.5677710843373494 0.052 0.20180722891566266
0 0.5 0.5647590361445783 0.052 0.1897590361445783
0 0.441 0.5572289156626506 0.046 0.1686746987951807
0 0.399 0.5542168674698795 0.038 0.15060240963855423
0 0.355 0.5632530120481928 0.034 0.12650602409638553
0 0.343 0.5572289156626506 0.034 0.12650602409638553
2 0.972 0.42620481927710846 0.04 0.09337349397590361
2 0.78 0.4141566265060241 0.044 0.05120481927710843
2 0.799 0.46686746987951805 0.026 0.06626506024096386
2 0.764 0.4563253012048193 0.036 0.0572289156626506
2 0.738 0.4397590361445783 0.028 0.04819277108433735
4 0.277 0.5662650602409639 0.55 0.27710843373493976
