0 0.020833333333333332 0.6773049645390071 0.041666666666666664 0.20567375886524822
0 0.044270833333333336 0.6675531914893617 0.046875 0.20035460992907803
0 0.0734375 0.6560283687943262 0.04895833333333333 0.20921985815602837
0 0.08854166666666667 0.6773049645390071 0.052083333333333336 0.2198581560283688
0 0.1109375 0.6480496453900709 0.05520833333333333 0.22872340425531915
0 0.1265625 0.6613475177304965 0.057291666666666664 0.24113475177304963
0 0.15885416666666666 0.675531914893617 0.05520833333333333 0.23404255319148937
0 0.19010416666666666 0.6870567375886525 0.059375 0.24645390070921985
0 0.20989583333333334 0.6578014184397163 0.057291666666666664 0.24113475177304963
0 0.24166666666666667 0.6897163120567376 0.06041666666666667 0.2553191489361702
0 0.2984375 0.6861702127659575 0.057291666666666664 0.24468085106382978
0 0.33229166666666665 0.6693262411347518 0.05625 0.23581560283687944
0 0.35 0.6897163120567376 0.05416666666666667 0.22695035460992907
0 0.38645833333333335 0.6835106382978723 0.05625 0.23581560283687944
0 0.4265625 0.6870567375886525 0.05520833333333333 0.2322695035460993
0 0.4666666666666667 0.6808510638297872 0.05625 0.2375886524822695
0 0.5098958333333333 0.6906028368794326 0.05520833333333333 0.2322695035460993
0 0.5484375 0.6790780141843972 0.059375 0.24822695035460993
0 0.6052083333333333 0.6843971631205674 0.0625 0.25886524822695034
0 0.6380208333333334 0.6852836879432624 0.057291666666666664 0.2429078014184397
0 0.675 0.6950354609929078 0.05 0.2127659574468085
0 0.7177083333333333 0.6968085106382979 0.052083333333333336 0.21631205673758866
0 0.7536458333333333 0.6737588652482269 0.06145833333333333 0.25886524822695034
0 0.7921875 0.6861702127659575 0.053125 0.22340425531914893
0 0.8328125 0.7012411347517731 0.05520833333333333 0.22872340425531915
0 0.8630208333333333 0.7012411347517731 0.04895833333333333 0.20390070921985815
0 0.89375 0.7039007092198581 0.052083333333333336 0.21631205673758866
0 0.9333333333333333 0.6808510638297872 0.06041666666666667 0.25177304964539005
0 0.953125 0.6879432624113475 0.05 0.2127659574468085
0 0.9802083333333333 0.6710992907801419 0.03958333333333333 0.25354609929078015
0 0.9859375 0.45656028368794327 0.019791666666666666 0.08687943262411348
2 0.9911458333333333 0.3900709219858156 0.017708333333333333 0.03900709219858156
2 0.9 0.5602836879432624 0.022916666666666665 0.04609929078014184
2 0.8729166666666667 0.5735815602836879 0.027083333333333334 0.06205673758865248
2 0.8151041666666666 0.5735815602836879 0.021875 0.047872340425531915
2 0.7708333333333334 0.5620567375886525 0.022916666666666665 0.0425531914893617
2 0.7197916666666667 0.5620567375886525 0.01875 0.0425531914893617
2 0.7015625 0.5638297872340425 0.019791666666666666 0.0425531914893617
2 0.6828125 0.5673758865248227 0.019791666666666666 0.04964539007092199
2 0.6583333333333333 0.5523049645390071 0.01875 0.047872340425531915
2 0.525 0.5363475177304965 0.01875 0.03723404255319149
2 0.49375 0.5718085106382979 0.020833333333333332 0.047872340425531915
2 0.4828125 0.5381205673758865 0.017708333333333333 0.0549645390070922
2 0.4421875 0.5629432624113475 0.023958333333333335 0.06560283687943262
2 0.40520833333333334 0.5585106382978723 0.020833333333333332 0.04964539007092199
2 0.37083333333333335 0.5576241134751773 0.01875 0.044326241134751775
2 0.18229166666666666 0.5328014184397163 0.01875 0.03368794326241135
2 0.05572916666666667 0.5381205673758865 0.023958333333333335 0.047872340425531915
2 0.028125 0.5132978723404256 0.020833333333333332 0.03723404255319149
2 0.011979166666666667 0.47429078014184395 0.017708333333333333 0.03723404255319149
4 0.5104166666666666 0.4299645390070922 0.9729166666666667 0.374113475177305
