0 0.9014285714285715 0.38008565310492504 0.08285714285714285 0.30620985010706636
0 0.8314285714285714 0.35867237687366166 0.08857142857142856 0.3233404710920771
0 0.7607142857142857 0.35224839400428265 0.09 0.33190578158458245
0 0.6507142857142857 0.34796573875803 0.08714285714285715 0.3233404710920771
0 0.6978571428571428 0.34582441113490364 0.07 0.25910064239828695
0 0.5985714285714285 0.360813704496788 0.07142857142857142 0.2633832976445396
0 0.5435714285714286 0.3501070663811563 0.07571428571428572 0.28051391862955033
0 0.4857142857142857 0.3404710920770878 0.07714285714285714 0.2826552462526767
0 0.4492857142857143 0.3372591006423983 0.08428571428571428 0.3147751605995717
0 0.37285714285714283 0.3361884368308351 0.08285714285714285 0.30406852248394006
0 0.31857142857142856 0.33083511777301927 0.08 0.29764453961456105
0 0.2664285714285714 0.278372591006424 0.09 0.3340471092077088
0 0.16714285714285715 0.26552462526766596 0.09428571428571429 0.3511777301927195
0 0.2757142857142857 0.3340471092077088 0.07714285714285714 0.2826552462526767
2 0.04357142857142857 0.18522483940042828 0.032857142857142856 0.07494646680942184
2 0.08714285714285715 0.21413276231263384 0.04 0.06423982869379015
2 0.195 0.18950749464668093 0.03 0.07066381156316917
2 0.24071428571428571 0.21092077087794434 0.047142857142857146 0.07922912205567452
2 0.5785714285714286 0.21948608137044967 0.03142857142857143 0.05353319057815846
2 0.44142857142857145 0.493576017130621 0.2914285714285714 0.29764453961456105
2 0.2757142857142857 0.7002141327623126 0.09714285714285714 0.13276231263383298
2 0.19 0.791220556745182 0.08285714285714285 0.12205567451820129
