0 0.018292682926829267 0.3286852589641434 0.036585365853658534 0.22709163346613545
0 0.05853658536585366 0.33266932270916333 0.06341463414634146 0.2589641434262948
0 0.7134146341463414 0.2908366533864542 0.07073170731707316 0.2788844621513944
0 0.6853658536585366 0.29880478087649404 0.06829268292682927 0.27091633466135456
0 0.6646341463414634 0.3047808764940239 0.06585365853658537 0.2749003984063745
0 0.6219512195121951 0.3047808764940239 0.06829268292682927 0.28286852589641437
0 0.8426829268292683 0.4243027888446215 0.14878048780487804 0.5936254980079682
0 0.13170731707317074 0.31274900398406374 0.05853658536585366 0.24302788844621515
0 0.35609756097560974 0.30876494023904383 0.06341463414634146 0.26693227091633465
0 0.3951219512195122 0.3247011952191235 0.07317073170731707 0.29880478087649404
2 0.09634146341463415 0.6354581673306773 0.12439024390243902 0.3784860557768924
2 0.1048780487804878 0.2450199203187251 0.03414634146341464 0.12350597609561753
2 0.16951219512195123 0.23705179282868527 0.05121951219512195 0.11553784860557768
2 0.1951219512195122 0.199203187250996 0.04390243902439024 0.09561752988047809
2 0.24146341463414633 0.35856573705179284 0.08292682926829269 0.1593625498007968
2 0.26707317073170733 0.24701195219123506 0.041463414634146344 0.11952191235059761
2 0.2939024390243902 0.22709163346613545 0.041463414634146344 0.08764940239043825
2 0.3207317073170732 0.2051792828685259 0.036585365853658534 0.09163346613545817
2 0.4573170731707317 0.21314741035856574 0.036585365853658534 0.099601593625498
2 0.49390243902439024 0.18127490039840638 0.036585365853658534 0.08366533864541832
2 0.5121951219512195 0.2290836653386454 0.03414634146341464 0.09163346613545817
2 0.44634146341463415 0.34063745019920316 0.11219512195121951 0.16334661354581673
2 0.5158536585365854 0.5537848605577689 0.10975609756097561 0.23904382470119523
2 0.6451219512195122 0.5517928286852589 0.14390243902439023 0.2749003984063745
2 0.6378048780487805 0.16135458167330677 0.036585365853658534 0.07569721115537849
2 0.8682926829268293 0.15338645418326693 0.04390243902439024 0.09163346613545817
2 0.8975609756097561 0.16334661354581673 0.024390243902439025 0.09561752988047809
2 0.9219512195121952 0.17330677290836655 0.03414634146341464 0.08366533864541832
