0 0.038679245283018866 0.6121495327102804 0.07735849056603773 0.34579439252336447
0 0.08962264150943396 0.6214953271028038 0.09245283018867924 0.38317757009345793
0 0.06132075471698113 0.616822429906542 0.08867924528301886 0.35514018691588783
0 0.1311320754716981 0.6121495327102804 0.1 0.4143302180685358
0 0.15943396226415094 0.6308411214953271 0.1 0.4143302180685358
0 0.21037735849056605 0.6557632398753894 0.10377358490566038 0.42679127725856697
0 0.2650943396226415 0.660436137071651 0.10754716981132076 0.43613707165109034
0 0.3283018867924528 0.6713395638629284 0.1169811320754717 0.470404984423676
0 0.3867924528301887 0.6947040498442367 0.12452830188679245 0.5109034267912772
0 0.4641509433962264 0.6791277258566978 0.11320754716981132 0.46105919003115264
0 0.5150943396226415 0.6479750778816199 0.1169811320754717 0.4735202492211838
0 0.5632075471698114 0.661993769470405 0.1 0.40809968847352024
0 0.6141509433962264 0.6370716510903427 0.09622641509433963 0.3894080996884735
0 0.6509433962264151 0.6277258566978193 0.08679245283018867 0.35202492211838005
0 0.6943396226415094 0.6152647975077882 0.07169811320754717 0.29595015576323985
0 0.7396226415094339 0.618380062305296 0.07547169811320754 0.30218068535825543
0 0.7783018867924528 0.6105919003115264 0.06981132075471698 0.29283489096573206
0 0.810377358490566 0.5903426791277259 0.06981132075471698 0.2834890965732087
0 0.840566037735849 0.5934579439252337 0.062264150943396226 0.2585669781931464
0 0.8943396226415095 0.5919003115264797 0.04905660377358491 0.205607476635514
0 0.9150943396226415 0.5794392523364486 0.04905660377358491 0.19937694704049844
4 0.9292452830188679 0.5498442367601246 0.13773584905660377 0.2585669781931464
