0 0.186 0.5765765765765766 0.08 0.3003003003003003
0 0.642 0.5285285285285285 0.06 0.2222222222222222
0 0.899 0.5105105105105106 0.054 0.1981981981981982
0 0.943 0.512012012012012 0.026 0.0990990990990991
0 0.981 0.5045045045045045 0.026 0.0960960960960961
0 0.87 0.5135135135135135 0.028 0.1021021021021021
0 0.798 0.5075075075075075 0.024 0.0960960960960961
0 0.772 0.5015015015015015 0.024 0.09009009009009009
0 0.733 0.509009009009009 0.03 0.11711711711711711
0 0.748 0.4894894894894895 0.02 0.08408408408408409
0 0.759 0.4864864864864865 0.022 0.07807807807807808
0 0.709 0.4894894894894895 0.022 0.09009009009009009
0 0.688 0.53003003003003 0.028 0.10510510510510511
0 0.607 0.5285285285285285 0.03 0.11411411411411411
0 0.567 0.515015015015015 0.026 0.0990990990990991
0 0.554 0.5315315315315315 0.028 0.10810810810810811
0 0.527 0.49099099099099097 0.022 0.08108108108108109
0 0.505 0.5180180180180181 0.026 0.09309309309309309
0 0.48 0.521021021021021 0.024 0.09309309309309309
0 0.458 0.524024024024024 0.028 0.10510510510510511
0 0.434 0.5225225225225225 0.028 0.11411411411411411
0 0.402 0.5315315315315315 0.028 0.1021021021021021
0 0.39 0.5345345345345346 0.028 0.1021021021021021
0 0.417 0.4924924924924925 0.022 0.07807807807807808
0 0.344 0.5285285285285285 0.028 0.1021021021021021
0 0.329 0.5375375375375375 0.034 0.12612612612612611
0 0.303 0.5255255255255256 0.026 0.1021021021021021
0 0.266 0.5525525525525525 0.032 0.12612612612612611
0 0.235 0.5285285285285285 0.03 0.11411411411411411
0 0.254 0.5225225225225225 0.024 0.0960960960960961
0 0.127 0.5525525525525525 0.034 0.12612612612612611
0 0.067 0.5705705705705706 0.038 0.15015015015015015
0 0.09 0.5330330330330331 0.028 0.1111111111111111
0 0.111 0.512012012012012 0.026 0.10510510510510511
0 0.037 0.5420420420420421 0.034 0.12912912912912913
0 0.017 0.5540540540540541 0.034 0.13513513513513514
0 0.585 0.48348348348348347 0.018 0.07207207207207207
0 0.29 0.515015015015015 0.024 0.09309309309309309
0 0.363 0.5 0.026 0.09309309309309309
0 0.209 0.551051051051051 0.034 0.12312312312312312
0 0.829 0.4894894894894895 0.018 0.07207207207207207
0 0.851 0.4894894894894895 0.022 0.07807807807807808
0 0.919 0.4954954954954955 0.026 0.0960960960960961
0 0.672 0.5015015015015015 0.024 0.0960960960960961
0 0.99 0.47597597597597596 0.02 0.08108108108108109
0 0.953 0.5 0.022 0.08708708708708708
2 0.069 0.44594594594594594 0.018 0.03303303303303303
4 0.077 0.509009009009009 0.154 0.12912912912912913
4 0.278 0.5 0.168 0.10510510510510511
4 0.444 0.4984984984984985 0.168 0.1021021021021021
4 0.552 0.4894894894894895 0.056 0.08408408408408409
4 0.646 0.5045045045045045 0.116 0.12612612612612611
4 0.851 0.4774774774774775 0.282 0.0960960960960961
