0 0.49245283018867925 0.5552407932011332 0.2 0.7422096317280453
0 0.8518867924528302 0.4235127478753541 0.19433962264150945 0.7110481586402266
0 0.9330188679245283 0.3271954674220963 0.1339622641509434 0.5127478753541076
0 0.7726415094339623 0.36827195467422097 0.14528301886792452 0.5382436260623229
0 0.6650943396226415 0.31728045325779036 0.12264150943396226 0.4475920679886686
0 0.5943396226415094 0.3980169971671388 0.16981132075471697 0.6317280453257791
0 0.39339622641509436 0.37677053824362605 0.15283018867924528 0.5609065155807366
0 0.35660377358490564 0.32011331444759206 0.12452830188679245 0.46458923512747874
0 0.4528301886792453 0.330028328611898 0.13962264150943396 0.5127478753541076
0 0.2660377358490566 0.36827195467422097 0.13962264150943396 0.5155807365439093
0 0.2349056603773585 0.4603399433427762 0.19433962264150945 0.71671388101983
0 0.12358490566037736 0.34844192634560905 0.1339622641509434 0.4985835694050991
0 0.19433962264150945 0.34277620396600567 0.1169811320754717 0.43059490084985835
0 0.052830188679245285 0.43342776203966005 0.10566037735849057 0.6685552407932012
0 0.0820754716981132 0.3002832861189802 0.11509433962264151 0.42492917847025496
0 0.9679245283018868 0.31586402266288954 0.06415094339622641 0.3937677053824363
2 0.8 0.12322946175637393 0.03773584905660377 0.059490084985835696
2 0.2820754716981132 0.13172804532577903 0.03207547169811321 0.059490084985835696
2 0.5433962264150943 0.20538243626062322 0.06037735849056604 0.23512747875354106
2 0.9632075471698113 0.12464589235127478 0.024528301886792454 0.05099150141643059
4 0.04622641509433962 0.1529745042492918 0.04339622641509434 0.056657223796033995
4 0.42735849056603775 0.1388101983002833 0.02830188679245283 0.0339943342776204
4 0.5066037735849057 0.14022662889518414 0.06981132075471698 0.059490084985835696
4 0.7122641509433962 0.1359773371104816 0.07735849056603773 0.08498583569405099
4 0.8924528301886793 0.13739376770538245 0.03773584905660377 0.0821529745042493
4 0.6330188679245283 0.1501416430594901 0.03962264150943396 0.05099150141643059
