0 0.2 0.9233333333333333 0.044444444444444446 0.08333333333333333
0 0.22555555555555556 0.9266666666666666 0.03777777777777778 0.07
0 0.2611111111111111 0.9258333333333333 0.042222222222222223 0.08166666666666667
0 0.44666666666666666 0.8991666666666667 0.02666666666666667 0.051666666666666666
0 0.5855555555555556 0.9125 0.042222222222222223 0.08166666666666667
0 0.5711111111111111 0.915 0.04 0.07666666666666666
0 0.5255555555555556 0.9133333333333333 0.04666666666666667 0.09
0 0.47888888888888886 0.91 0.03777777777777778 0.07333333333333333
0 0.67 0.9041666666666667 0.03777777777777778 0.07166666666666667
0 0.6933333333333334 0.9108333333333334 0.04 0.075
0 0.8055555555555556 0.9233333333333333 0.06444444444444444 0.11666666666666667
0 0.8444444444444444 0.915 0.06222222222222222 0.11333333333333333
0 0.9677777777777777 0.9116666666666666 0.05555555555555555 0.1
0 0.9855555555555555 0.9125 0.028888888888888888 0.085
0 0.4922222222222222 0.9058333333333334 0.028888888888888888 0.051666666666666666
0 0.9122222222222223 0.9066666666666666 0.03777777777777778 0.07
0 0.9377777777777778 0.9041666666666667 0.02666666666666667 0.055
4 0.4677777777777778 0.9025 0.2111111111111111 0.045
