0 0.07 0.5871121718377088 0.14 0.6682577565632458
0 0.485 0.5727923627684964 0.21 0.6109785202863962
0 0.099 0.5727923627684964 0.182 0.5346062052505967
0 0.175 0.5178997613365155 0.162 0.47255369928400953
0 0.203 0.5107398568019093 0.146 0.4295942720763723
0 0.278 0.4809069212410501 0.132 0.38424821002386633
0 0.325 0.4451073985680191 0.114 0.3317422434367542
0 0.395 0.4498806682577566 0.126 0.3747016706443914
0 0.534 0.45823389021479716 0.112 0.32935560859188545
0 0.613 0.4379474940334129 0.106 0.31742243436754175
0 0.635 0.4236276849642005 0.118 0.35083532219570407
0 0.946 0.5322195704057279 0.108 0.5775656324582339
0 0.937 0.5178997613365155 0.126 0.5298329355608592
0 0.921 0.5023866348448688 0.158 0.5417661097852029
0 0.893 0.47255369928400953 0.174 0.5107398568019093
0 0.854 0.477326968973747 0.156 0.45346062052505964
0 0.811 0.4809069212410501 0.142 0.41766109785202865
0 0.768 0.46897374701670647 0.144 0.4224343675417661
0 0.755 0.4809069212410501 0.13 0.38424821002386633
0 0.732 0.4439140811455847 0.14 0.4152744630071599
0 0.71 0.4439140811455847 0.132 0.38663484486873506
0 0.684 0.4439140811455847 0.136 0.39618138424821003
0 0.657 0.4403341288782816 0.126 0.36992840095465396
0 0.228 0.47613365155131265 0.152 0.4510739856801909
2 0.983 0.22553699284009546 0.026 0.050119331742243436
2 0.579 0.324582338902148 0.042 0.081145584725537
2 0.571 0.29952267303102625 0.046 0.07398568019093078
2 0.499 0.27923627684964203 0.034 0.04295942720763723
2 0.44 0.324582338902148 0.036 0.10023866348448687
2 0.397 0.2971360381861575 0.058 0.06443914081145585
2 0.349 0.30071599045346065 0.03 0.057279236276849645
2 0.308 0.27804295942720764 0.028 0.0405727923627685
2 0.064 0.3162291169451074 0.044 0.12171837708830549
2 0.105 0.31026252983293556 0.062 0.11933174224343675
2 0.161 0.2971360381861575 0.042 0.09307875894988067
2 0.226 0.2744630071599045 0.044 0.03818615751789976
2 0.267 0.2947494033412888 0.05 0.14081145584725538
