0 0.627 0.5899705014749262 0.226 0.8141592920353983
0 0.933 0.6061946902654868 0.03 0.10914454277286136
0 0.956 0.6076696165191741 0.028 0.10619469026548672
0 0.979 0.6076696165191741 0.03 0.11209439528023599
0 0.84 0.6194690265486725 0.028 0.10029498525073746
0 0.819 0.6504424778761062 0.046 0.168141592920354
0 0.785 0.6386430678466076 0.038 0.13864306784660768
0 0.749 0.6386430678466076 0.038 0.14454277286135694
0 0.758 0.6386430678466076 0.036 0.13864306784660768
0 0.716 0.6342182890855457 0.04 0.15339233038348082
0 0.539 0.644542772861357 0.034 0.12684365781710916
2 0.807 0.5870206489675516 0.018 0.058997050147492625
2 0.065 0.6371681415929203 0.034 0.08849557522123894
2 0.09 0.6061946902654868 0.02 0.038348082595870206
2 0.272 0.6563421828908554 0.052 0.06784660766961652
4 0.042 0.6238938053097345 0.028 0.05604719764011799
