0 0.878 0.16933333333333334 0.02 0.06666666666666667
0 0.893 0.16533333333333333 0.018 0.058666666666666666
0 0.906 0.16266666666666665 0.02 0.064
0 0.924 0.16 0.02 0.06933333333333333
0 0.473 0.68 0.158 0.5226666666666666
0 0.053 0.708 0.106 0.5786666666666667
0 0.865 0.5946666666666667 0.122 0.4053333333333333
0 0.96 0.504 0.076 0.24533333333333332
0 0.937 0.456 0.054 0.18133333333333335
0 0.731 0.44266666666666665 0.046 0.14933333333333335
0 0.796 0.5333333333333333 0.08 0.2613333333333333
0 0.627 0.552 0.094 0.304
0 0.552 0.456 0.052 0.17066666666666666
0 0.501 0.5133333333333333 0.07 0.232
0 0.426 0.5253333333333333 0.076 0.256
0 0.291 0.5733333333333334 0.122 0.39466666666666667
0 0.249 0.48533333333333334 0.058 0.192
0 0.178 0.5373333333333333 0.092 0.30666666666666664
0 0.208 0.43466666666666665 0.028 0.10133333333333333
0 0.225 0.43066666666666664 0.026 0.09333333333333334
0 0.318 0.49733333333333335 0.064 0.216
0 0.345 0.4613333333333333 0.046 0.14933333333333335
0 0.122 0.5093333333333333 0.076 0.25066666666666665
0 0.649 0.4666666666666667 0.054 0.18133333333333335
0 0.64 0.508 0.068 0.22666666666666666
0 0.404 0.48533333333333334 0.048 0.16533333333333333
0 0.59 0.44533333333333336 0.04 0.128
0 0.676 0.456 0.02 0.07466666666666667
0 0.366 0.42933333333333334 0.024 0.08533333333333333
0 0.833 0.44533333333333336 0.038 0.128
2 0.771 0.18533333333333332 0.018 0.04533333333333334
2 0.789 0.18933333333333333 0.018 0.02666666666666667
2 0.808 0.184 0.02 0.02666666666666667
2 0.833 0.176 0.026 0.037333333333333336
2 0.855 0.172 0.022 0.034666666666666665
2 0.94 0.16666666666666666 0.012 0.024
2 0.471 0.3973333333333333 0.022 0.048
2 0.188 0.412 0.02 0.050666666666666665
2 0.98 0.416 0.016 0.037333333333333336
2 0.992 0.4226666666666667 0.012 0.06666666666666667
2 0.873 0.3973333333333333 0.022 0.02666666666666667
2 0.889 0.41333333333333333 0.018 0.058666666666666666
2 0.899 0.424 0.022 0.02666666666666667
2 0.906 0.43466666666666665 0.032 0.037333333333333336
2 0.92 0.4026666666666667 0.012 0.02666666666666667
2 0.905 0.392 0.022 0.032
2 0.908 0.36933333333333335 0.012 0.018666666666666668
2 0.931 0.39066666666666666 0.01 0.034666666666666665
2 0.931 0.368 0.01 0.016
2 0.947 0.36533333333333334 0.01 0.032
4 0.957 0.152 0.022 0.058666666666666666
4 0.051 0.4106666666666667 0.102 0.08
4 0.388 0.43866666666666665 0.028 0.104
4 0.488 0.42933333333333334 0.12 0.112
4 0.621 0.408 0.138 0.096
4 0.771 0.42933333333333334 0.17 0.144
4 0.42 0.39866666666666667 0.024 0.018666666666666668
