0 0.30277777777777776 0.8666666666666667 0.07222222222222222 0.26666666666666666
0 0.42777777777777776 0.8408333333333333 0.051111111111111114 0.19166666666666668
0 0.45444444444444443 0.8925 0.057777777777777775 0.215
0 0.465 0.8175 0.034444444444444444 0.13166666666666665
0 0.49 0.8416666666666667 0.051111111111111114 0.18666666666666668
0 0.5366666666666666 0.8483333333333334 0.04888888888888889 0.18333333333333332
0 0.5844444444444444 0.8683333333333333 0.06888888888888889 0.25333333333333335
0 0.6233333333333333 0.7891666666666667 0.024444444444444446 0.08833333333333333
0 0.6333333333333333 0.7975 0.028888888888888888 0.11166666666666666
0 0.5972222222222222 0.8483333333333334 0.04777777777777778 0.17333333333333334
0 0.6705555555555556 0.8308333333333333 0.03888888888888889 0.14166666666666666
0 0.7133333333333334 0.8308333333333333 0.05555555555555555 0.20166666666666666
0 0.7505555555555555 0.795 0.027777777777777776 0.10666666666666667
0 0.7744444444444445 0.8166666666666667 0.035555555555555556 0.13
0 0.7611111111111111 0.795 0.028888888888888888 0.10666666666666667
0 0.7994444444444444 0.8675 0.07 0.26166666666666666
0 0.8333333333333334 0.7916666666666666 0.022222222222222223 0.08666666666666667
0 0.865 0.8091666666666667 0.03666666666666667 0.13833333333333334
0 0.8972222222222223 0.8125 0.034444444444444444 0.12833333333333333
0 0.8211111111111111 0.7958333333333333 0.015555555555555555 0.06166666666666667
2 0.6572222222222223 0.7366666666666667 0.014444444444444444 0.03
2 0.6 0.7666666666666667 0.015555555555555555 0.043333333333333335
2 0.8855555555555555 0.7733333333333333 0.008888888888888889 0.056666666666666664
2 0.8105555555555556 0.7691666666666667 0.01 0.03833333333333333
2 0.4444444444444444 0.7841666666666667 0.011111111111111112 0.021666666666666667
2 0.8766666666666667 0.7966666666666666 0.013333333333333334 0.06
4 0.6888888888888889 0.7533333333333333 0.02666666666666667 0.04
