0 0.087 0.706766917293233 0.13 0.48120300751879697
0 0.1945 0.737593984962406 0.117 0.4345864661654135
0 0.2755 0.7225563909774436 0.113 0.41353383458646614
0 0.3785 0.718796992481203 0.125 0.45714285714285713
0 0.466 0.6789473684210526 0.118 0.4345864661654135
0 0.572 0.674436090225564 0.11 0.4045112781954887
0 0.66 0.7082706766917293 0.112 0.4150375939849624
0 0.7485 0.7315789473684211 0.105 0.38646616541353385
0 0.838 0.7075187969924812 0.108 0.40150375939849625
0 0.9355 0.6684210526315789 0.113 0.41654135338345866
0 0.97 0.6714285714285714 0.06 0.23609022556390977
0 0.877 0.7097744360902256 0.038 0.14135338345864662
3 0.028 0.5744360902255639 0.046 0.1774436090225564
3 0.2515 0.5338345864661654 0.019 0.06015037593984962
3 0.5115 0.5902255639097744 0.041 0.15789473684210525
3 0.521 0.5030075187969925 0.014 0.019548872180451128
3 0.641 0.5045112781954887 0.012 0.02556390977443609
3 0.64 0.48947368421052634 0.008 0.016541353383458645
3 0.6485 0.4932330827067669 0.013 0.021052631578947368
