0 0.06909090909090909 0.7076502732240437 0.05090909090909091 0.1912568306010929
0 0.15181818181818182 0.7431693989071039 0.05272727272727273 0.1912568306010929
0 0.20454545454545456 0.7937158469945356 0.06727272727272728 0.24863387978142076
0 0.24272727272727274 0.7021857923497268 0.045454545454545456 0.16939890710382513
0 0.3245454545454545 0.7431693989071039 0.04909090909090909 0.18579234972677597
0 0.3718181818181818 0.7062841530054644 0.045454545454545456 0.1721311475409836
0 0.4445454545454545 0.7923497267759563 0.06 0.22404371584699453
0 0.5172727272727272 0.7390710382513661 0.05272727272727273 0.19398907103825136
0 0.5236363636363637 0.6980874316939891 0.04363636363636364 0.16120218579234974
0 0.6472727272727272 0.7773224043715847 0.05454545454545454 0.1994535519125683
0 0.6454545454545455 0.7281420765027322 0.04727272727272727 0.1830601092896175
0 0.6618181818181819 0.6871584699453552 0.03636363636363636 0.13934426229508196
0 0.79 0.7882513661202186 0.056363636363636366 0.2103825136612022
0 0.9209090909090909 0.7745901639344263 0.056363636363636366 0.21584699453551912
0 0.9463636363636364 0.7226775956284153 0.04909090909090909 0.17759562841530055
2 0.7818181818181819 0.6653005464480874 0.04363636363636364 0.07377049180327869
2 0.8018181818181818 0.6502732240437158 0.02909090909090909 0.08196721311475409
2 0.9227272727272727 0.6557377049180327 0.02727272727272727 0.06557377049180328
