0 0.8627272727272727 0.7312138728323699 0.12545454545454546 0.49710982658959535
0 0.7418181818181818 0.7052023121387283 0.12727272727272726 0.5028901734104047
0 0.66 0.6791907514450867 0.12 0.4624277456647399
0 0.5854545454545454 0.6763005780346821 0.11272727272727273 0.44508670520231214
0 0.5218181818181818 0.6589595375722543 0.10909090909090909 0.43352601156069365
0 0.45636363636363636 0.6488439306358381 0.10909090909090909 0.42485549132947975
0 0.41363636363636364 0.6416184971098265 0.11090909090909092 0.4277456647398844
0 0.3527272727272727 0.6358381502890174 0.10545454545454545 0.41040462427745666
0 0.3018181818181818 0.6184971098265896 0.09818181818181818 0.3815028901734104
0 0.2672727272727273 0.6170520231213873 0.09090909090909091 0.3554913294797688
0 0.23636363636363636 0.6127167630057804 0.09090909090909091 0.35260115606936415
0 0.19636363636363635 0.6141618497109826 0.08 0.3208092485549133
0 0.17545454545454545 0.5982658959537572 0.07818181818181819 0.30057803468208094
0 0.15545454545454546 0.6040462427745664 0.07818181818181819 0.3063583815028902
0 0.13 0.5953757225433526 0.07818181818181819 0.30057803468208094
0 0.10909090909090909 0.5910404624277457 0.06909090909090909 0.2745664739884393
0 0.04818181818181818 0.5447976878612717 0.0890909090909091 0.3439306358381503
2 0.20727272727272728 0.434971098265896 0.04363636363636364 0.10115606936416185
2 0.2581818181818182 0.4277456647398844 0.04 0.09248554913294797
2 0.44 0.43352601156069365 0.03636363636363636 0.09248554913294797
2 0.37727272727272726 0.45664739884393063 0.04909090909090909 0.10404624277456648
2 0.3190909090909091 0.4436416184971098 0.034545454545454546 0.10115606936416185
2 0.53 0.4421965317919075 0.038181818181818185 0.11560693641618497
2 0.6118181818181818 0.45664739884393063 0.056363636363636366 0.15028901734104047
2 0.7563636363636363 0.4407514450867052 0.08363636363636363 0.18786127167630057
2 0.8627272727272727 0.4595375722543353 0.10727272727272727 0.21965317919075145
3 0.7154545454545455 0.29190751445086704 0.08545454545454545 0.1676300578034682
3 0.7681818181818182 0.3106936416184971 0.04909090909090909 0.1936416184971098
3 0.8254545454545454 0.2875722543352601 0.06909090909090909 0.17052023121387283
3 0.8672727272727273 0.22687861271676302 0.04 0.11271676300578035
3 0.9209090909090909 0.28034682080924855 0.056363636363636366 0.2254335260115607
3 0.9645454545454546 0.3222543352601156 0.06363636363636363 0.2630057803468208
3 0.740909090909091 0.15895953757225434 0.06363636363636363 0.10982658959537572
3 0.7836363636363637 0.15606936416184972 0.04727272727272727 0.1329479768786127
3 0.8281818181818181 0.14017341040462428 0.056363636363636366 0.17630057803468208
3 0.8827272727272727 0.11560693641618497 0.05272727272727273 0.12138728323699421
3 0.9345454545454546 0.11849710982658959 0.06181818181818182 0.13872832369942195
3 0.9727272727272728 0.12427745664739884 0.05090909090909091 0.15028901734104047
