0 0.0725 0.6575 0.09166666666666666 0.34
0 0.11166666666666666 0.665 0.08666666666666667 0.325
0 0.17666666666666667 0.62625 0.08666666666666667 0.3175
0 0.20166666666666666 0.6125 0.08666666666666667 0.315
0 0.31416666666666665 0.70375 0.15166666666666667 0.5625
0 0.38666666666666666 0.69625 0.13333333333333333 0.4875
0 0.46166666666666667 0.71375 0.14333333333333334 0.5275
0 0.5358333333333334 0.70625 0.13833333333333334 0.5075
0 0.5025 0.64625 0.11166666666666666 0.4175
0 0.5966666666666667 0.6425 0.11 0.4
0 0.6316666666666667 0.70625 0.12666666666666668 0.4625
0 0.7108333333333333 0.68 0.10166666666666667 0.375
0 0.7591666666666667 0.65375 0.09833333333333333 0.3575
0 0.6708333333333333 0.62 0.08833333333333333 0.33
0 0.83 0.6 0.07 0.26
0 0.9 0.6025 0.06 0.225
0 0.9533333333333334 0.62125 0.06333333333333334 0.2375
0 0.9316666666666666 0.5875 0.056666666666666664 0.215
0 0.975 0.5975 0.05 0.215
0 0.0225 0.585 0.045 0.205
0 0.8058333333333333 0.57625 0.028333333333333332 0.1125
2 0.24916666666666668 0.5975 0.03166666666666667 0.095
2 0.25333333333333335 0.535 0.043333333333333335 0.1
2 0.35083333333333333 0.4875 0.051666666666666666 0.1
