0 0.4766666666666667 0.5326797385620915 0.2511111111111111 0.9084967320261438
0 0.8522222222222222 0.477124183006536 0.13111111111111112 0.477124183006536
0 0.7722222222222223 0.3888888888888889 0.09111111111111111 0.32679738562091504
0 0.9477777777777778 0.36437908496732024 0.05555555555555555 0.20588235294117646
0 0.7333333333333333 0.35294117647058826 0.057777777777777775 0.20915032679738563
0 0.6988888888888889 0.33169934640522875 0.04666666666666667 0.17973856209150327
0 0.6333333333333333 0.4297385620915033 0.10666666666666667 0.3888888888888889
0 0.2966666666666667 0.4477124183006536 0.12222222222222222 0.4444444444444444
0 0.38 0.3627450980392157 0.06666666666666667 0.24183006535947713
0 0.21333333333333335 0.38235294117647056 0.09333333333333334 0.3333333333333333
0 0.15888888888888889 0.3611111111111111 0.06888888888888889 0.25163398692810457
0 0.13444444444444445 0.32516339869281047 0.04666666666666667 0.17320261437908496
0 0.10111111111111111 0.32516339869281047 0.042222222222222223 0.15359477124183007
2 0.3288888888888889 0.27941176470588236 0.05333333333333334 0.10784313725490197
2 0.5755555555555556 0.27450980392156865 0.03111111111111111 0.0718954248366013
2 0.8144444444444444 0.2826797385620915 0.024444444444444446 0.08169934640522876
4 0.06111111111111111 0.29901960784313725 0.06 0.13398692810457516
