0 0.465 0.6838602329450915 0.09222222222222222 0.33943427620632277
0 0.5755555555555556 0.6805324459234608 0.08444444444444445 0.30948419301164726
0 0.3022222222222222 0.5257903494176372 0.06 0.22296173044925124
0 0.7655555555555555 0.5 0.06888888888888889 0.2579034941763727
0 0.9766666666666667 0.6314475873544093 0.04666666666666667 0.19800332778702162
0 0.9377777777777778 0.6247920133111481 0.044444444444444446 0.16139767054908485
0 0.91 0.6306156405990017 0.04888888888888889 0.18302828618968386
0 0.8861111111111111 0.6231281198003328 0.03888888888888889 0.1447587354409318
0 0.8516666666666667 0.6347753743760399 0.04777777777777778 0.17803660565723795
0 0.8211111111111111 0.6264559068219634 0.03777777777777778 0.14143094841930118
0 0.7883333333333333 0.6339434276206323 0.04777777777777778 0.17304492512479203
0 0.7377777777777778 0.6281198003327787 0.042222222222222223 0.15806988352745424
0 0.7177777777777777 0.6231281198003328 0.03333333333333333 0.1281198003327787
0 0.6766666666666666 0.6289517470881864 0.042222222222222223 0.15973377703826955
0 0.6411111111111111 0.6064891846921797 0.03111111111111111 0.11813643926788686
0 0.605 0.6597337770382695 0.043333333333333335 0.15806988352745424
0 0.5161111111111111 0.6214642262895175 0.03666666666666667 0.13477537437603992
0 0.4127777777777778 0.6139767054908486 0.034444444444444444 0.1264559068219634
0 0.38222222222222224 0.6222961730449251 0.042222222222222223 0.15973377703826955
0 0.3477777777777778 0.6331114808652246 0.044444444444444446 0.16472545757071547
0 0.3211111111111111 0.6264559068219634 0.044444444444444446 0.16139767054908485
0 0.27 0.6356073211314476 0.04888888888888889 0.17970049916805325
0 0.2511111111111111 0.6289517470881864 0.042222222222222223 0.15307820299500832
0 0.22666666666666666 0.6464226289517471 0.04888888888888889 0.18136439267886856
0 0.21 0.6372712146422629 0.044444444444444446 0.16638935108153077
0 0.18166666666666667 0.6347753743760399 0.04111111111111111 0.15141430948419302
0 0.1661111111111111 0.6289517470881864 0.03888888888888889 0.1464226289517471
0 0.12666666666666668 0.6231281198003328 0.03111111111111111 0.11813643926788686
0 0.15555555555555556 0.6289517470881864 0.03777777777777778 0.13976705490848584
0 0.007222222222222222 0.6023294509151415 0.014444444444444444 0.07321131447587355
0 0.026111111111111113 0.6014975041597338 0.021111111111111112 0.07820299500831947
0 0.04722222222222222 0.6039933444259568 0.021111111111111112 0.07986688851913477
0 0.07555555555555556 0.6023294509151415 0.022222222222222223 0.08652246256239601
0 0.6261111111111111 0.6139767054908486 0.03666666666666667 0.13643926788685523
0 0.007222222222222222 0.3910149750415973 0.014444444444444444 0.05324459234608985
0 0.022222222222222223 0.39267886855241263 0.015555555555555555 0.056572379367720464
0 0.041666666666666664 0.3985024958402662 0.014444444444444444 0.051580698835274545
0 0.058888888888888886 0.3985024958402662 0.013333333333333334 0.05490848585690516
0 0.09555555555555556 0.3968386023294509 0.011111111111111112 0.04492512479201331
0 0.11166666666666666 0.40266222961730447 0.012222222222222223 0.04326123128119801
0 0.2311111111111111 0.4034941763727121 0.013333333333333334 0.048252911813643926
0 0.265 0.4068219633943428 0.012222222222222223 0.04492512479201331
0 0.28888888888888886 0.4068219633943428 0.011111111111111112 0.04492512479201331
0 0.29444444444444445 0.4084858569051581 0.013333333333333334 0.048252911813643926
0 0.315 0.41098169717138106 0.012222222222222223 0.04326123128119801
0 0.32222222222222224 0.40931780366056575 0.011111111111111112 0.04326123128119801
0 0.33111111111111113 0.4084858569051581 0.008888888888888889 0.03826955074875208
0 0.34 0.4068219633943428 0.008888888888888889 0.03826955074875208
0 0.9838888888888889 0.4118136439267887 0.01 0.03826955074875208
0 0.9577777777777777 0.40765391014975044 0.011111111111111112 0.04326123128119801
0 0.9322222222222222 0.413477537437604 0.008888888888888889 0.03161397670549085
0 0.9083333333333333 0.4118136439267887 0.01 0.03826955074875208
0 0.8805555555555555 0.4151414309484193 0.01 0.03494176372712146
0 0.865 0.4118136439267887 0.01 0.04159733777038269
0 0.8455555555555555 0.41264559068219636 0.011111111111111112 0.03993344425956739
0 0.83 0.41264559068219636 0.011111111111111112 0.03993344425956739
0 0.8127777777777778 0.41430948419301167 0.01 0.036605657237936774
0 0.8038888888888889 0.41430948419301167 0.01 0.036605657237936774
0 0.7961111111111111 0.41430948419301167 0.01 0.036605657237936774
0 0.7783333333333333 0.41264559068219636 0.005555555555555556 0.026622296173044926
0 0.7727777777777778 0.41264559068219636 0.005555555555555556 0.026622296173044926
0 0.6322222222222222 0.40931780366056575 0.008888888888888889 0.036605657237936774
0 0.6411111111111111 0.4084858569051581 0.008888888888888889 0.03494176372712146
0 0.6572222222222223 0.41098169717138106 0.01 0.03993344425956739
0 0.6655555555555556 0.4101497504159734 0.008888888888888889 0.03826955074875208
0 0.6766666666666666 0.40765391014975044 0.013333333333333334 0.04991680532445923
2 0.9683333333333334 0.5549084858569051 0.023333333333333334 0.028286189683860232
2 0.08555555555555555 0.40765391014975044 0.02 0.026622296173044926
2 0.25166666666666665 0.4084858569051581 0.025555555555555557 0.03826955074875208
3 0.6216666666666667 0.11148086522462562 0.07444444444444444 0.20299500831946754
3 0.7283333333333334 0.1447587354409318 0.052222222222222225 0.129783693843594
4 0.10222222222222223 0.6031613976705491 0.04 0.1048252911813644
4 0.14222222222222222 0.5640599001663894 0.022222222222222223 0.036605657237936774
4 0.6016666666666667 0.5574043261231281 0.03888888888888889 0.036605657237936774
4 0.051666666666666666 0.26788685524126454 0.10333333333333333 0.08985024958402663
4 0.17444444444444446 0.2928452579034942 0.1288888888888889 0.08985024958402663
4 0.2838888888888889 0.3086522462562396 0.08555555555555555 0.048252911813643926
4 0.39222222222222225 0.3069883527454243 0.14444444444444443 0.07154742096505824
4 0.5772222222222222 0.32029950083194675 0.06555555555555556 0.05823627287853577
4 0.6955555555555556 0.3178036605657238 0.14888888888888888 0.059900166389351084
4 0.8266666666666667 0.3144758735440932 0.11333333333333333 0.04991680532445923
4 0.9388888888888889 0.32529118136439267 0.08666666666666667 0.04159733777038269
