0 0.9391304347826087 0.6899563318777293 0.0927536231884058 0.34497816593886466
0 0.8615942028985507 0.7019650655021834 0.1 0.36899563318777295
0 0.7949275362318841 0.7292576419213974 0.09420289855072464 0.3537117903930131
0 0.7079710144927536 0.7379912663755459 0.10289855072463767 0.38427947598253276
0 0.18985507246376812 0.6790393013100436 0.08695652173913043 0.32751091703056767
0 0.31376811594202897 0.6681222707423581 0.08260869565217391 0.31004366812227074
0 0.4007246376811594 0.740174672489083 0.10869565217391304 0.39737991266375544
0 0.513768115942029 0.7117903930131004 0.1 0.37554585152838427
0 0.605072463768116 0.769650655021834 0.11159420289855072 0.40829694323144106
0 0.6268115942028986 0.6943231441048034 0.08840579710144927 0.3231441048034934
0 0.6985507246376812 0.5458515283842795 0.05217391304347826 0.1965065502183406
0 0.7434782608695653 0.5480349344978166 0.04927536231884058 0.17903930131004367
0 0.7956521739130434 0.5251091703056768 0.043478260869565216 0.16812227074235808
0 0.8456521739130435 0.5360262008733624 0.04492753623188406 0.16812227074235808
0 0.9007246376811594 0.5469432314410481 0.04492753623188406 0.16375545851528384
0 0.9833333333333333 0.517467248908297 0.03333333333333333 0.13973799126637554
0 0.9427536231884058 0.5207423580786026 0.030434782608695653 0.12008733624454149
0 0.04492753623188406 0.7008733624454149 0.08985507246376812 0.3537117903930131
0 0.10942028985507246 0.6299126637554585 0.07101449275362319 0.2685589519650655
0 0.23550724637681159 0.5305676855895196 0.050724637681159424 0.18777292576419213
0 0.26231884057971017 0.4759825327510917 0.034782608695652174 0.13100436681222707
0 0.286231884057971 0.5141921397379913 0.0391304347826087 0.15065502183406113
0 0.3210144927536232 0.5305676855895196 0.04782608695652174 0.17467248908296942
0 0.5572463768115942 0.527292576419214 0.0391304347826087 0.15065502183406113
0 0.6072463768115942 0.5131004366812227 0.03188405797101449 0.1222707423580786
0 0.6557971014492754 0.5010917030567685 0.036231884057971016 0.13755458515283842
0 0.7724637681159421 0.4574235807860262 0.02318840579710145 0.08951965065502183
0 0.8297101449275363 0.4705240174672489 0.02463768115942029 0.0982532751091703
0 0.43333333333333335 0.5141921397379913 0.04057971014492753 0.15502183406113537
0 0.4753623188405797 0.48799126637554585 0.03188405797101449 0.11572052401746726
0 0.3818840579710145 0.5262008733624454 0.036231884057971016 0.13537117903930132
0 0.03333333333333333 0.5054585152838428 0.03768115942028986 0.1462882096069869
0 0.3521739130434783 0.48799126637554585 0.03768115942028986 0.13755458515283842
0 0.5079710144927536 0.5043668122270742 0.030434782608695653 0.11353711790393013
0 0.6746376811594202 0.4661572052401747 0.02463768115942029 0.09388646288209607
0 0.1536231884057971 0.5 0.03768115942028986 0.14410480349344978
0 0.08840579710144927 0.50764192139738 0.034782608695652174 0.12882096069868995
0 0.06086956521739131 0.46397379912663755 0.02608695652173913 0.10262008733624454
0 0.05217391304347826 0.4650655021834061 0.028985507246376812 0.1091703056768559
4 0.45217391304347826 0.3875545851528384 0.9014492753623189 0.0851528384279476
4 0.9471014492753623 0.37445414847161573 0.08550724637681159 0.04585152838427948
