0 0.915625 0.4299363057324841 0.10208333333333333 0.3821656050955414
0 0.8520833333333333 0.3248407643312102 0.020833333333333332 0.08280254777070063
0 0.18541666666666667 0.5095541401273885 0.0875 0.3248407643312102
0 0.234375 0.4585987261146497 0.06875 0.267515923566879
0 0.2 0.4601910828025478 0.06666666666666667 0.25796178343949044
0 0.04791666666666667 0.4840764331210191 0.09583333333333334 0.40764331210191085
0 0.07916666666666666 0.47611464968152867 0.09166666666666666 0.34076433121019106
1 0.784375 0.35509554140127386 0.03958333333333333 0.15605095541401273
1 0.7625 0.38057324840764334 0.05 0.1942675159235669
1 0.728125 0.3678343949044586 0.035416666666666666 0.14331210191082802
1 0.6864583333333333 0.36942675159235666 0.035416666666666666 0.1337579617834395
1 0.6427083333333333 0.410828025477707 0.052083333333333336 0.20382165605095542
1 0.5614583333333333 0.3869426751592357 0.035416666666666666 0.13694267515923567
1 0.5270833333333333 0.3964968152866242 0.04583333333333333 0.16878980891719744
1 0.4979166666666667 0.5127388535031847 0.0875 0.3248407643312102
1 0.4354166666666667 0.46178343949044587 0.06666666666666667 0.25477707006369427
1 0.3802083333333333 0.4745222929936306 0.07708333333333334 0.2929936305732484
1 0.2791666666666667 0.5445859872611465 0.1 0.3821656050955414
1 0.12604166666666666 0.535031847133758 0.09791666666666667 0.3630573248407643
2 0.153125 0.3535031847133758 0.052083333333333336 0.16560509554140126
