0 0.05333333333333334 0.6005917159763313 0.10666666666666667 0.5325443786982249
0 0.1411111111111111 0.5636094674556213 0.10888888888888888 0.363905325443787
0 0.20666666666666667 0.5281065088757396 0.08888888888888889 0.29289940828402367
0 0.25666666666666665 0.5088757396449705 0.07333333333333333 0.23668639053254437
0 0.31555555555555553 0.4807692307692308 0.05333333333333334 0.1804733727810651
0 0.44555555555555554 0.6183431952662722 0.14888888888888888 0.48520710059171596
0 0.41555555555555557 0.5488165680473372 0.1111111111111111 0.3698224852071006
0 0.5822222222222222 0.47781065088757396 0.07111111111111111 0.23372781065088757
0 0.6577777777777778 0.5103550295857988 0.08888888888888889 0.2988165680473373
0 0.6955555555555556 0.5310650887573964 0.11555555555555555 0.3757396449704142
0 0.79 0.5946745562130178 0.14888888888888888 0.4911242603550296
0 0.8433333333333334 0.4985207100591716 0.07777777777777778 0.2514792899408284
0 0.9055555555555556 0.5236686390532544 0.08666666666666667 0.28402366863905326
0 0.9411111111111111 0.46745562130177515 0.04666666666666667 0.15976331360946747
0 0.5255555555555556 0.4230769230769231 0.03777777777777778 0.1242603550295858
0 0.5533333333333333 0.4556213017751479 0.044444444444444446 0.14201183431952663
0 0.62 0.40976331360946744 0.03111111111111111 0.10946745562130178
