0 0.1784692417739628 0.2941449814126394 0.10085836909871244 0.32063197026022305
0 0.29542203147353363 0.30808550185873607 0.0815450643776824 0.2611524163568773
0 0.3644492131616595 0.3020446096654275 0.10085836909871244 0.31970260223048325
0 0.34012875536480686 0.30018587360594795 0.07796852646638054 0.24721189591078066
0 0.4184549356223176 0.3159851301115242 0.09012875536480687 0.28810408921933084
0 0.5064377682403434 0.2894981412639405 0.10157367668097282 0.3243494423791822
0 0.5969241773962805 0.2983271375464684 0.11516452074391989 0.36617100371747213
0 0.8061516452074392 0.2853159851301115 0.12160228898426323 0.3847583643122677
0 0.8909155937052933 0.21561338289962825 0.04363376251788269 0.137546468401487
0 0.5912017167381974 0.7755576208178439 0.0765379113018598 0.24442379182156135
0 0.7982832618025751 0.7741635687732342 0.08297567954220315 0.2620817843866171
2 0.2349785407725322 0.5618029739776952 0.18669527896995708 0.1421933085501859
2 0.2821888412017167 0.7755576208178439 0.2067238912732475 0.2555762081784387
2 0.6856223175965666 0.5580855018587361 0.2296137339055794 0.1496282527881041
2 0.7153075822603719 0.23698884758364314 0.02145922746781116 0.07434944237918216
2 0.7331902718168812 0.23605947955390336 0.017167381974248927 0.07806691449814127
2 0.7471387696709585 0.23466542750929367 0.022174535050071532 0.07156133828996282
2 0.7718168812589413 0.23466542750929367 0.027181688125894134 0.07342007434944238
