0 0.17028985507246377 0.5809628008752735 0.1782608695652174 0.6630196936542669
0 0.2427536231884058 0.5951859956236324 0.17246376811594202 0.6433260393873085
0 0.32608695652173914 0.6072210065645515 0.15942028985507245 0.5929978118161926
0 0.4101449275362319 0.612691466083151 0.1681159420289855 0.6258205689277899
0 0.48333333333333334 0.611597374179431 0.16666666666666666 0.6192560175054704
0 0.5695652173913044 0.6072210065645515 0.16521739130434782 0.6105032822757112
0 0.6478260869565218 0.6214442013129103 0.16231884057971013 0.6039387308533917
0 0.7079710144927536 0.6269146608315098 0.16956521739130434 0.6236323851203501
0 0.7934782608695652 0.6684901531728665 0.16666666666666666 0.6192560175054704
0 0.8826086956521739 0.6772428884026258 0.1681159420289855 0.6236323851203501
0 0.9666666666666667 0.5492341356673961 0.06666666666666667 0.36323851203501095
0 0.9355072463768116 0.5021881838074398 0.09420289855072464 0.3479212253829322
0 0.031159420289855074 0.35557986870897157 0.06231884057971015 0.23413566739606126
0 0.018115942028985508 0.3347921225382932 0.036231884057971016 0.1925601750547046
0 0.07173913043478261 0.34682713347921224 0.0391304347826087 0.14660831509846828
0 0.1144927536231884 0.4048140043763676 0.06086956521739131 0.23194748358862144
0 0.2768115942028985 0.3544857768052516 0.043478260869565216 0.16192560175054704
0 0.3210144927536232 0.3435448577680525 0.036231884057971016 0.13129102844638948
0 0.35797101449275365 0.3588621444201313 0.0463768115942029 0.175054704595186
0 0.3717391304347826 0.34682713347921224 0.0391304347826087 0.15098468271334792
0 0.39420289855072466 0.36323851203501095 0.028985507246376812 0.1050328227571116
0 0.5398550724637681 0.35557986870897157 0.02463768115942029 0.09846827133479212
0 0.7673913043478261 0.36542669584245074 0.02463768115942029 0.0962800875273523
0 0.7463768115942029 0.37636761487964987 0.020289855072463767 0.07439824945295405
0 0.7804347826086957 0.37089715536105033 0.021739130434782608 0.08533916849015317
0 0.8427536231884057 0.38074398249452956 0.021739130434782608 0.0787746170678337
0 0.8340579710144927 0.38074398249452956 0.021739130434782608 0.0787746170678337
2 0.1318840579710145 0.2800875273522976 0.034782608695652174 0.0787746170678337
2 0.11159420289855072 0.2658643326039387 0.03188405797101449 0.06345733041575492
2 0.2217391304347826 0.2888402625820569 0.04057971014492753 0.07439824945295405
2 0.463768115942029 0.3347921225382932 0.034782608695652174 0.07439824945295405
4 0.07753623188405798 0.26258205689277897 0.030434782608695653 0.04814004376367615
4 0.6485507246376812 0.3172866520787746 0.07971014492753623 0.04814004376367615
