0 0.517 0.708185053380783 0.118 0.5124555160142349
0 0.614 0.597864768683274 0.088 0.3914590747330961
0 0.708 0.5266903914590747 0.068 0.30604982206405695
0 0.815 0.6209964412811388 0.098 0.4234875444839858
0 0.885 0.5693950177935944 0.066 0.298932384341637
0 0.744 0.5088967971530249 0.056 0.24199288256227758
0 0.777 0.4608540925266904 0.038 0.17437722419928825
0 0.57 0.5231316725978647 0.056 0.24199288256227758
0 0.474 0.5907473309608541 0.072 0.3202846975088968
0 0.355 0.6672597864768683 0.098 0.4306049822064057
0 0.364 0.5533807829181495 0.06 0.27402135231316727
0 0.44 0.5284697508896797 0.06 0.2597864768683274
0 0.434 0.4786476868327402 0.044 0.18861209964412812
0 0.203 0.6281138790035588 0.086 0.3807829181494662
0 0.259 0.5729537366548043 0.062 0.2704626334519573
0 0.234 0.5213523131672598 0.044 0.18861209964412812
0 0.294 0.49644128113879005 0.036 0.15302491103202848
0 0.079 0.608540925266904 0.078 0.3416370106761566
0 0.138 0.5302491103202847 0.052 0.23487544483985764
0 0.095 0.5284697508896797 0.046 0.2099644128113879
0 0.019 0.6014234875444839 0.038 0.24199288256227758
0 0.02 0.49644128113879005 0.024 0.10320284697508897
0 0.047 0.4786476868327402 0.03 0.1387900355871886
0 0.667 0.4608540925266904 0.038 0.16725978647686832
0 0.217 0.4822064056939502 0.034 0.14590747330960854
2 0.874 0.42170818505338076 0.084 0.1103202846975089
4 0.387 0.41459074733096085 0.058 0.08185053380782918
4 0.524 0.39501779359430605 0.108 0.08540925266903915
4 0.168 0.42526690391459077 0.048 0.07473309608540925
