0 0.13703703703703704 0.6814814814814815 0.18888888888888888 0.6123456790123457
0 0.07037037037037037 0.5604938271604938 0.14074074074074075 0.8444444444444444
0 0.20925925925925926 0.8271604938271605 0.1 0.32592592592592595
0 0.3388888888888889 0.8222222222222222 0.1 0.32592592592592595
0 0.4685185185185185 0.7567901234567901 0.14074074074074075 0.4666666666666667
0 0.5185185185185185 0.7839506172839507 0.1259259259259259 0.4123456790123457
0 0.5740740740740741 0.7271604938271605 0.08888888888888889 0.2938271604938272
0 0.6509259259259259 0.6666666666666666 0.12777777777777777 0.4246913580246914
0 0.7203703703703703 0.7407407407407407 0.08518518518518518 0.28641975308641976
0 0.7537037037037037 0.6382716049382716 0.12962962962962962 0.4271604938271605
0 0.8444444444444444 0.6444444444444445 0.11481481481481481 0.3802469135802469
0 0.7925925925925926 0.6320987654320988 0.11481481481481481 0.3802469135802469
0 0.9222222222222223 0.6234567901234568 0.11481481481481481 0.38271604938271603
0 0.5842592592592593 0.6407407407407407 0.12037037037037036 0.3925925925925926
0 0.28888888888888886 0.7123456790123457 0.17037037037037037 0.5555555555555556
0 0.387037037037037 0.7037037037037037 0.13703703703703704 0.4444444444444444
0 0.4287037037037037 0.7518518518518519 0.09814814814814815 0.32839506172839505
2 0.9564814814814815 0.45308641975308644 0.05740740740740741 0.1259259259259259
2 0.4981481481481482 0.5049382716049383 0.08518518518518518 0.15555555555555556
2 0.41759259259259257 0.4691358024691358 0.07222222222222222 0.09876543209876543
2 0.041666666666666664 0.508641975308642 0.07222222222222222 0.11358024691358025
2 0.2462962962962963 0.5012345679012346 0.05925925925925926 0.11851851851851852
