0 0.47454545454545455 0.5835913312693498 0.09818181818181818 0.4117647058823529
0 0.5690909090909091 0.5108359133126935 0.06909090909090909 0.29721362229102166
0 0.6281818181818182 0.326625386996904 0.034545454545454546 0.15170278637770898
0 0.7481818181818182 0.34210526315789475 0.038181818181818185 0.15789473684210525
0 0.8145454545454546 0.33591331269349844 0.04363636363636364 0.1826625386996904
0 0.87 0.326625386996904 0.038181818181818185 0.16408668730650156
0 0.2409090909090909 0.43498452012383904 0.04909090909090909 0.20123839009287925
0 0.012727272727272728 0.32972136222910214 0.025454545454545455 0.15170278637770898
0 0.10454545454545454 0.34365325077399383 0.038181818181818185 0.1609907120743034
0 0.14272727272727273 0.34520123839009287 0.034545454545454546 0.15170278637770898
0 0.1781818181818182 0.30030959752321984 0.025454545454545455 0.11764705882352941
0 0.16090909090909092 0.30495356037151705 0.02727272727272727 0.11455108359133127
0 0.32 0.3606811145510836 0.04 0.17647058823529413
0 0.25727272727272726 0.3668730650154799 0.045454545454545456 0.18885448916408668
0 0.29818181818181816 0.32507739938080493 0.03636363636363636 0.14860681114551083
0 0.42727272727272725 0.32507739938080493 0.04 0.16718266253869968
0 0.5672727272727273 0.3668730650154799 0.03636363636363636 0.15170278637770898
0 0.5345454545454545 0.32972136222910214 0.03272727272727273 0.1393188854489164
0 0.03090909090909091 0.30495356037151705 0.02181818181818182 0.09597523219814241
0 0.05909090909090909 0.3219814241486068 0.012727272727272728 0.05572755417956656
0 0.07 0.29411764705882354 0.023636363636363636 0.09907120743034056
1 0.02090909090909091 0.43808049535603716 0.04181818181818182 0.17647058823529413
3 0.56 0.25232198142414863 0.02181818181818182 0.08978328173374613
4 0.24545454545454545 0.25696594427244585 0.10545454545454545 0.11145510835913312
