0 0.07753623188405798 0.6119565217391304 0.04782608695652174 0.17608695652173914
0 0.09057971014492754 0.6597826086956522 0.050724637681159424 0.1891304347826087
0 0.1681159420289855 0.6369565217391304 0.057971014492753624 0.21739130434782608
0 0.17246376811594202 0.6532608695652173 0.06376811594202898 0.2326086956521739
0 0.20434782608695654 0.6369565217391304 0.05217391304347826 0.19130434782608696
0 0.24565217391304348 0.6554347826086957 0.07681159420289856 0.28043478260869564
0 0.2717391304347826 0.6282608695652174 0.0536231884057971 0.1956521739130435
0 0.31376811594202897 0.6434782608695652 0.04492753623188406 0.16956521739130434
0 0.3318840579710145 0.6228260869565218 0.043478260869565216 0.1673913043478261
0 0.3804347826086957 0.6706521739130434 0.07391304347826087 0.27608695652173915
0 0.4717391304347826 0.6293478260869565 0.050724637681159424 0.18478260869565216
0 0.4355072463768116 0.6760869565217391 0.07391304347826087 0.2782608695652174
0 0.5079710144927536 0.675 0.07101449275362319 0.2673913043478261
0 0.5289855072463768 0.6173913043478261 0.0463768115942029 0.16956521739130434
0 0.6065217391304348 0.6695652173913044 0.07391304347826087 0.27391304347826084
0 0.6702898550724637 0.6945652173913044 0.07391304347826087 0.27608695652173915
0 0.7072463768115942 0.6826086956521739 0.06666666666666667 0.25217391304347825
0 0.8094202898550724 0.6543478260869565 0.07681159420289856 0.2826086956521739
0 0.8833333333333333 0.6652173913043479 0.06231884057971015 0.22608695652173913
0 0.9326086956521739 0.6695652173913044 0.06811594202898551 0.2565217391304348
0 0.7485507246376811 0.6391304347826087 0.050724637681159424 0.18695652173913044
0 0.4934782608695652 0.30217391304347824 0.021739130434782608 0.0782608695652174
0 0.5101449275362319 0.30434782608695654 0.02318840579710145 0.08695652173913043
0 0.09057971014492754 0.2717391304347826 0.02463768115942029 0.09130434782608696
0 0.7768115942028986 0.6445652173913043 0.06086956521739131 0.22391304347826088
0 0.7884057971014493 0.6706521739130434 0.06376811594202898 0.23695652173913043
0 0.5746376811594203 0.65 0.04782608695652174 0.1826086956521739
0 0.553623188405797 0.658695652173913 0.04927536231884058 0.1826086956521739
0 0.6275362318840579 0.6326086956521739 0.043478260869565216 0.16521739130434782
2 0.372463768115942 0.5717391304347826 0.028985507246376812 0.05652173913043478
2 0.41594202898550725 0.5760869565217391 0.04057971014492753 0.0782608695652174
2 0.4855072463768116 0.5608695652173913 0.020289855072463767 0.043478260869565216
2 0.5601449275362319 0.558695652173913 0.015942028985507246 0.05652173913043478
2 0.6891304347826087 0.558695652173913 0.02463768115942029 0.05652173913043478
