0 0.06 0.565 0.12 0.49333333333333335
0 0.089375 0.5516666666666666 0.13625 0.44666666666666666
0 0.181875 0.5525 0.17875 0.585
0 0.318125 0.55 0.18875 0.6166666666666667
0 0.86 0.5075 0.22 0.7183333333333334
0 0.773125 0.5133333333333333 0.17875 0.5833333333333334
0 0.43125 0.5333333333333333 0.155 0.51
0 0.66875 0.5175 0.1575 0.5183333333333333
0 0.95125 0.5408333333333334 0.0975 0.5783333333333334
0 0.930625 0.545 0.13875 0.5
2 0.366875 0.3383333333333333 0.08125 0.18333333333333332
2 0.23 0.685 0.14 0.44
2 0.333125 0.68 0.10875 0.5033333333333333
2 0.49375 0.665 0.115 0.5133333333333333
2 0.595 0.67 0.1375 0.5
2 0.726875 0.67 0.15375 0.4633333333333333
2 0.511875 0.39166666666666666 0.07125 0.21333333333333335
2 0.584375 0.3725 0.10875 0.27166666666666667
