0 0.09704968944099379 0.5807962529274004 0.09782608695652174 0.36533957845433257
0 0.19177018633540371 0.49063231850117095 0.06677018633540373 0.2459016393442623
0 0.2593167701863354 0.6346604215456675 0.13664596273291926 0.5058548009367682
0 0.2826086956521739 0.4297423887587822 0.027950310559006212 0.1053864168618267
0 0.32142857142857145 0.49414519906323184 0.07763975155279502 0.2903981264637002
0 0.36180124223602483 0.4379391100702576 0.055900621118012424 0.20608899297423888
0 0.452639751552795 0.5234192037470726 0.09161490683229814 0.3395784543325527
0 0.5069875776397516 0.4426229508196721 0.06366459627329192 0.2388758782201405
0 0.5380434782608695 0.4098360655737705 0.04192546583850932 0.15456674473067916
0 0.6110248447204969 0.6850117096018735 0.16304347826086957 0.6065573770491803
0 0.6669254658385093 0.3992974238875878 0.04813664596273292 0.18032786885245902
0 0.6816770186335404 0.44730679156908665 0.06832298136645963 0.2529274004683841
0 0.7600931677018633 0.4238875878220141 0.05434782608695652 0.20608899297423888
0 0.797360248447205 0.3957845433255269 0.05124223602484472 0.19672131147540983
0 0.828416149068323 0.5421545667447307 0.12888198757763975 0.47540983606557374
0 0.9130434782608695 0.4672131147540984 0.08385093167701864 0.3114754098360656
0 0.9355590062111802 0.42857142857142855 0.06055900621118013 0.22482435597189696
0 0.9798136645962733 0.3957845433255269 0.040372670807453416 0.20608899297423888
2 0.5854037267080745 0.33489461358313816 0.031055900621118012 0.05620608899297424
