0 0.041666666666666664 0.6256281407035176 0.04666666666666667 0.1708542713567839
0 0.10166666666666667 0.6419597989949749 0.05 0.18341708542713567
0 0.12416666666666666 0.7010050251256281 0.08833333333333333 0.32663316582914576
0 0.16416666666666666 0.6457286432160804 0.06166666666666667 0.23115577889447236
0 0.22 0.6394472361809045 0.043333333333333335 0.16834170854271358
0 0.2791666666666667 0.6582914572864321 0.058333333333333334 0.22110552763819097
0 0.3333333333333333 0.742462311557789 0.11333333333333333 0.42462311557788945
0 0.4325 0.6695979899497487 0.045 0.16331658291457288
0 0.46416666666666667 0.6984924623115578 0.051666666666666666 0.19597989949748743
0 0.48583333333333334 0.6733668341708543 0.04833333333333333 0.17587939698492464
0 0.49333333333333335 0.7198492462311558 0.06 0.228643216080402
0 0.5933333333333334 0.7298994974874372 0.06666666666666667 0.24874371859296482
0 0.6166666666666667 0.6984924623115578 0.06333333333333334 0.24120603015075376
0 0.6425 0.7336683417085427 0.07833333333333334 0.2864321608040201
0 0.6783333333333333 0.7085427135678392 0.07333333333333333 0.27638190954773867
0 0.705 0.7399497487437185 0.06 0.2236180904522613
0 0.73 0.7311557788944724 0.06333333333333334 0.24120603015075376
0 0.8733333333333333 0.7814070351758794 0.08333333333333333 0.3065326633165829
2 0.81 0.6595477386934674 0.04 0.09296482412060302
2 0.9275 0.657035175879397 0.025 0.0678391959798995
4 0.08 0.5816582914572864 0.04 0.10804020100502512
