0 0.8054166666666667 0.629375 0.015833333333333335 0.05875
0 0.8170833333333334 0.634375 0.015833333333333335 0.05875
0 0.8583333333333333 0.625 0.011666666666666667 0.045
0 0.8666666666666667 0.62375 0.011666666666666667 0.0475
2 0.07583333333333334 0.7775 0.115 0.2
2 0.10458333333333333 0.684375 0.0675 0.10625
2 0.16708333333333333 0.701875 0.049166666666666664 0.12375
2 0.18166666666666667 0.6325 0.021666666666666667 0.05
2 0.2875 0.679375 0.05 0.07875
2 0.31625 0.741875 0.059166666666666666 0.14375
2 0.43666666666666665 0.714375 0.06 0.13875
2 0.50625 0.68875 0.04583333333333333 0.1125
2 0.54125 0.7025 0.0375 0.125
2 0.8095833333333333 0.675625 0.030833333333333334 0.05625
2 0.8283333333333334 0.670625 0.025 0.04875
2 0.8525 0.671875 0.025 0.05375
2 0.8941666666666667 0.666875 0.03333333333333333 0.07375
2 0.92875 0.656875 0.0175 0.05625
2 0.9420833333333334 0.650625 0.0175 0.04375
2 0.9595833333333333 0.651875 0.0175 0.05625
4 0.11041666666666666 0.596875 0.2175 0.04875
4 0.24583333333333332 0.5975 0.035 0.035
4 0.3254166666666667 0.5975 0.0175 0.0325
4 0.3879166666666667 0.605 0.0575 0.0375
4 0.5691666666666667 0.6075 0.05 0.035
4 0.59 0.58125 0.03666666666666667 0.0375
4 0.6229166666666667 0.61 0.0225 0.04
4 0.76625 0.614375 0.06583333333333333 0.04125
4 0.9004166666666666 0.619375 0.05416666666666667 0.02375
4 0.9845833333333334 0.61875 0.030833333333333334 0.03
