0 0.236 0.5991091314031181 0.058666666666666666 0.24498886414253898
0 0.292 0.6035634743875279 0.06133333333333333 0.2583518930957684
0 0.3486666666666667 0.6024498886414253 0.06266666666666666 0.2561247216035635
0 0.39466666666666667 0.6057906458797327 0.056 0.23608017817371937
0 0.4513333333333333 0.5968819599109132 0.06266666666666666 0.2583518930957684
0 0.5033333333333333 0.5902004454342984 0.06266666666666666 0.2583518930957684
0 0.5546666666666666 0.5868596881959911 0.06666666666666667 0.26948775055679286
0 0.6093333333333333 0.5857461024498887 0.06666666666666667 0.27616926503340755
0 0.666 0.5935412026726058 0.06266666666666666 0.26057906458797325
0 0.7153333333333334 0.6013363028953229 0.06 0.24498886414253898
0 0.7733333333333333 0.5935412026726058 0.06133333333333333 0.2516703786191537
0 0.838 0.6002227171492205 0.06 0.2516703786191537
0 0.8886666666666667 0.5946547884187082 0.06 0.24944320712694878
2 0.05533333333333333 0.5011135857461024 0.052 0.0801781737193764
