0 0.12317073170731707 0.6666666666666666 0.17317073170731706 0.6446886446886447
0 0.18292682926829268 0.684981684981685 0.16097560975609757 0.5934065934065934
0 0.3329268292682927 0.6941391941391941 0.15853658536585366 0.5824175824175825
0 0.3926829268292683 0.673992673992674 0.15121951219512195 0.5641025641025641
0 0.27439024390243905 0.6263736263736264 0.10975609756097561 0.41025641025641024
0 0.46219512195121953 0.663003663003663 0.14390243902439023 0.5274725274725275
0 0.526829268292683 0.6794871794871795 0.15121951219512195 0.5604395604395604
0 0.6329268292682927 0.6831501831501832 0.14390243902439023 0.5384615384615384
0 0.5804878048780487 0.5567765567765568 0.09268292682926829 0.336996336996337
0 0.7585365853658537 0.6648351648351648 0.12195121951219512 0.45787545787545786
0 0.6878048780487804 0.5952380952380952 0.1024390243902439 0.3772893772893773
0 0.823170731707317 0.6318681318681318 0.12926829268292683 0.4725274725274725
0 0.8914634146341464 0.5989010989010989 0.0951219512195122 0.3553113553113553
0 0.9134146341463415 0.5604395604395604 0.07073170731707316 0.2564102564102564
