0 0.03653846153846154 0.6705426356589147 0.07307692307692308 0.27648578811369506
0 0.07692307692307693 0.6511627906976745 0.09230769230769231 0.3049095607235142
0 0.13365384615384615 0.6666666666666666 0.08653846153846154 0.2842377260981912
0 0.1798076923076923 0.6627906976744186 0.07884615384615384 0.2661498708010336
0 0.23365384615384616 0.6589147286821705 0.09807692307692308 0.330749354005168
0 0.32403846153846155 0.6550387596899225 0.07884615384615384 0.2661498708010336
0 0.3701923076923077 0.6602067183462532 0.08269230769230769 0.27648578811369506
0 0.4 0.6537467700258398 0.08461538461538462 0.27906976744186046
0 0.4375 0.686046511627907 0.08653846153846154 0.29198966408268734
0 0.4625 0.6705426356589147 0.08653846153846154 0.28165374677002586
0 0.5057692307692307 0.7028423772609819 0.08076923076923077 0.268733850129199
0 0.5509615384615385 0.6950904392764858 0.09807692307692308 0.32041343669250644
0 0.6076923076923076 0.7015503875968992 0.09230769230769231 0.30749354005167956
0 0.6269230769230769 0.6963824289405685 0.07307692307692308 0.2454780361757106
0 0.6807692307692308 0.7144702842377261 0.08461538461538462 0.2868217054263566
0 0.7336538461538461 0.661498708010336 0.06346153846153846 0.20671834625322996
0 0.7663461538461539 0.7041343669250646 0.06346153846153846 0.2144702842377261
0 0.8576923076923076 0.6847545219638242 0.08461538461538462 0.27906976744186046
0 0.8721153846153846 0.7067183462532299 0.08653846153846154 0.28165374677002586
0 0.925 0.6989664082687338 0.07692307692307693 0.25064599483204136
0 0.9528846153846153 0.7002583979328165 0.09038461538461538 0.29457364341085274
