0 0.14892578125 0.717948717948718 0.048828125 0.18021978021978022
0 0.2685546875 0.7538461538461538 0.060546875 0.22124542124542124
0 0.287353515625 0.7142857142857143 0.03759765625 0.1391941391941392
0 0.31982421875 0.7263736263736263 0.037109375 0.13553113553113552
0 0.3369140625 0.7091575091575092 0.0322265625 0.11868131868131868
0 0.359619140625 0.7208791208791209 0.03857421875 0.14212454212454212
0 0.392578125 0.7040293040293041 0.0341796875 0.12747252747252746
0 0.41162109375 0.7106227106227107 0.029296875 0.10842490842490843
0 0.4384765625 0.7157509157509158 0.037109375 0.13772893772893774
0 0.4609375 0.7216117216117216 0.0341796875 0.126007326007326
0 0.47119140625 0.6992673992673992 0.0244140625 0.09010989010989011
0 0.496826171875 0.7194139194139194 0.03857421875 0.14212454212454212
0 0.521240234375 0.7201465201465201 0.03662109375 0.13333333333333333
0 0.535888671875 0.7113553113553114 0.03466796875 0.12747252747252746
0 0.557861328125 0.7252747252747253 0.03759765625 0.1391941391941392
0 0.579833984375 0.7373626373626374 0.05029296875 0.18681318681318682
0 0.6025390625 0.7084249084249085 0.025390625 0.09377289377289377
0 0.627197265625 0.7065934065934066 0.02783203125 0.10183150183150183
0 0.645751953125 0.7362637362637363 0.04150390625 0.1523809523809524
0 0.685546875 0.7446886446886447 0.0380859375 0.1413919413919414
0 0.66650390625 0.6981684981684981 0.01953125 0.07179487179487179
0 0.715087890625 0.7062271062271063 0.02490234375 0.09230769230769231
0 0.73193359375 0.7106227106227107 0.02734375 0.09963369963369964
0 0.7421875 0.7014652014652014 0.025390625 0.0945054945054945
0 0.793701171875 0.7146520146520147 0.03369140625 0.12527472527472527
0 0.826171875 0.7289377289377289 0.0390625 0.14505494505494507
0 0.86572265625 0.7373626373626374 0.0478515625 0.17509157509157508
0 0.94580078125 0.7776556776556777 0.09375 0.34505494505494505
0 0.89794921875 0.7487179487179487 0.046875 0.17142857142857143
0 0.48291015625 0.6996336996336996 0.0224609375 0.08351648351648351
0 0.611572265625 0.6963369963369963 0.02099609375 0.07692307692307693
2 0.658447265625 0.672893772893773 0.00927734375 0.021245421245421246
2 0.680908203125 0.6655677655677655 0.01318359375 0.02271062271062271
2 0.563232421875 0.6567765567765568 0.01513671875 0.02564102564102564
