0 0.06363636363636363 0.8553459119496856 0.046464646464646465 0.18238993710691823
0 0.1696969696969697 0.8710691823899371 0.048484848484848485 0.18238993710691823
0 0.26161616161616164 0.8490566037735849 0.046464646464646465 0.18238993710691823
0 0.3656565656565657 0.8522012578616353 0.048484848484848485 0.18867924528301888
0 0.44545454545454544 0.85062893081761 0.050505050505050504 0.1918238993710692
0 0.5282828282828282 0.8474842767295597 0.046464646464646465 0.1792452830188679
0 0.6363636363636364 0.8490566037735849 0.044444444444444446 0.1761006289308176
0 0.7373737373737373 0.8349056603773585 0.044444444444444446 0.16666666666666666
0 0.8212121212121212 0.8380503144654088 0.046464646464646465 0.1792452830188679
0 0.8909090909090909 0.8380503144654088 0.03636363636363636 0.14779874213836477
0 0.9818181818181818 0.839622641509434 0.03636363636363636 0.15723270440251572
0 0.19797979797979798 0.6871069182389937 0.03636363636363636 0.14150943396226415
0 0.23737373737373738 0.6981132075471698 0.03838383838383838 0.14465408805031446
0 0.2686868686868687 0.7075471698113207 0.03636363636363636 0.14465408805031446
0 0.296969696969697 0.7232704402515723 0.03636363636363636 0.14465408805031446
0 0.3464646464646465 0.7295597484276729 0.03838383838383838 0.14465408805031446
0 0.37676767676767675 0.6572327044025157 0.04242424242424243 0.16352201257861634
0 0.3242424242424242 0.6572327044025157 0.026262626262626262 0.1069182389937107
0 0.25555555555555554 0.6477987421383647 0.030303030303030304 0.12578616352201258
0 0.4404040404040404 0.6588050314465409 0.03232323232323232 0.1289308176100629
0 0.4161616161616162 0.7327044025157232 0.03232323232323232 0.1320754716981132
0 0.5070707070707071 0.6949685534591195 0.03232323232323232 0.12578616352201258
0 0.48383838383838385 0.7405660377358491 0.03434343434343434 0.13522012578616352
0 0.5373737373737374 0.7358490566037735 0.028282828282828285 0.11949685534591195
0 0.591919191919192 0.6540880503144654 0.028282828282828285 0.11320754716981132
0 0.6050505050505051 0.7311320754716981 0.026262626262626262 0.11006289308176101
0 0.6393939393939394 0.7169811320754716 0.026262626262626262 0.1069182389937107
0 0.6464646464646465 0.6367924528301887 0.024242424242424242 0.09748427672955975
0 0.702020202020202 0.6477987421383647 0.026262626262626262 0.10062893081761007
0 0.7070707070707071 0.7248427672955975 0.03232323232323232 0.1289308176100629
0 0.7484848484848485 0.7185534591194969 0.026262626262626262 0.10377358490566038
0 0.7818181818181819 0.7169811320754716 0.03232323232323232 0.1320754716981132
0 0.8101010101010101 0.6918238993710691 0.03636363636363636 0.13836477987421383
