0 0.6144756277695717 0.5629699248120301 0.27474150664697194 0.8590225563909775
0 0.056129985228951254 0.3533834586466165 0.11225997045790251 0.3533834586466165
0 0.024372230428360415 0.299812030075188 0.04874446085672083 0.2462406015037594
0 0.12481536189069424 0.2725563909774436 0.05465288035450517 0.17669172932330826
0 0.14254062038404727 0.2706766917293233 0.051698670605613 0.16165413533834586
0 0.19793205317577547 0.34868421052631576 0.11521418020679468 0.35902255639097747
0 0.22156573116691286 0.40601503759398494 0.14771048744460857 0.45864661654135336
0 0.3552437223042836 0.4351503759398496 0.15214180206794684 0.4793233082706767
0 0.40251107828655835 0.29887218045112784 0.060561299852289516 0.19172932330827067
0 0.42097488921713444 0.28101503759398494 0.04431314623338257 0.14097744360902256
0 0.5044313146233382 0.34022556390977443 0.09601181683899557 0.3007518796992481
0 0.5768094534711965 0.337406015037594 0.0930576070901034 0.287593984962406
0 0.7045790251107829 0.3383458646616541 0.0620384047267356 0.19548872180451127
0 0.7511078286558346 0.3016917293233083 0.05465288035450517 0.17105263157894737
0 0.792466765140325 0.3073308270676692 0.051698670605613 0.15977443609022557
0 0.827917282127031 0.34210526315789475 0.08419497784342689 0.2631578947368421
0 0.8825701624815362 0.3609022556390977 0.0723781388478582 0.22556390977443608
0 0.9335302806499262 0.43045112781954886 0.1329394387001477 0.46616541353383456
0 0.4638109305760709 0.29229323308270677 0.04431314623338257 0.14097744360902256
2 0.5361890694239291 0.22838345864661655 0.04431314623338257 0.08082706766917293
4 0.9711964549483013 0.24342105263157895 0.04283604135893648 0.09210526315789473
