0 0.10018214936247723 0.574585635359116 0.08378870673952642 0.32044198895027626
0 0.18579234972677597 0.5828729281767956 0.0947176684881603 0.35911602209944754
0 0.24316939890710382 0.5704419889502762 0.10382513661202186 0.3839779005524862
0 0.29508196721311475 0.5704419889502762 0.08014571948998178 0.2955801104972376
0 0.4116575591985428 0.574585635359116 0.11657559198542805 0.43646408839779005
0 0.4690346083788707 0.5649171270718232 0.08196721311475409 0.3011049723756906
0 0.6193078324225865 0.5759668508287292 0.12386156648451731 0.4613259668508287
0 0.6848816029143898 0.5704419889502762 0.08378870673952642 0.31215469613259667
0 0.8005464480874317 0.5939226519337016 0.1111111111111111 0.4088397790055249
0 0.819672131147541 0.5814917127071824 0.09836065573770492 0.36187845303867405
0 0.8679417122040073 0.5787292817679558 0.08561020036429873 0.31767955801104975
0 0.9253187613843351 0.5870165745856354 0.07285974499089254 0.27348066298342544
