0 0.0175 0.24875 0.035 0.2125
0 0.07083333333333333 0.27 0.055 0.21
0 0.08916666666666667 0.23875 0.045 0.1725
0 0.13166666666666665 0.2475 0.04 0.15
0 0.15083333333333335 0.26875 0.058333333333333334 0.2225
0 0.18083333333333335 0.255 0.035 0.13
0 0.2125 0.24625 0.045 0.1725
0 0.19166666666666668 0.2325 0.043333333333333335 0.165
0 0.25833333333333336 0.27375 0.03 0.1125
0 0.2866666666666667 0.26125 0.04 0.1475
0 0.325 0.32 0.07666666666666666 0.28
0 0.3458333333333333 0.34875 0.06833333333333333 0.2575
0 0.395 0.31375 0.09333333333333334 0.3425
0 0.525 0.4575 0.18 0.665
0 0.6516666666666666 0.4975 0.14 0.515
0 0.8175 0.5 0.215 0.79
0 0.9416666666666667 0.42875 0.11 0.4025
0 0.6833333333333333 0.32875 0.07666666666666666 0.2875
0 0.7633333333333333 0.38125 0.09666666666666666 0.3525
0 0.43583333333333335 0.29375 0.051666666666666666 0.1975
0 0.4708333333333333 0.305 0.045 0.17
0 0.8725 0.325 0.035 0.135
0 0.265 0.2475 0.04 0.145
0 0.2275 0.255 0.025 0.1
2 0.6291666666666667 0.21625 0.045 0.0925
