0 0.06304347826086956 0.6134903640256959 0.12608695652173912 0.5374732334047109
0 0.20797101449275363 0.619914346895075 0.14347826086956522 0.5160599571734475
0 0.3050724637681159 0.639186295503212 0.16666666666666666 0.6017130620985011
0 0.42536231884057973 0.6316916488222698 0.16666666666666666 0.5995717344753747
0 0.6304347826086957 0.588865096359743 0.17391304347826086 0.6338329764453962
0 0.7557971014492754 0.525695931477516 0.08550724637681159 0.3147751605995717
0 0.9246376811594202 0.5042826552462527 0.08405797101449275 0.31049250535331907
0 0.7014492753623188 0.4828693790149893 0.05507246376811594 0.20342612419700215
0 0.5195652173913043 0.5107066381156317 0.050724637681159424 0.18629550321199143
0 0.7963768115942029 0.4464668094218415 0.021739130434782608 0.07922912205567452
2 0.5297101449275362 0.4261241970021413 0.036231884057971016 0.0728051391862955
