0 0.16518847006651885 0.5816666666666667 0.050997782705099776 0.19
0 0.22172949002217296 0.5816666666666667 0.06651884700665188 0.25
0 0.26940133037694014 0.605 0.07760532150776053 0.2833333333333333
0 0.29490022172949004 0.59 0.057649667405764965 0.21333333333333335
0 0.34035476718403546 0.5766666666666667 0.0598669623059867 0.22
0 0.369179600886918 0.6233333333333333 0.07317073170731707 0.26666666666666666
0 0.4678492239467849 0.5983333333333334 0.07538802660753881 0.2833333333333333
0 0.5099778270509978 0.6316666666666667 0.07982261640798226 0.29
0 0.541019955654102 0.6216666666666667 0.06651884700665188 0.25666666666666665
0 0.5764966740576497 0.6266666666666667 0.08869179600886919 0.32666666666666666
0 0.6541019955654102 0.6133333333333333 0.07982261640798226 0.3
0 0.6718403547671841 0.6433333333333333 0.08425720620842572 0.32
0 0.746119733924612 0.6483333333333333 0.10421286031042129 0.38333333333333336
