0 0.03505154639175258 0.788135593220339 0.07010309278350516 0.3016949152542373
0 0.07628865979381444 0.788135593220339 0.08247422680412371 0.33559322033898303
0 0.13195876288659794 0.7898305084745763 0.08247422680412371 0.33220338983050846
0 0.18350515463917524 0.7694915254237288 0.0865979381443299 0.3593220338983051
0 0.2381443298969072 0.7762711864406779 0.08453608247422681 0.3389830508474576
0 0.2979381443298969 0.7728813559322034 0.088659793814433 0.3525423728813559
0 0.3494845360824742 0.7898305084745763 0.07628865979381444 0.31186440677966104
0 0.40515463917525774 0.7847457627118644 0.08041237113402062 0.3288135593220339
0 0.4536082474226804 0.7745762711864407 0.0865979381443299 0.3559322033898305
0 0.49690721649484537 0.7864406779661017 0.08247422680412371 0.3389830508474576
0 0.5505154639175258 0.788135593220339 0.0865979381443299 0.3559322033898305
0 0.5958762886597938 0.788135593220339 0.08247422680412371 0.3288135593220339
0 0.6443298969072165 0.7830508474576271 0.08041237113402062 0.3254237288135593
0 0.6896907216494845 0.7847457627118644 0.08041237113402062 0.3220338983050847
0 0.7360824742268042 0.7864406779661017 0.07835051546391752 0.31864406779661014
0 0.7865979381443299 0.7915254237288135 0.07628865979381444 0.3152542372881356
0 0.8371134020618557 0.7847457627118644 0.0865979381443299 0.3559322033898305
0 0.8948453608247423 0.7796610169491526 0.0865979381443299 0.3593220338983051
0 0.9298969072164949 0.7983050847457627 0.08247422680412371 0.33559322033898303
0 0.37216494845360826 0.7949152542372881 0.06391752577319587 0.2677966101694915
