0 0.1 0.70414673046252 0.1595744680851064 0.5885167464114832
0 0.18138297872340425 0.6523125996810207 0.17127659574468085 0.6283891547049442
0 0.2824468085106383 0.6578947368421053 0.18404255319148935 0.6746411483253588
0 0.4675531914893617 0.5956937799043063 0.2074468085106383 0.7639553429027113
0 0.5154255319148936 0.5223285486443381 0.17340425531914894 0.6363636363636364
0 0.5765957446808511 0.4880382775119617 0.14680851063829786 0.5422647527910686
0 0.6457446808510638 0.5023923444976076 0.15319148936170213 0.5614035087719298
0 0.7585106382978724 0.7248803827751196 0.14893617021276595 0.543859649122807
0 0.9313829787234043 0.6244019138755981 0.1372340425531915 0.7033492822966507
0 0.6946808510638298 0.44258373205741625 0.14468085106382977 0.5311004784688995
0 0.4 0.39952153110047844 0.125531914893617 0.45773524720893144
0 0.3281914893617021 0.4154704944178628 0.12872340425531914 0.4704944178628389
0 0.12925531914893618 0.19537480063795853 0.09042553191489362 0.33014354066985646
0 0.4574468085106383 0.21690590111642744 0.09148936170212765 0.3349282296650718
0 0.8281914893617022 0.19936204146730463 0.07553191489361702 0.2807017543859649
0 0.8670212765957447 0.3062200956937799 0.0851063829787234 0.31259968102073366
0 0.9085106382978724 0.2240829346092504 0.1127659574468085 0.41626794258373206
2 0.8553191489361702 0.48484848484848486 0.12978723404255318 0.36363636363636365
2 0.7287234042553191 0.2966507177033493 0.05531914893617021 0.2711323763955343
2 0.7925531914893617 0.3078149920255183 0.05319148936170213 0.22009569377990432
2 0.04946808510638298 0.24960127591706538 0.06489361702127659 0.15151515151515152
2 0.08882978723404256 0.3373205741626794 0.10106382978723404 0.18660287081339713
2 0.15691489361702127 0.31658692185007975 0.10106382978723404 0.1419457735247209
2 0.22287234042553192 0.2583732057416268 0.10319148936170212 0.20733652312599682
2 0.27180851063829786 0.22248803827751196 0.06063829787234042 0.1547049441786284
2 0.045744680851063826 0.12440191387559808 0.06382978723404255 0.10526315789473684
2 0.05585106382978723 0.0685805422647528 0.052127659574468084 0.07974481658692185
2 0.17606382978723403 0.0645933014354067 0.05851063829787234 0.12280701754385964
2 0.21329787234042552 0.1379585326953748 0.08191489361702127 0.18022328548644337
2 0.249468085106383 0.09170653907496013 0.039361702127659576 0.09409888357256778
2 0.2898936170212766 0.11722488038277512 0.05851063829787234 0.14832535885167464
2 0.36436170212765956 0.1076555023923445 0.0627659574468085 0.11004784688995216
2 0.4127659574468085 0.09011164274322168 0.0425531914893617 0.10047846889952153
2 0.5569148936170213 0.10047846889952153 0.03723404255319149 0.09888357256778309
2 0.6111702127659574 0.09011164274322168 0.06489361702127659 0.13556618819776714
2 0.6457446808510638 0.08213716108452951 0.03829787234042553 0.10047846889952153
2 0.6776595744680851 0.1371610845295056 0.031914893617021274 0.0861244019138756
2 0.7196808510638298 0.044657097288676235 0.09680851063829787 0.0733652312599681
2 0.8191489361702128 0.07496012759170653 0.06808510638297872 0.12121212121212122
2 0.9595744680851064 0.20574162679425836 0.07446808510638298 0.16586921850079744
2 0.9813829787234043 0.3237639553429027 0.02872340425531915 0.1594896331738437
2 0.5297872340425532 0.20813397129186603 0.036170212765957444 0.10047846889952153
2 0.48351063829787233 0.18421052631578946 0.04148936170212766 0.06539074960127592
2 0.3574468085106383 0.21291866028708134 0.03404255319148936 0.09409888357256778
