0 0.022 0.5375375375375375 0.044 0.1921921921921922
0 0.049 0.53003003003003 0.046 0.17717717717717718
0 0.075 0.566066066066066 0.062 0.23723723723723725
0 0.105 0.5690690690690691 0.062 0.23123123123123124
0 0.129 0.5675675675675675 0.07 0.26426426426426425
0 0.163 0.5930930930930931 0.074 0.27927927927927926
0 0.209 0.6096096096096096 0.082 0.3063063063063063
0 0.249 0.5885885885885885 0.074 0.27627627627627627
0 0.29 0.6201201201201201 0.096 0.35135135135135137
0 0.35 0.6441441441441441 0.096 0.35735735735735735
0 0.411 0.6816816816816816 0.102 0.3783783783783784
0 0.469 0.6816816816816816 0.118 0.43243243243243246
0 0.557 0.7222222222222222 0.126 0.46546546546546547
0 0.621 0.7042042042042042 0.118 0.44144144144144143
0 0.657 0.6966966966966966 0.118 0.43243243243243246
0 0.731 0.7252252252252253 0.138 0.5075075075075075
0 0.814 0.7402402402402403 0.136 0.5075075075075075
0 0.855 0.7192192192192193 0.13 0.4774774774774775
0 0.893 0.6921921921921922 0.11 0.40540540540540543
0 0.914 0.6831831831831832 0.108 0.3993993993993994
0 0.939 0.6666666666666666 0.094 0.35435435435435436
0 0.958 0.6336336336336337 0.084 0.32432432432432434
4 0.446 0.46996996996997 0.54 0.08708708708708708
