0 0.089 0.6222527472527473 0.178 0.6620879120879121
0 0.207 0.6002747252747253 0.17 0.5796703296703297
0 0.337 0.5673076923076923 0.162 0.5467032967032966
0 0.287 0.5576923076923077 0.138 0.46703296703296704
0 0.425 0.5535714285714286 0.134 0.45879120879120877
0 0.51 0.5357142857142857 0.124 0.4230769230769231
0 0.565 0.5206043956043956 0.11 0.37637362637362637
0 0.631 0.4958791208791209 0.11 0.37637362637362637
0 0.686 0.5068681318681318 0.08 0.2774725274725275
0 0.72 0.48214285714285715 0.084 0.28296703296703296
0 0.77 0.49862637362637363 0.08 0.2664835164835165
0 0.804 0.489010989010989 0.068 0.23626373626373626
0 0.835 0.49313186813186816 0.066 0.22802197802197802
0 0.865 0.4697802197802198 0.062 0.2087912087912088
0 0.899 0.49313186813186816 0.07 0.2445054945054945
0 0.926 0.43131868131868134 0.044 0.15384615384615385
0 0.964 0.5178571428571429 0.072 0.29945054945054944
0 0.947 0.4326923076923077 0.042 0.1401098901098901
3 0.161 0.3447802197802198 0.042 0.11813186813186813
3 0.229 0.29945054945054944 0.042 0.06593406593406594
4 0.255 0.33516483516483514 0.506 0.15384615384615385
4 0.655 0.36675824175824173 0.29 0.11263736263736264
4 0.885 0.3791208791208791 0.158 0.10989010989010989
