0 0.07388888888888889 0.649016641452345 0.1411111111111111 0.4689863842662632
0 0.13333333333333333 0.68910741301059 0.10666666666666667 0.3555219364599092
0 0.19722222222222222 0.6913767019667171 0.10777777777777778 0.3600605143721634
0 0.24722222222222223 0.7118003025718608 0.09 0.3010590015128593
0 0.28888888888888886 0.7216338880484114 0.07111111111111111 0.23903177004538578
0 0.32555555555555554 0.7118003025718608 0.08222222222222222 0.27382753403933435
0 0.37444444444444447 0.6709531013615734 0.06888888888888889 0.2344931921331316
0 0.4122222222222222 0.6649016641452344 0.06 0.20121028744326777
0 0.4588888888888889 0.632375189107413 0.06444444444444444 0.2178517397881997
0 0.48055555555555557 0.5998487140695915 0.052222222222222225 0.17397881996974282
0 0.8277777777777777 0.6497730711043873 0.06222222222222222 0.2102874432677761
0 0.8155555555555556 0.6089258698940998 0.051111111111111114 0.17095310136157338
2 0.27166666666666667 0.5650529500756429 0.04111111111111111 0.06505295007564296
2 0.30833333333333335 0.56732223903177 0.034444444444444444 0.06656580937972768
2 0.3511111111111111 0.5537065052950075 0.035555555555555556 0.08774583963691376
4 0.4011111111111111 0.48714069591527986 0.4088888888888889 0.13010590015128592
4 0.6566666666666666 0.451588502269289 0.10888888888888888 0.07715582450832073
4 0.7822222222222223 0.4924357034795764 0.051111111111111114 0.11043872919818457
