0 0.027692307692307693 0.5808314087759815 0.055384615384615386 0.22401847575057737
0 0.08461538461538462 0.5739030023094688 0.06153846153846154 0.22863741339491916
0 0.12 0.5646651270207852 0.04923076923076923 0.18706697459584296
0 0.06846153846153846 0.5727482678983834 0.05692307692307692 0.21247113163972287
0 0.19538461538461538 0.6443418013856813 0.12923076923076923 0.47575057736720555
0 0.2676923076923077 0.5669745958429562 0.055384615384615386 0.20092378752886836
0 0.31153846153846154 0.5577367205542725 0.047692307692307694 0.18244803695150116
0 0.26153846153846155 0.558891454965358 0.055384615384615386 0.20323325635103925
0 0.29307692307692307 0.5404157043879908 0.02923076923076923 0.11085450346420324
0 0.37615384615384617 0.5565819861431871 0.047692307692307694 0.18013856812933027
0 0.3992307692307692 0.5889145496535797 0.09384615384615384 0.3418013856812933
0 0.4530769230769231 0.5519630484988453 0.04461538461538461 0.16166281755196305
0 0.5169230769230769 0.558891454965358 0.043076923076923075 0.16166281755196305
0 0.5753846153846154 0.5554272517321016 0.046153846153846156 0.17321016166281755
0 0.6092307692307692 0.5473441108545035 0.046153846153846156 0.17551963048498845
0 0.6223076923076923 0.5935334872979214 0.07230769230769231 0.2678983833718245
0 0.6592307692307692 0.5346420323325635 0.04153846153846154 0.15935334872979215
0 0.7053846153846154 0.5277136258660509 0.04461538461538461 0.16397228637413394
0 0.7176923076923077 0.5612009237875288 0.05076923076923077 0.18937644341801385
0 0.74 0.5531177829099307 0.055384615384615386 0.21016166281755197
0 0.82 0.5762124711316398 0.06461538461538462 0.23787528868360278
0 0.8676923076923077 0.5623556581986143 0.05846153846153846 0.21478060046189376
0 0.946923076923077 0.5635103926096998 0.06307692307692307 0.23556581986143188
