0 0.27734375 0.865234375 0.033203125 0.11067708333333333
0 0.0625 0.8567708333333334 0.04296875 0.140625
0 0.31689453125 0.8600260416666666 0.0244140625 0.07942708333333333
0 0.39208984375 0.9036458333333334 0.0478515625 0.15625
0 0.4443359375 0.90625 0.046875 0.15364583333333334
0 0.427734375 0.8489583333333334 0.017578125 0.059895833333333336
0 0.44189453125 0.8509114583333334 0.0166015625 0.05859375
0 0.48486328125 0.84375 0.0185546875 0.0625
0 0.50390625 0.8430989583333334 0.015625 0.05078125
0 0.53662109375 0.83984375 0.0107421875 0.0390625
0 0.578125 0.84765625 0.013671875 0.044270833333333336
0 0.587890625 0.8463541666666666 0.01171875 0.0390625
0 0.5966796875 0.8502604166666666 0.013671875 0.044270833333333336
0 0.6171875 0.8372395833333334 0.009765625 0.03125
0 0.623046875 0.8404947916666666 0.009765625 0.032552083333333336
0 0.650390625 0.8365885416666666 0.0078125 0.024739583333333332
0 0.6474609375 0.837890625 0.0078125 0.024739583333333332
0 0.66064453125 0.8834635416666666 0.0341796875 0.11328125
0 0.67138671875 0.837890625 0.0107421875 0.03515625
0 0.70556640625 0.876953125 0.0322265625 0.10807291666666667
0 0.7177734375 0.900390625 0.044921875 0.14973958333333334
0 0.7578125 0.9029947916666666 0.041015625 0.13411458333333334
0 0.79296875 0.8990885416666666 0.0390625 0.12890625
0 0.82275390625 0.8984375 0.0419921875 0.13541666666666666
3 0.1376953125 0.60546875 0.015625 0.06770833333333333
3 0.244140625 0.8580729166666666 0.015625 0.0625
