0 0.02 0.5684210526315789 0.04 0.3263157894736842
0 0.093 0.5631578947368421 0.05 0.3368421052631579
0 0.156 0.5710526315789474 0.044 0.3
0 0.185 0.5552631578947368 0.046 0.3
0 0.227 0.5710526315789474 0.05 0.32105263157894737
0 0.251 0.5447368421052632 0.05 0.32105263157894737
0 0.302 0.5684210526315789 0.04 0.25263157894736843
0 0.312 0.5263157894736842 0.048 0.3157894736842105
0 0.369 0.5578947368421052 0.042 0.28421052631578947
0 0.396 0.5236842105263158 0.044 0.3
0 0.42 0.5210526315789473 0.044 0.28421052631578947
0 0.466 0.5210526315789473 0.04 0.2736842105263158
0 0.651 0.6052631578947368 0.106 0.6842105263157895
0 0.718 0.6 0.104 0.6631578947368421
0 0.78 0.5552631578947368 0.112 0.7315789473684211
0 0.837 0.6 0.102 0.6526315789473685
