0 0.10705882352941176 0.3667711598746082 0.04941176470588235 0.16614420062695925
0 0.16470588235294117 0.3557993730407524 0.05647058823529412 0.18495297805642633
0 0.1935294117647059 0.40203761755485895 0.07411764705882352 0.23981191222570533
0 0.24176470588235294 0.4216300940438871 0.10941176470588235 0.3605015673981191
0 0.29470588235294115 0.3871473354231975 0.06705882352941177 0.219435736677116
0 0.3341176470588235 0.4615987460815047 0.14352941176470588 0.46865203761755486
0 0.40588235294117647 0.5023510971786834 0.18588235294117647 0.603448275862069
0 0.47352941176470587 0.420846394984326 0.09529411764705882 0.31191222570532917
0 0.5347058823529411 0.3942006269592476 0.07411764705882352 0.24608150470219436
0 0.6076470588235294 0.43025078369905956 0.11176470588235295 0.3652037617554859
0 0.6788235294117647 0.6057993730407524 0.23529411764705882 0.7664576802507836
0 0.7729411764705882 0.4012539184952978 0.06823529411764706 0.2225705329153605
0 0.8435294117647059 0.4835423197492163 0.15058823529411763 0.493730407523511
0 0.8923529411764706 0.427115987460815 0.10470588235294118 0.3432601880877743
0 0.9641176470588235 0.4067398119122257 0.06470588235294118 0.21473354231974923
2 0.8752941176470588 0.3126959247648903 0.01647058823529412 0.029780564263322883
2 0.38176470588235295 0.28761755485893414 0.024705882352941175 0.03918495297805643
2 0.44588235294117645 0.2907523510971787 0.023529411764705882 0.03918495297805643
4 0.05411764705882353 0.3299373040752351 0.0988235294117647 0.05799373040752351
