0 0.1264705882352941 0.44471544715447153 0.08352941176470588 0.2813008130081301
0 0.23352941176470587 0.4065040650406504 0.03411764705882353 0.11382113821138211
0 0.3176470588235294 0.4349593495934959 0.047058823529411764 0.16097560975609757
0 0.5270588235294118 0.5463414634146342 0.0988235294117647 0.33495934959349594
0 0.6288235294117647 0.4504065040650406 0.06 0.2048780487804878
0 0.7305882352941176 0.45691056910569106 0.04 0.13333333333333333
0 0.8305882352941176 0.6634146341463415 0.13647058823529412 0.4585365853658537
0 0.8464705882352941 0.4902439024390244 0.06941176470588235 0.23902439024390243
0 0.9129411764705883 0.483739837398374 0.058823529411764705 0.2
0 0.3870588235294118 0.4089430894308943 0.03058823529411765 0.10894308943089431
0 0.4370588235294118 0.424390243902439 0.03882352941176471 0.13333333333333333
0 0.46352941176470586 0.42601626016260163 0.03764705882352941 0.13008130081300814
0 0.48294117647058826 0.42601626016260163 0.03882352941176471 0.13008130081300814
0 0.17941176470588235 0.3991869918699187 0.03176470588235294 0.11219512195121951
2 0.04058823529411765 0.3983739837398374 0.024705882352941175 0.07804878048780488
2 0.06764705882352941 0.4089430894308943 0.029411764705882353 0.07317073170731707
4 0.3029411764705882 0.3902439024390244 0.23411764705882354 0.12682926829268293
4 0.6617647058823529 0.4040650406504065 0.2576470588235294 0.09268292682926829
