0 0.10968494749124855 0.8246869409660107 0.021003500583430573 0.08228980322003578
0 0.13243873978996498 0.8220035778175313 0.022170361726954493 0.08765652951699464
0 0.24445740956826137 0.8407871198568873 0.03150525087514586 0.11806797853309481
0 0.28179696616102684 0.8282647584973166 0.024504084014002333 0.09660107334525939
0 0.2998833138856476 0.8381037567084079 0.03267211201866978 0.12343470483005367
0 0.3249708284714119 0.8542039355992844 0.040840140023337225 0.1520572450805009
0 0.366977829638273 0.8336314847942755 0.03617269544924154 0.13953488372093023
0 0.4935822637106184 0.8211091234347049 0.021003500583430573 0.08228980322003578
0 0.7141190198366394 0.8381037567084079 0.03267211201866978 0.12343470483005367
0 0.7287047841306884 0.8166368515205724 0.01750291715285881 0.06618962432915922
0 0.7812135355892649 0.8318425760286225 0.022170361726954493 0.08586762075134168
0 0.8348891481913653 0.8318425760286225 0.024504084014002333 0.09660107334525939
2 0.4982497082847141 0.8604651162790697 0.039673278879813305 0.08944543828264759
3 0.5064177362893816 0.18694096601073346 0.03267211201866978 0.08765652951699464
3 0.5029171528588098 0.6905187835420393 0.030338389731621937 0.08586762075134168
