0 0.04 0.543859649122807 0.056666666666666664 0.21553884711779447
0 0.15833333333333333 0.5363408521303258 0.07 0.2656641604010025
0 0.19166666666666668 0.5075187969924813 0.05 0.18295739348370926
0 0.2775 0.5601503759398496 0.07833333333333334 0.2932330827067669
0 0.305 0.506265664160401 0.056666666666666664 0.21052631578947367
0 0.44166666666666665 0.5802005012531328 0.11333333333333333 0.41353383458646614
0 0.5583333333333333 0.5225563909774437 0.07333333333333333 0.2681704260651629
0 0.5983333333333334 0.46616541353383456 0.043333333333333335 0.16541353383458646
0 0.495 0.46115288220551376 0.03333333333333333 0.13032581453634084
0 0.6708333333333333 0.48621553884711777 0.055 0.20551378446115287
0 0.6425 0.4348370927318296 0.028333333333333332 0.10275689223057644
0 0.7591666666666667 0.6015037593984962 0.125 0.46115288220551376
0 0.835 0.4924812030075188 0.06666666666666667 0.24310776942355888
0 0.9816666666666667 0.424812030075188 0.03666666666666667 0.17293233082706766
0 0.9441666666666667 0.42606516290726815 0.03166666666666667 0.12030075187969924
0 0.9275 0.42355889724310775 0.03166666666666667 0.12030075187969924
0 0.8841666666666667 0.4273182957393484 0.03166666666666667 0.12280701754385964
0 0.7141666666666666 0.4724310776942356 0.051666666666666666 0.18796992481203006
2 0.07833333333333334 0.525062656641604 0.04666666666666667 0.08270676691729323
