0 0.11916666666666667 0.6256544502617801 0.15166666666666667 0.5863874345549738
0 0.27166666666666667 0.5706806282722513 0.11333333333333333 0.4397905759162304
0 0.37333333333333335 0.6295811518324608 0.15333333333333332 0.5890052356020943
0 0.445 0.49345549738219896 0.07 0.27486910994764396
0 0.9058333333333334 0.4620418848167539 0.03166666666666667 0.12303664921465969
0 0.8066666666666666 0.4712041884816754 0.03666666666666667 0.14659685863874344
0 0.8333333333333334 0.443717277486911 0.023333333333333334 0.09162303664921466
0 0.7866666666666666 0.4607329842931937 0.03333333333333333 0.13089005235602094
0 0.7625 0.45418848167539266 0.021666666666666667 0.09162303664921466
0 0.7216666666666667 0.4489528795811518 0.023333333333333334 0.09162303664921466
0 0.705 0.46727748691099474 0.03333333333333333 0.12827225130890052
0 0.6725 0.45418848167539266 0.025 0.10209424083769633
0 0.5241666666666667 0.4568062827225131 0.025 0.0968586387434555
0 0.5375 0.46335078534031415 0.025 0.09424083769633508
0 0.5575 0.45157068062827227 0.021666666666666667 0.08115183246073299
0 0.6008333333333333 0.4581151832460733 0.025 0.09424083769633508
0 0.6458333333333334 0.4568062827225131 0.021666666666666667 0.09162303664921466
0 0.625 0.4476439790575916 0.02 0.07853403141361257
0 0.8641666666666666 0.4397905759162304 0.018333333333333333 0.07853403141361257
0 0.8791666666666667 0.43455497382198954 0.015 0.06282722513089005
