0 0.6942028985507246 0.6383442265795207 0.05507246376811594 0.20915032679738563
0 0.7340579710144928 0.6470588235294118 0.04782608695652174 0.17429193899782136
0 0.34130434782608693 0.7864923747276689 0.1 0.37037037037037035
0 0.15144927536231884 0.6917211328976035 0.07101449275362319 0.2636165577342048
0 0.3079710144927536 0.6252723311546841 0.04492753623188406 0.16993464052287582
0 0.6340579710144928 0.6023965141612201 0.02463768115942029 0.09368191721132897
0 0.6557971014492754 0.6122004357298475 0.021739130434782608 0.08278867102396514
0 0.6 0.6122004357298475 0.020289855072463767 0.07407407407407407
0 0.5855072463768116 0.6034858387799564 0.020289855072463767 0.07407407407407407
0 0.5362318840579711 0.5980392156862745 0.02318840579710145 0.08496732026143791
0 0.5181159420289855 0.6056644880174292 0.02753623188405797 0.10021786492374728
0 0.24782608695652175 0.6176470588235294 0.034782608695652174 0.1328976034858388
0 0.2833333333333333 0.6176470588235294 0.0391304347826087 0.14161220043572983
0 0.22028985507246376 0.6187363834422658 0.03188405797101449 0.11764705882352941
0 0.20144927536231885 0.6176470588235294 0.034782608695652174 0.1328976034858388
0 0.17681159420289855 0.6209150326797386 0.034782608695652174 0.13071895424836602
2 0.9311594202898551 0.7113289760348583 0.1289855072463768 0.5076252723311547
2 0.03768115942028986 0.7374727668845316 0.07246376811594203 0.42483660130718953
2 0.5231884057971015 0.7222222222222222 0.1536231884057971 0.058823529411764705
2 0.43333333333333335 0.6492374727668845 0.05507246376811594 0.07407407407407407
2 0.40217391304347827 0.7004357298474946 0.06521739130434782 0.2113289760348584
3 0.1318840579710145 0.3420479302832244 0.03768115942028986 0.0915032679738562
3 0.17318840579710146 0.3627450980392157 0.015942028985507246 0.0718954248366013
4 0.5391304347826087 0.5773420479302832 0.24347826086956523 0.05664488017429194
