0 0.07 0.5606469002695418 0.14 0.8679245283018868
0 0.21083333333333334 0.5134770889487871 0.09166666666666666 0.3638814016172507
0 0.42333333333333334 0.5592991913746631 0.22 0.8706199460916442
0 0.37 0.6037735849056604 0.19666666666666666 0.7816711590296496
0 0.5358333333333334 0.5256064690026954 0.085 0.3450134770889488
0 0.685 0.532345013477089 0.08333333333333333 0.33692722371967654
0 0.7591666666666667 0.6132075471698113 0.19166666666666668 0.7628032345013477
0 0.8275 0.5700808625336927 0.21166666666666667 0.8436657681940701
0 0.955 0.522911051212938 0.09 0.3665768194070081
0 0.15333333333333332 0.5539083557951483 0.07333333333333333 0.2991913746630728
2 0.64 0.5956873315363881 0.08333333333333333 0.23180592991913745
