0 0.067 0.6626506024096386 0.042 0.16265060240963855
0 0.111 0.661144578313253 0.038 0.14759036144578314
0 0.202 0.6882530120481928 0.072 0.2740963855421687
0 0.392 0.7108433734939759 0.108 0.4036144578313253
0 0.864 0.13855421686746988 0.032 0.12650602409638553
0 0.882 0.35843373493975905 0.032 0.12650602409638553
0 0.932 0.5813253012048193 0.028 0.10843373493975904
0 0.979 0.5753012048192772 0.03 0.1144578313253012
0 0.829 0.6852409638554217 0.106 0.4006024096385542
0 0.717 0.6024096385542169 0.038 0.15060240963855423
0 0.675 0.6521084337349398 0.074 0.28012048192771083
0 0.567 0.6355421686746988 0.042 0.16265060240963855
0 0.481 0.6385542168674698 0.042 0.16265060240963855
0 0.313 0.6521084337349398 0.042 0.16566265060240964
4 0.465 0.625 0.362 0.12349397590361445
