0 0.13555555555555557 0.5916666666666667 0.09777777777777778 0.3566666666666667
0 0.19 0.6016666666666667 0.10888888888888888 0.4033333333333333
0 0.25333333333333335 0.61 0.11555555555555555 0.4266666666666667
0 0.30333333333333334 0.5766666666666667 0.09111111111111111 0.3333333333333333
0 0.34555555555555556 0.555 0.07777777777777778 0.2833333333333333
0 0.3888888888888889 0.59 0.09777777777777778 0.36
0 0.4666666666666667 0.5716666666666667 0.08444444444444445 0.31666666666666665
0 0.5355555555555556 0.5516666666666666 0.08 0.2966666666666667
0 0.5955555555555555 0.5433333333333333 0.07111111111111111 0.26666666666666666
0 0.6522222222222223 0.5333333333333333 0.06444444444444444 0.23333333333333334
0 0.6888888888888889 0.525 0.057777777777777775 0.21666666666666667
0 0.7288888888888889 0.5166666666666667 0.05333333333333334 0.20666666666666667
0 0.7633333333333333 0.5116666666666667 0.051111111111111114 0.19
0 0.7833333333333333 0.5316666666666666 0.06 0.23
0 0.8755555555555555 0.5083333333333333 0.04888888888888889 0.19
0 0.8111111111111111 0.49333333333333335 0.044444444444444446 0.17333333333333334
0 0.8277777777777777 0.495 0.042222222222222223 0.15666666666666668
0 0.84 0.49 0.04 0.15333333333333332
0 0.8555555555555555 0.48833333333333334 0.04 0.14333333333333334
0 0.9544444444444444 0.47 0.024444444444444446 0.09333333333333334
2 0.4411111111111111 0.44166666666666665 0.03333333333333333 0.06333333333333334
2 0.4888888888888889 0.44 0.02666666666666667 0.06666666666666667
4 0.7433333333333333 0.45666666666666667 0.25555555555555554 0.12666666666666668
