0 0.15262515262515264 0.757328990228013 0.02442002442002442 0.08469055374592833
0 0.3540903540903541 0.759771986970684 0.02197802197802198 0.07654723127035831
0 0.6135531135531136 0.7630293159609121 0.03296703296703297 0.11237785016286644
0 0.8015873015873016 0.7630293159609121 0.028083028083028084 0.09283387622149837
0 0.8241758241758241 0.75814332247557 0.031746031746031744 0.10260586319218241
0 0.3882783882783883 0.759771986970684 0.01221001221001221 0.04071661237785016
0 0.40231990231990233 0.758957654723127 0.013431013431013432 0.04234527687296417
2 0.7002442002442002 0.8395765472312704 0.042735042735042736 0.11237785016286644
2 0.7918192918192918 0.9169381107491856 0.07692307692307693 0.16286644951140064
2 0.25335775335775335 0.760586319218241 0.028083028083028084 0.06840390879478828
2 0.22344322344322345 0.760586319218241 0.026862026862026864 0.06514657980456026
2 0.8547008547008547 0.758957654723127 0.02442002442002442 0.0749185667752443
2 0.9413919413919414 0.745928338762215 0.017094017094017096 0.03257328990228013
2 0.9566544566544567 0.745928338762215 0.015873015873015872 0.03257328990228013
2 0.9688644688644689 0.742671009771987 0.013431013431013432 0.03257328990228013
