0 0.04264705882352941 0.4889380530973451 0.03823529411764706 0.1415929203539823
0 0.022058823529411766 0.4834070796460177 0.04411764705882353 0.16592920353982302
0 0.14411764705882352 0.4811946902654867 0.04411764705882353 0.16150442477876106
0 0.10441176470588236 0.48783185840707965 0.04411764705882353 0.17035398230088494
0 0.21470588235294116 0.48451327433628316 0.04411764705882353 0.168141592920354
0 0.2426470588235294 0.49668141592920356 0.047058823529411764 0.17920353982300885
0 0.4102941176470588 0.4944690265486726 0.05 0.1836283185840708
0 0.43161764705882355 0.49336283185840707 0.04852941176470588 0.18584070796460178
0 0.4625 0.4889380530973451 0.054411764705882354 0.19911504424778761
0 0.4875 0.48008849557522126 0.054411764705882354 0.19911504424778761
0 0.3044117647058823 0.4756637168141593 0.05 0.1902654867256637
0 0.3448529411764706 0.4922566371681416 0.045588235294117645 0.17035398230088494
0 0.6066176470588235 0.4834070796460177 0.04852941176470588 0.1836283185840708
0 0.6625 0.4745575221238938 0.051470588235294115 0.19247787610619468
0 0.6904411764705882 0.4657079646017699 0.051470588235294115 0.19690265486725664
0 0.8654411764705883 0.48008849557522126 0.07205882352941176 0.26991150442477874
0 0.950735294117647 0.4690265486725664 0.08088235294117647 0.29646017699115046
2 0.6316176470588235 0.4004424778761062 0.01911764705882353 0.048672566371681415
2 0.12279411764705882 0.5663716814159292 0.06911764705882353 0.23893805309734514
2 0.09338235294117647 0.5597345132743363 0.06323529411764706 0.252212389380531
2 0.8698529411764706 0.6957964601769911 0.18676470588235294 0.4446902654867257
2 0.7889705882352941 0.6426991150442478 0.07205882352941176 0.3473451327433628
2 0.6933823529411764 0.5951327433628318 0.060294117647058824 0.3053097345132743
3 0.29705882352941176 0.5453539823008849 0.06764705882352941 0.1836283185840708
3 0.3514705882352941 0.5641592920353983 0.07058823529411765 0.17699115044247787
3 0.5110294117647058 0.5497787610619469 0.0661764705882353 0.23672566371681417
3 0.6279411764705882 0.5586283185840708 0.09705882352941177 0.25442477876106195
