0 0.033125 0.36916666666666664 0.06625 0.235
0 0.145625 0.34833333333333333 0.06375 0.21
0 0.08 0.3233333333333333 0.0425 0.14
0 0.11125 0.31 0.0375 0.12666666666666668
0 0.205625 0.315 0.03125 0.10666666666666667
0 0.239375 0.3641666666666667 0.05375 0.17833333333333334
0 0.314375 0.335 0.05125 0.16666666666666666
0 0.264375 0.31083333333333335 0.02375 0.07833333333333334
0 0.25125 0.31416666666666665 0.0275 0.095
0 0.36625 0.34 0.0475 0.15333333333333332
0 0.325625 0.32 0.03125 0.1
0 0.385 0.3441666666666667 0.04 0.13166666666666665
0 0.465 0.325 0.0425 0.13666666666666666
0 0.519375 0.3275 0.03875 0.13166666666666665
0 0.71 0.3 0.0175 0.06333333333333334
0 0.600625 0.32916666666666666 0.03875 0.125
0 0.740625 0.315 0.02625 0.09
0 0.769375 0.32166666666666666 0.02875 0.09666666666666666
0 0.810625 0.32083333333333336 0.02875 0.095
0 0.86375 0.3258333333333333 0.0175 0.06166666666666667
0 0.973125 0.2966666666666667 0.04125 0.14
0 0.93875 0.31 0.0275 0.09333333333333334
2 0.205 0.49 0.145 0.16333333333333333
2 0.334375 0.4558333333333333 0.13125 0.13833333333333334
2 0.42875 0.44083333333333335 0.11 0.135
2 0.5025 0.4225 0.095 0.11166666666666666
2 0.585 0.4091666666666667 0.06 0.10166666666666667
2 0.635 0.4041666666666667 0.0525 0.085
2 0.68125 0.3883333333333333 0.0525 0.08666666666666667
2 0.7275 0.38416666666666666 0.055 0.08166666666666667
