0 0.06916666666666667 0.44625 0.045 0.1675
0 0.2075 0.435 0.045 0.165
0 0.2875 0.44625 0.045 0.1675
0 0.44083333333333335 0.45125 0.03833333333333333 0.1475
0 0.47 0.44625 0.056666666666666664 0.2075
0 0.5 0.44625 0.02666666666666667 0.0975
0 0.5225 0.45 0.028333333333333332 0.105
0 0.5341666666666667 0.45125 0.028333333333333332 0.1075
0 0.5433333333333333 0.44625 0.02666666666666667 0.0975
0 0.5608333333333333 0.4525 0.03166666666666667 0.115
0 0.575 0.46 0.03 0.11
0 0.6141666666666666 0.44875 0.028333333333333332 0.1075
0 0.655 0.45875 0.03333333333333333 0.1225
0 0.7216666666666667 0.43625 0.04666666666666667 0.1725
0 0.77 0.4625 0.03333333333333333 0.12
0 0.8066666666666666 0.46625 0.03666666666666667 0.1325
0 0.9 0.45875 0.05 0.1875
0 0.945 0.45625 0.056666666666666664 0.2125
0 0.9783333333333334 0.46625 0.043333333333333335 0.1925
0 0.8666666666666667 0.465 0.03333333333333333 0.125
0 0.6866666666666666 0.43625 0.01 0.0425
0 0.7008333333333333 0.43875 0.015 0.0525
0 0.7433333333333333 0.43375 0.013333333333333334 0.0475
0 0.7533333333333333 0.43 0.013333333333333334 0.055
0 0.7916666666666666 0.435 0.01 0.045
0 0.83 0.4275 0.013333333333333334 0.055
0 0.925 0.4625 0.03333333333333333 0.13
0 0.13083333333333333 0.42875 0.011666666666666667 0.0425
2 0.76 0.5025 0.04666666666666667 0.075
2 0.7958333333333333 0.505 0.03833333333333333 0.085
2 0.8358333333333333 0.52 0.041666666666666664 0.075
2 0.8741666666666666 0.49625 0.03166666666666667 0.1175
2 0.595 0.4575 0.03333333333333333 0.125
4 0.3641666666666667 0.43625 0.11833333333333333 0.0875
4 0.21416666666666667 0.4225 0.115 0.06
