0 0.06230031948881789 0.6821086261980831 0.12460063897763578 0.5559105431309904
0 0.14164004259850904 0.6837060702875399 0.14057507987220447 0.5175718849840255
0 0.19222577209797656 0.6405750798722045 0.11395101171458999 0.4217252396166134
0 0.20873269435569755 0.6797124600638977 0.11714589989350373 0.4329073482428115
0 0.2369542066027689 0.6972843450479234 0.1395101171458999 0.5159744408945687
0 0.2822151224707135 0.7060702875399361 0.15122470713525027 0.5559105431309904
0 0.36421725239616615 0.6837060702875399 0.1299254526091587 0.4792332268370607
0 0.46592119275825344 0.65814696485623 0.1799787007454739 0.6645367412140575
0 0.5692225772097976 0.6781150159744409 0.1650692225772098 0.6086261980830671
0 0.6299254526091587 0.6805111821086262 0.16719914802981894 0.6134185303514377
0 0.7364217252396166 0.6645367412140575 0.1799787007454739 0.65814696485623
0 0.8855165069222577 0.6317891373801917 0.19701810436634717 0.7204472843450479
2 0.3679446219382322 0.43769968051118213 0.03514376996805112 0.0670926517571885
2 0.32641107561235355 0.481629392971246 0.026624068157614485 0.07827476038338659
2 0.9643237486687966 0.4257188498402556 0.06922257720979766 0.19968051118210864
2 0.0154419595314164 0.4464856230031949 0.02875399361022364 0.08466453674121406
3 0.5298189563365282 0.31150159744408945 0.15867944621938232 0.2939297124600639
3 0.7523961661341853 0.2356230031948882 0.15228966986155484 0.2795527156549521
