0 0.12177985948477751 0.6640625 0.03747072599531616 0.0625
0 0.03747072599531616 0.66484375 0.07494145199063232 0.1828125
0 0.2154566744730679 0.65546875 0.06088992974238876 0.1015625
0 0.27049180327868855 0.6390625 0.0585480093676815 0.09375
0 0.3793911007025761 0.61328125 0.20140515222482436 0.3328125
0 0.49063231850117095 0.6578125 0.09601873536299765 0.15625
0 0.5878220140515222 0.6109375 0.20140515222482436 0.33125
0 0.6651053864168618 0.6546875 0.09836065573770492 0.1625
0 0.7283372365339579 0.65078125 0.10772833723653395 0.1796875
0 0.8290398126463701 0.64453125 0.10304449648711944 0.1703125
0 0.8594847775175644 0.640625 0.117096018735363 0.190625
0 0.9121779859484778 0.64375 0.11007025761124122 0.184375
0 0.9613583138173302 0.64609375 0.07728337236533958 0.1734375
2 0.6487119437939111 0.56875 0.03747072599531616 0.05
