0 0.06739130434782609 0.5508474576271186 0.02753623188405797 0.11380145278450363
0 0.0536231884057971 0.5532687651331719 0.02608695652173913 0.1089588377723971
0 0.034782608695652174 0.5460048426150121 0.03188405797101449 0.12832929782082325
0 0.10144927536231885 0.6319612590799032 0.07246376811594203 0.29539951573849876
0 0.2579710144927536 0.6368038740920097 0.06086956521739131 0.2566585956416465
0 0.29057971014492756 0.5181598062953995 0.013043478260869565 0.053268765133171914
0 0.2971014492753623 0.513317191283293 0.011594202898550725 0.048426150121065374
0 0.3456521739130435 0.5266343825665859 0.013043478260869565 0.05569007263922518
0 0.39855072463768115 0.5581113801452785 0.03768115942028986 0.15738498789346247
0 0.41739130434782606 0.5363196125907991 0.017391304347826087 0.07506053268765134
0 0.4260869565217391 0.5387409200968523 0.017391304347826087 0.07506053268765134
0 0.4717391304347826 0.5677966101694916 0.0391304347826087 0.15738498789346247
0 0.49420289855072463 0.5665859564164649 0.03768115942028986 0.15980629539951574
0 0.5644927536231884 0.5520581113801453 0.02753623188405797 0.1162227602905569
0 0.5181159420289855 0.5447941888619855 0.02463768115942029 0.1016949152542373
0 0.5891304347826087 0.5569007263922519 0.02753623188405797 0.12106537530266344
0 0.618840579710145 0.5665859564164649 0.034782608695652174 0.14043583535108958
0 0.6333333333333333 0.5665859564164649 0.03188405797101449 0.13559322033898305
0 0.6717391304347826 0.559322033898305 0.036231884057971016 0.1549636803874092
0 0.6942028985507246 0.5738498789346247 0.03768115942028986 0.15980629539951574
0 0.7123188405797102 0.5774818401937046 0.0391304347826087 0.15738498789346247
0 0.7239130434782609 0.5750605326876513 0.04492753623188406 0.18159806295399517
0 0.7420289855072464 0.5823244552058111 0.043478260869565216 0.17675544794188863
0 0.7811594202898551 0.6307506053268765 0.06376811594202898 0.25907990314769974
0 0.8173913043478261 0.5823244552058111 0.05217391304347826 0.2106537530266344
0 0.8543478260869565 0.6065375302663438 0.04782608695652174 0.19612590799031476
0 0.8724637681159421 0.5641646489104116 0.03188405797101449 0.13075060532687652
0 0.9014492753623189 0.585956416464891 0.04927536231884058 0.20823244552058112
0 0.9630434782608696 0.6065375302663438 0.050724637681159424 0.2106537530266344
0 0.9818840579710145 0.5690072639225182 0.036231884057971016 0.15980629539951574
2 0.02608695652173913 0.5883777239709443 0.05217391304347826 0.0774818401937046
2 0.7724637681159421 0.5096852300242131 0.020289855072463767 0.04600484261501211
