0 0.2855072463768116 0.6518375241779497 0.02608695652173913 0.08897485493230174
0 0.322463768115942 0.6731141199226306 0.010144927536231883 0.03868471953578337
0 0.5 0.6711798839458414 0.04057971014492753 0.13539651837524178
0 0.5615942028985508 0.7117988394584139 0.04492753623188406 0.15087040618955513
0 0.5884057971014492 0.7311411992263056 0.03768115942028986 0.1276595744680851
0 0.6847826086956522 0.7369439071566731 0.036231884057971016 0.11605415860735009
0 0.7275362318840579 0.7195357833655706 0.03188405797101449 0.10831721470019343
0 0.8311594202898551 0.6914893617021277 0.050724637681159424 0.16827852998065765
0 0.8572463768115942 0.6721470019342359 0.0391304347826087 0.12959381044487428
0 0.9355072463768116 0.6760154738878144 0.036231884057971016 0.11798839458413926
0 0.5311594202898551 0.718568665377176 0.021739130434782608 0.07543520309477757
0 0.6384057971014493 0.655705996131528 0.036231884057971016 0.11992263056092843
0 0.6514492753623189 0.7059961315280464 0.03333333333333333 0.10831721470019343
0 0.696376811594203 0.7001934235976789 0.02753623188405797 0.08897485493230174
2 0.6144927536231884 0.7707930367504836 0.034782608695652174 0.08704061895551257
2 0.6340579710144928 0.7475822050290135 0.0536231884057971 0.11411992263056092
2 0.677536231884058 0.6392649903288201 0.050724637681159424 0.059961315280464215
2 0.2797101449275362 0.6644100580270793 0.02318840579710145 0.03288201160541586
2 0.7847826086956522 0.7224371373307543 0.06231884057971015 0.09090909090909091
2 0.48695652173913045 0.7137330754352031 0.06376811594202898 0.10444874274661509
