0 0.01678240740740741 0.6640625 0.02353395061728395 0.11086309523809523
0 0.054205246913580245 0.7027529761904762 0.04128086419753087 0.1956845238095238
0 0.0623070987654321 0.6514136904761905 0.022762345679012346 0.10788690476190477
0 0.08719135802469136 0.7057291666666666 0.05092592592592592 0.2418154761904762
0 0.125 0.7176339285714286 0.05941358024691358 0.27901785714285715
0 0.18036265432098766 0.7340029761904762 0.06674382716049383 0.3132440476190476
0 0.25135030864197533 0.7689732142857143 0.08063271604938271 0.3802083333333333
0 0.19849537037037038 0.6179315476190477 0.02044753086419753 0.09598214285714286
0 0.2040895061728395 0.6153273809523809 0.019290123456790122 0.09226190476190477
0 0.21720679012345678 0.6127232142857143 0.020833333333333332 0.09895833333333333
0 0.2974537037037037 0.7872023809523809 0.08873456790123457 0.4181547619047619
0 0.9670138888888888 0.6398809523809523 0.06597222222222222 0.34077380952380953
0 0.9047067901234568 0.5639880952380952 0.04938271604938271 0.23511904761904762
0 0.8692129629629629 0.6860119047619048 0.08641975308641975 0.40625
0 0.8342978395061729 0.5948660714285714 0.055169753086419755 0.2611607142857143
0 0.7658179012345679 0.6272321428571429 0.06095679012345679 0.28720238095238093
0 0.7860725308641975 0.5691964285714286 0.04282407407407408 0.20386904761904762
0 0.7216435185185185 0.59375 0.048996913580246916 0.23214285714285715
0 0.6792052469135802 0.6662946428571429 0.07060185185185185 0.3325892857142857
0 0.6413966049382716 0.7708333333333334 0.09297839506172839 0.43898809523809523
0 0.5013503086419753 0.7254464285714286 0.08294753086419752 0.39285714285714285
0 0.5594135802469136 0.6506696428571429 0.05864197530864197 0.2775297619047619
0 0.5385802469135802 0.6227678571428571 0.04398148148148148 0.20833333333333334
0 0.3248456790123457 0.6830357142857143 0.06172839506172839 0.29017857142857145
0 0.4359567901234568 0.7965029761904762 0.08564814814814815 0.4055059523809524
0 0.36612654320987653 0.6566220238095238 0.04398148148148148 0.20758928571428573
0 0.39853395061728397 0.7105654761904762 0.0625 0.2961309523809524
2 0.022376543209876542 0.6097470238095238 0.015432098765432098 0.034970238095238096
2 0.030285493827160493 0.6052827380952381 0.015046296296296295 0.04241071428571429
2 0.057484567901234566 0.5985863095238095 0.015432098765432098 0.029017857142857144
2 0.1415895061728395 0.6729910714285714 0.021604938271604937 0.16889880952380953
2 0.21334876543209877 0.5621279761904762 0.009259259259259259 0.023065476190476192
2 0.2611882716049383 0.5639880952380952 0.015432098765432098 0.03869047619047619
2 0.27488425925925924 0.5680803571428571 0.01427469135802469 0.029017857142857144
2 0.9880401234567902 0.4836309523809524 0.020833333333333332 0.10863095238095238
2 0.9947916666666666 0.3913690476190476 0.0073302469135802465 0.05952380952380952
2 0.9697145061728395 0.4088541666666667 0.02816358024691358 0.058779761904761904
2 0.9641203703703703 0.4348958333333333 0.03780864197530864 0.07514880952380952
2 0.941358024691358 0.4259672619047619 0.016203703703703703 0.0900297619047619
2 0.9207175925925926 0.40625 0.030478395061728395 0.05803571428571429
2 0.8989197530864198 0.4255952380952381 0.016975308641975308 0.06398809523809523
2 0.8940972222222222 0.41369047619047616 0.011959876543209876 0.06398809523809523
2 0.8832947530864198 0.42038690476190477 0.013503086419753086 0.052083333333333336
2 0.8665123456790124 0.4296875 0.013888888888888888 0.06919642857142858
2 0.8543595679012346 0.4334077380952381 0.019675925925925927 0.07366071428571429
2 0.8383487654320988 0.4334077380952381 0.012345679012345678 0.06324404761904762
2 0.8304398148148148 0.4341517857142857 0.015817901234567902 0.08407738095238096
2 0.8167438271604939 0.4289434523809524 0.016975308641975308 0.058779761904761904
2 0.8080632716049383 0.4341517857142857 0.010416666666666666 0.05431547619047619
2 0.7806712962962963 0.44568452380952384 0.01890432098765432 0.06845238095238096
2 0.7721836419753086 0.43787202380952384 0.013503086419753086 0.031994047619047616
2 0.7619598765432098 0.43787202380952384 0.017746913580246913 0.04241071428571429
2 0.7445987654320988 0.5662202380952381 0.011574074074074073 0.18601190476190477
2 0.7025462962962963 0.4415922619047619 0.016975308641975308 0.031994047619047616
2 0.7104552469135802 0.4966517857142857 0.015817901234567902 0.04538690476190476
2 0.6062885802469136 0.48921130952380953 0.01427469135802469 0.026041666666666668
2 0.6109182098765432 0.5301339285714286 0.07214506172839506 0.07068452380952381
2 0.6043595679012346 0.5018601190476191 0.04282407407407408 0.06324404761904762
2 0.5802469135802469 0.47953869047619047 0.017746913580246913 0.03794642857142857
2 0.5707947530864198 0.4836309523809524 0.016589506172839507 0.041666666666666664
2 0.5630787037037037 0.4836309523809524 0.0073302469135802465 0.02976190476190476
2 0.5482253086419753 0.48660714285714285 0.013117283950617283 0.046130952380952384
2 0.5381944444444444 0.48995535714285715 0.020833333333333332 0.05431547619047619
2 0.5304783950617284 0.5081845238095238 0.014660493827160493 0.03571428571428571
2 0.4558256172839506 0.6480654761904762 0.02970679012345679 0.25148809523809523
2 0.5212191358024691 0.5818452380952381 0.020833333333333332 0.16220238095238096
