0 0.09041394335511982 0.6356073211314476 0.09586056644880174 0.3560732113144759
0 0.1454248366013072 0.6114808652246256 0.09259259259259259 0.35108153078202997
0 0.2559912854030501 0.629783693843594 0.1111111111111111 0.41430948419301167
0 0.3077342047930283 0.6198003327787022 0.09912854030501089 0.37104825291181365
0 0.4351851851851852 0.6314475873544093 0.10784313725490197 0.4043261231281198
0 0.4831154684095861 0.6039933444259568 0.1056644880174292 0.39267886855241263
0 0.6111111111111112 0.6331114808652246 0.11982570806100218 0.4509151414309484
0 0.6514161220043573 0.6173044925124792 0.10457516339869281 0.389351081530782
0 0.826797385620915 0.6397670549084858 0.11982570806100218 0.4509151414309484
0 0.8894335511982571 0.6139767054908486 0.1056644880174292 0.39933444259567386
