0 0.055 0.546583850931677 0.05 0.18219461697722567
0 0.13071428571428573 0.5331262939958592 0.055714285714285716 0.19668737060041408
0 0.18857142857142858 0.6770186335403726 0.12571428571428572 0.44306418219461696
0 0.3607142857142857 0.5962732919254659 0.06714285714285714 0.2401656314699793
0 0.3 0.577639751552795 0.06857142857142857 0.2443064182194617
0 0.43 0.5952380952380952 0.07714285714285714 0.2795031055900621
0 0.4992857142857143 0.593167701863354 0.09285714285714286 0.32919254658385094
0 0.6314285714285715 0.6055900621118012 0.09428571428571429 0.33747412008281574
0 0.5921428571428572 0.6045548654244306 0.08714285714285715 0.3105590062111801
0 0.6921428571428572 0.5952380952380952 0.09285714285714286 0.3333333333333333
0 0.7328571428571429 0.6076604554865425 0.10285714285714286 0.36231884057971014
0 0.8207142857142857 0.6149068322981367 0.10142857142857142 0.36024844720496896
0 0.9242857142857143 0.6314699792960663 0.12 0.4306418219461698
0 0.9721428571428572 0.5610766045548654 0.055714285714285716 0.2567287784679089
0 0.32571428571428573 0.5693581780538303 0.06571428571428571 0.2360248447204969
2 0.8707142857142857 0.5745341614906833 0.041428571428571426 0.3250517598343685
2 0.9142857142857143 0.41821946169772256 0.06285714285714286 0.10351966873706005
2 0.7842857142857143 0.5217391304347826 0.06857142857142857 0.2194616977225673
2 0.7614285714285715 0.4523809523809524 0.03142857142857143 0.051759834368530024
2 0.7842857142857143 0.4492753623188406 0.02857142857142857 0.037267080745341616
2 0.8471428571428572 0.4720496894409938 0.03142857142857143 0.10351966873706005
2 0.6671428571428571 0.4699792960662526 0.025714285714285714 0.07453416149068323
2 0.6485714285714286 0.45445134575569357 0.025714285714285714 0.06418219461697723
2 0.5292857142857142 0.474120082815735 0.03 0.041407867494824016
2 0.5478571428571428 0.5144927536231884 0.041428571428571426 0.16770186335403728
2 0.5778571428571428 0.458592132505176 0.024285714285714285 0.047619047619047616
2 0.47785714285714287 0.46790890269151136 0.018571428571428572 0.057971014492753624
2 0.455 0.463768115942029 0.027142857142857142 0.049689440993788817
2 0.40285714285714286 0.4616977225672878 0.02857142857142857 0.062111801242236024
2 0.38785714285714284 0.4730848861283644 0.03857142857142857 0.07660455486542443
2 0.3628571428571429 0.4606625258799172 0.03142857142857143 0.055900621118012424
2 0.3414285714285714 0.4554865424430642 0.037142857142857144 0.07867494824016563
2 0.30428571428571427 0.4668737060041408 0.025714285714285714 0.055900621118012424
2 0.2621428571428571 0.484472049689441 0.03857142857142857 0.07867494824016563
2 0.1492857142857143 0.5020703933747412 0.03857142857142857 0.11387163561076605
2 0.09285714285714286 0.4968944099378882 0.04 0.11594202898550725
2 0.024285714285714285 0.5165631469979296 0.025714285714285714 0.12629399585921325
2 0.9521428571428572 0.44824016563146996 0.02142857142857143 0.051759834368530024
