0 0.015509259259259259 0.5415123456790123 0.031018518518518518 0.12129629629629629
0 0.19375 0.5990740740740741 0.24305555555555555 0.7913580246913581
0 0.02210648148148148 0.645216049382716 0.04421296296296296 0.23487654320987655
0 0.06435185185185185 0.6552469135802469 0.06111111111111111 0.1993827160493827
0 0.10532407407407407 0.6271604938271605 0.07592592592592592 0.24753086419753087
0 0.13391203703703702 0.6666666666666666 0.05393518518518518 0.17592592592592593
0 0.5981481481481481 0.5802469135802469 0.04537037037037037 0.14814814814814814
0 0.8780092592592592 0.5973765432098765 0.2439814814814815 0.7953703703703704
0 0.7490740740740741 0.5692901234567901 0.2625 0.8533950617283951
0 0.425 0.5723765432098765 0.25972222222222224 0.8453703703703703
0 0.3059027777777778 0.6305555555555555 0.07939814814814815 0.25864197530864197
0 0.5619212962962963 0.653395061728395 0.05115740740740741 0.16666666666666666
0 0.5300925925925926 0.6546296296296297 0.05416666666666667 0.1765432098765432
0 0.5466435185185186 0.5450617283950617 0.03912037037037037 0.12839506172839507
0 0.5378472222222223 0.5351851851851852 0.031712962962962964 0.10308641975308643
0 0.9807870370370371 0.6992283950617284 0.038425925925925926 0.2095679012345679
0 0.9555555555555556 0.6405864197530864 0.08888888888888889 0.30401234567901236
2 0.09155092592592592 0.5342592592592592 0.041435185185185186 0.07839506172839507
2 0.30833333333333335 0.46620370370370373 0.032407407407407406 0.07993827160493827
2 0.27835648148148145 0.49290123456790125 0.027546296296296298 0.07160493827160494
2 0.5449074074074074 0.4697530864197531 0.04675925925925926 0.08888888888888889
2 0.587037037037037 0.4601851851851852 0.034722222222222224 0.06728395061728396
2 0.5145833333333333 0.4780864197530864 0.024074074074074074 0.10987654320987654
2 0.9875 0.5266975308641976 0.02361111111111111 0.04660493827160494
2 0.9888888888888889 0.5603395061728395 0.020833333333333332 0.06018518518518518
2 0.9916666666666667 0.4828703703703704 0.014814814814814815 0.08055555555555556
