0 0.23657718120805368 0.782258064516129 0.18120805369127516 0.3885630498533724
0 0.37583892617449666 0.7558651026392962 0.15100671140939598 0.32697947214076245
0 0.4228187919463087 0.6400293255131965 0.11409395973154363 0.24193548387096775
0 0.4941275167785235 0.5806451612903226 0.09899328859060402 0.21407624633431085
0 0.5713087248322147 0.47287390029325516 0.08221476510067115 0.18035190615835778
0 0.6526845637583892 0.6649560117302052 0.12416107382550336 0.26832844574780057
0 0.8708053691275168 0.7082111436950147 0.15436241610738255 0.3313782991202346
0 0.738255033557047 0.5557184750733137 0.11073825503355705 0.23460410557184752
0 0.4261744966442953 0.44208211143695014 0.06711409395973154 0.14222873900293256
0 0.27348993288590606 0.4838709677419355 0.08389261744966443 0.18181818181818182
2 0.17281879194630873 0.47287390029325516 0.11073825503355705 0.13636363636363635
2 0.17365771812080538 0.6004398826979472 0.16610738255033558 0.22727272727272727
2 0.5209731543624161 0.42595307917888564 0.08557046979865772 0.13049853372434017
