0 0.03916666666666667 0.20676691729323307 0.025 0.09273182957393483
0 0.058333333333333334 0.21052631578947367 0.023333333333333334 0.08521303258145363
0 0.10583333333333333 0.24686716791979949 0.04833333333333333 0.17794486215538846
0 0.22333333333333333 0.3007518796992481 0.08 0.3007518796992481
0 0.42833333333333334 0.2681704260651629 0.06 0.22055137844611528
0 0.8358333333333333 0.2706766917293233 0.03833333333333333 0.14035087719298245
0 0.8066666666666666 0.2656641604010025 0.04 0.15037593984962405
0 0.6441666666666667 0.6228070175438597 0.195 0.7243107769423559
0 0.4725 0.20551378446115287 0.015 0.06015037593984962
2 0.12333333333333334 0.18295739348370926 0.023333333333333334 0.06516290726817042
2 0.1775 0.16290726817042606 0.021666666666666667 0.040100250626566414
2 0.38166666666666665 0.20802005012531327 0.04 0.10526315789473684
2 0.5091666666666667 0.30200501253132833 0.145 0.22305764411027568
2 0.5666666666666667 0.32957393483709274 0.13333333333333333 0.18796992481203006
2 0.7116666666666667 0.5213032581453634 0.16333333333333333 0.44611528822055135
2 0.7816666666666666 0.449874686716792 0.11666666666666667 0.3233082706766917
2 0.8133333333333334 0.6741854636591479 0.34 0.6265664160401002
2 0.98 0.3208020050125313 0.03333333333333333 0.15538847117794485
2 0.7475 0.23308270676691728 0.06833333333333333 0.15037593984962405
2 0.78 0.24310776942355888 0.043333333333333335 0.10526315789473684
2 0.6533333333333333 0.20927318295739347 0.02666666666666667 0.05263157894736842
2 0.5983333333333334 0.21804511278195488 0.03333333333333333 0.06015037593984962
2 0.6816666666666666 0.20300751879699247 0.016666666666666666 0.05513784461152882
