0 0.028 0.7528248587570622 0.056 0.20056497175141244
0 0.098 0.8022598870056498 0.072 0.24858757062146894
0 0.18 0.7838983050847458 0.06 0.211864406779661
0 0.242 0.8389830508474576 0.064 0.22598870056497175
0 0.267 0.7796610169491526 0.062 0.22033898305084745
0 0.34 0.8036723163841808 0.068 0.2344632768361582
0 0.383 0.7824858757062146 0.066 0.23728813559322035
0 0.429 0.806497175141243 0.062 0.2231638418079096
0 0.496 0.807909604519774 0.072 0.2542372881355932
0 0.558 0.827683615819209 0.072 0.24858757062146894
0 0.589 0.8149717514124294 0.066 0.2288135593220339
0 0.659 0.7754237288135594 0.062 0.2231638418079096
0 0.7 0.8305084745762712 0.068 0.23728813559322035
0 0.791 0.7966101694915254 0.058 0.20903954802259886
0 0.869 0.7146892655367232 0.062 0.21468926553672316
0 0.859 0.6807909604519774 0.058 0.20903954802259886
0 0.948 0.7259887005649718 0.056 0.1977401129943503
0 0.921 0.6468926553672316 0.062 0.22033898305084745
0 0.951 0.6581920903954802 0.046 0.1638418079096045
0 0.703 0.6751412429378532 0.062 0.21468926553672316
0 0.615 0.7189265536723164 0.062 0.211864406779661
0 0.567 0.6793785310734464 0.054 0.18361581920903955
0 0.525 0.7556497175141242 0.058 0.2062146892655367
0 0.445 0.7542372881355932 0.058 0.2033898305084746
0 0.358 0.768361581920904 0.064 0.22598870056497175
0 0.202 0.7259887005649718 0.056 0.1977401129943503
0 0.055 0.7358757062146892 0.062 0.2175141242937853
2 0.079 0.5677966101694916 0.042 0.07344632768361582
2 0.073 0.7853107344632768 0.03 0.2033898305084746
2 0.097 0.6836158192090396 0.046 0.07909604519774012
2 0.147 0.730225988700565 0.05 0.1271186440677966
2 0.292 0.7259887005649718 0.056 0.1694915254237288
2 0.4 0.6709039548022598 0.04 0.07062146892655367
2 0.47 0.6567796610169492 0.044 0.06497175141242938
2 0.644 0.6115819209039548 0.032 0.09322033898305085
2 0.669 0.6129943502824858 0.054 0.0847457627118644
2 0.768 0.6129943502824858 0.06 0.096045197740113
2 0.786 0.6412429378531074 0.068 0.1016949152542373
2 0.886 0.5790960451977402 0.052 0.11299435028248588
2 0.936 0.5607344632768362 0.036 0.06497175141242938
2 0.931 0.5254237288135594 0.042 0.05649717514124294
2 0.973 0.5635593220338984 0.026 0.0423728813559322
2 0.858 0.518361581920904 0.04 0.07062146892655367
