0 0.0671875 0.7118055555555556 0.0296875 0.12916666666666668
0 0.128515625 0.7166666666666667 0.08203125 0.35833333333333334
0 0.174609375 0.7090277777777778 0.02890625 0.12916666666666668
0 0.20625 0.71875 0.065625 0.2847222222222222
0 0.25625 0.7111111111111111 0.025 0.10833333333333334
0 0.332421875 0.7076388888888889 0.08828125 0.38472222222222224
0 0.378125 0.6972222222222222 0.0484375 0.2111111111111111
0 0.436328125 0.7027777777777777 0.07265625 0.3194444444444444
0 0.487890625 0.6916666666666667 0.06171875 0.26666666666666666
0 0.53359375 0.6847222222222222 0.05625 0.24722222222222223
0 0.605859375 0.6958333333333333 0.10078125 0.4388888888888889
0 0.63984375 0.6986111111111111 0.0734375 0.32222222222222224
0 0.6765625 0.6923611111111111 0.05625 0.24305555555555555
0 0.865625 0.7104166666666667 0.103125 0.4486111111111111
0 0.83203125 0.6791666666666667 0.075 0.325
2 0.020703125 0.7333333333333333 0.01328125 0.12777777777777777
2 0.198828125 0.6701388888888888 0.02578125 0.05138888888888889
2 0.241796875 0.68125 0.01484375 0.034722222222222224
2 0.265625 0.68125 0.0171875 0.04861111111111111
2 0.29609375 0.6298611111111111 0.0375 0.12638888888888888
2 0.27578125 0.6770833333333334 0.01875 0.03194444444444444
2 0.416796875 0.70625 0.01953125 0.08194444444444444
2 0.403125 0.7166666666666667 0.015625 0.041666666666666664
2 0.815625 0.7055555555555556 0.046875 0.3138888888888889
2 0.8046875 0.7159722222222222 0.0109375 0.034722222222222224
3 0.743359375 0.6784722222222223 0.04921875 0.1486111111111111
