0 0.06521739130434782 0.7085152838427947 0.13043478260869565 0.5218340611353712
0 0.1246376811594203 0.5327510917030568 0.11304347826086956 0.4192139737991266
0 0.25869565217391305 0.537117903930131 0.23623188405797102 0.8733624454148472
0 0.39420289855072466 0.6910480349344978 0.13333333333333333 0.49563318777292575
0 0.5818840579710145 0.6506550218340611 0.15217391304347827 0.5633187772925764
0 0.9326086956521739 0.665938864628821 0.12318840579710146 0.45414847161572053
0 0.7876811594202898 0.435589519650655 0.12608695652173912 0.4650655021834061
0 0.34057971014492755 0.18668122270742357 0.043478260869565216 0.16812227074235808
0 0.4420289855072464 0.19104803493449782 0.02608695652173913 0.10262008733624454
0 0.5036231884057971 0.18340611353711792 0.02753623188405797 0.10043668122270742
2 0.11159420289855072 0.18340611353711792 0.04927536231884058 0.08296943231441048
2 0.14855072463768115 0.17576419213973798 0.0391304347826087 0.10698689956331878
2 0.17608695652173914 0.18449781659388648 0.04492753623188406 0.07641921397379912
2 0.03188405797101449 0.4148471615720524 0.06086956521739131 0.2445414847161572
2 0.059420289855072465 0.35152838427947597 0.04057971014492753 0.1091703056768559
2 0.18188405797101448 0.4432314410480349 0.04492753623188406 0.18340611353711792
2 0.3144927536231884 0.5327510917030568 0.06956521739130435 0.4104803493449782
2 0.4702898550724638 0.7358078602620087 0.10869565217391304 0.4978165938864629
2 0.6536231884057971 0.7030567685589519 0.1826086956521739 0.4585152838427948
2 0.7565217391304347 0.5600436681222707 0.12753623188405797 0.29475982532751094
2 0.8311594202898551 0.6320960698689956 0.10289855072463767 0.42139737991266374
2 0.7528985507246376 0.8155021834061136 0.24782608695652175 0.36026200873362446
2 0.39202898550724635 0.16593886462882096 0.050724637681159424 0.09606986899563319
2 0.4391304347826087 0.1779475982532751 0.057971014492753624 0.13755458515283842
2 0.47608695652173916 0.1648471615720524 0.042028985507246375 0.12445414847161572
2 0.5355072463768116 0.19541484716157206 0.03333333333333333 0.0982532751091703
