0 0.06573705179282868 0.6302395209580839 0.0796812749003984 0.2964071856287425
0 0.10159362549800798 0.5958083832335329 0.06374501992031872 0.23952095808383234
0 0.1952191235059761 0.6077844311377245 0.06374501992031872 0.23353293413173654
0 0.21613545816733068 0.6227544910179641 0.08167330677290836 0.2994011976047904
0 0.3237051792828685 0.5958083832335329 0.061752988047808766 0.23353293413173654
0 0.39143426294820716 0.6317365269461078 0.08565737051792828 0.32335329341317365
0 0.45717131474103584 0.624251497005988 0.06573705179282868 0.24251497005988024
0 0.5408366533864541 0.624251497005988 0.08964143426294821 0.3323353293413174
0 0.5866533864541833 0.6062874251497006 0.0697211155378486 0.25449101796407186
0 0.6792828685258964 0.6017964071856288 0.06772908366533864 0.25748502994011974
0 0.6932270916334662 0.6586826347305389 0.09163346613545817 0.3413173652694611
0 0.798804780876494 0.6302395209580839 0.0796812749003984 0.2904191616766467
0 0.8635458167330677 0.6392215568862275 0.08964143426294821 0.3323353293413174
0 0.9641434262948207 0.6332335329341318 0.07171314741035857 0.27844311377245506
2 0.5169322709163346 0.562874251497006 0.07768924302788845 0.20359281437125748
2 0.40239043824701193 0.561377245508982 0.0796812749003984 0.17065868263473055
