0 0.16724137931034483 0.5827586206896552 0.06206896551724138 0.20919540229885059
0 0.3706896551724138 0.5873563218390805 0.041379310344827586 0.135632183908046
0 0.33448275862068966 0.6045977011494252 0.04827586206896552 0.15632183908045977
0 0.6025862068965517 0.5678160919540229 0.02586206896551724 0.08735632183908046
0 0.675 0.6229885057471264 0.0603448275862069 0.19770114942528735
0 0.33620689655172414 0.46091954022988507 0.19310344827586207 0.6275862068965518
2 0.03706896551724138 0.671264367816092 0.056896551724137934 0.19310344827586207
2 0.09655172413793103 0.6528735632183909 0.1103448275862069 0.17011494252873563
2 0.06637931034482758 0.5528735632183908 0.06724137931034482 0.09885057471264368
2 0.014655172413793103 0.5597701149425287 0.029310344827586206 0.09425287356321839
2 0.5163793103448275 0.6448275862068965 0.05 0.08045977011494253
2 0.5663793103448276 0.6494252873563219 0.06379310344827586 0.08505747126436781
2 0.7327586206896551 0.6689655172413793 0.05862068965517241 0.08735632183908046
2 0.7810344827586206 0.6689655172413793 0.04827586206896552 0.08275862068965517
2 0.8232758620689655 0.6781609195402298 0.05 0.10114942528735632
2 0.8646551724137931 0.6770114942528735 0.05 0.09425287356321839
2 0.9396551724137931 0.6839080459770115 0.05862068965517241 0.09885057471264368
2 0.4525862068965517 0.5620689655172414 0.0603448275862069 0.11264367816091954
2 0.46551724137931033 0.5298850574712644 0.020689655172413793 0.029885057471264367
