0 0.084 0.7058823529411765 0.064 0.23529411764705882
0 0.118 0.7455882352941177 0.068 0.25
0 0.211 0.7044117647058824 0.062 0.22058823529411764
0 0.243 0.7617647058823529 0.062 0.2235294117647059
0 0.309 0.6455882352941177 0.038 0.13823529411764707
0 0.369 0.7705882352941177 0.062 0.22941176470588234
0 0.442 0.6279411764705882 0.044 0.1676470588235294
0 0.477 0.763235294117647 0.062 0.22647058823529412
0 0.511 0.6352941176470588 0.042 0.1588235294117647
0 0.569 0.7529411764705882 0.066 0.23529411764705882
0 0.594 0.6220588235294118 0.04 0.14411764705882352
0 0.65 0.7544117647058823 0.056 0.2088235294117647
0 0.735 0.7588235294117647 0.058 0.20588235294117646
0 0.834 0.7617647058823529 0.064 0.22941176470588234
0 0.899 0.763235294117647 0.058 0.2088235294117647
0 0.96 0.7470588235294118 0.056 0.21176470588235294
0 0.989 0.5058823529411764 0.022 0.1
0 0.969 0.48676470588235293 0.026 0.09117647058823529
0 0.257 0.5205882352941177 0.026 0.1
0 0.337 0.525 0.026 0.10294117647058823
0 0.541 0.5279411764705882 0.026 0.09117647058823529
0 0.562 0.5411764705882353 0.024 0.09411764705882353
2 0.083 0.5985294117647059 0.05 0.07941176470588235
2 0.155 0.65 0.062 0.1588235294117647
2 0.295 0.49411764705882355 0.038 0.058823529411764705
2 0.292 0.5691176470588235 0.04 0.09117647058823529
2 0.368 0.5 0.02 0.052941176470588235
2 0.364 0.5720588235294117 0.056 0.10294117647058823
2 0.393 0.5058823529411764 0.03 0.07058823529411765
2 0.42 0.5014705882352941 0.024 0.07352941176470588
2 0.45 0.513235294117647 0.028 0.06764705882352941
2 0.42 0.625 0.024 0.16176470588235295
2 0.473 0.5191176470588236 0.03 0.08529411764705883
2 0.511 0.5102941176470588 0.03 0.07352941176470588
2 0.576 0.5764705882352941 0.028 0.06470588235294118
2 0.55 0.7397058823529412 0.04 0.21470588235294116
2 0.626 0.5544117647058824 0.032 0.08529411764705883
2 0.643 0.5911764705882353 0.046 0.08235294117647059
2 0.704 0.5720588235294117 0.048 0.11470588235294117
2 0.678 0.5764705882352941 0.04 0.11764705882352941
2 0.664 0.5161764705882353 0.028 0.03823529411764706
2 0.63 0.513235294117647 0.04 0.08529411764705883
2 0.865 0.5823529411764706 0.034 0.052941176470588235
2 0.881 0.586764705882353 0.038 0.04411764705882353
2 0.857 0.725 0.038 0.2088235294117647
4 0.128 0.4411764705882353 0.248 0.09411764705882353
4 0.433 0.4088235294117647 0.254 0.07058823529411765
4 0.803 0.4308823529411765 0.358 0.09705882352941177
