0 0.08166666666666667 0.5237388724035609 0.08666666666666667 0.3827893175074184
0 0.135 0.5489614243323442 0.04666666666666667 0.20771513353115728
0 0.18416666666666667 0.5400593471810089 0.051666666666666666 0.22551928783382788
0 0.23333333333333334 0.5207715133531158 0.05333333333333334 0.2403560830860534
0 0.2683333333333333 0.4940652818991098 0.05333333333333334 0.2403560830860534
0 0.325 0.5682492581602374 0.07333333333333333 0.3293768545994065
0 0.3616666666666667 0.49258160237388726 0.05333333333333334 0.2314540059347181
0 0.44083333333333335 0.5682492581602374 0.075 0.32344213649851633
0 0.49333333333333335 0.5623145400593472 0.07333333333333333 0.3293768545994065
0 0.5558333333333333 0.5326409495548962 0.055 0.2403560830860534
0 0.5933333333333334 0.5296735905044511 0.06 0.26409495548961426
0 0.6216666666666667 0.46142433234421365 0.043333333333333335 0.19287833827893175
0 0.6508333333333334 0.543026706231454 0.055 0.24925816023738873
0 0.7116666666666667 0.5133531157270029 0.05333333333333334 0.2314540059347181
0 0.7583333333333333 0.5370919881305638 0.05 0.2195845697329377
0 0.7908333333333334 0.5222551928783383 0.055 0.2433234421364985
0 0.8716666666666667 0.5044510385756676 0.04666666666666667 0.20771513353115728
0 0.9083333333333333 0.5237388724035609 0.05333333333333334 0.2344213649851632
2 0.03166666666666667 0.6097922848664689 0.06 0.41839762611275966
2 0.4775 0.4035608308605341 0.035 0.08902077151335312
2 0.5383333333333333 0.4362017804154303 0.04666666666666667 0.13056379821958458
2 0.6541666666666667 0.41543026706231456 0.03166666666666667 0.0830860534124629
2 0.6925 0.4094955489614243 0.03833333333333333 0.09495548961424333
2 0.8916666666666667 0.41839762611275966 0.023333333333333334 0.04747774480712166
2 0.9633333333333334 0.456973293768546 0.023333333333333334 0.04154302670623145
2 0.9466666666666667 0.45103857566765576 0.016666666666666666 0.02373887240356083
