0 0.039755351681957186 0.6980676328502415 0.07951070336391437 0.3864734299516908
0 0.11009174311926606 0.7016908212560387 0.1162079510703364 0.45169082125603865
0 0.18883792048929662 0.711352657004831 0.05657492354740061 0.21980676328502416
0 0.1704892966360856 0.7041062801932367 0.04128440366972477 0.16666666666666666
0 0.2599388379204893 0.6968599033816425 0.07339449541284404 0.28743961352657005
0 0.2989296636085627 0.7065217391304348 0.06269113149847094 0.24879227053140096
0 0.3256880733944954 0.6992753623188406 0.04281345565749235 0.17149758454106281
0 0.3761467889908257 0.7246376811594203 0.10091743119266056 0.391304347826087
0 0.45489296636085624 0.6147342995169082 0.19418960244648317 0.7560386473429952
0 0.5428134556574924 0.711352657004831 0.06422018348623854 0.24879227053140096
0 0.5802752293577982 0.6992753623188406 0.06574923547400612 0.2584541062801932
0 0.6085626911314985 0.6968599033816425 0.03058103975535168 0.11835748792270531
0 0.6750764525993884 0.6835748792270532 0.16055045871559634 0.6183574879227053
0 0.7545871559633027 0.7028985507246377 0.13608562691131498 0.5265700483091788
0 0.8203363914373089 0.7004830917874396 0.10856269113149847 0.42028985507246375
0 0.8593272171253823 0.6835748792270532 0.09174311926605505 0.3526570048309179
0 0.9120795107033639 0.6823671497584541 0.08103975535168195 0.321256038647343
0 0.9747706422018348 0.6859903381642513 0.0382262996941896 0.15458937198067632
0 0.9373088685015291 0.6871980676328503 0.06116207951070336 0.2391304347826087
2 0.0672782874617737 0.6859903381642513 0.0581039755351682 0.18840579710144928
2 0.3463302752293578 0.6799516908212561 0.04434250764525994 0.11835748792270531
2 0.40519877675840976 0.6642512077294686 0.04892966360856269 0.13526570048309178
2 0.5107033639143731 0.6388888888888888 0.05198776758409786 0.11835748792270531
2 0.6957186544342507 0.7222222222222222 0.05504587155963303 0.17391304347826086
2 0.6230886850152905 0.6751207729468599 0.016819571865443424 0.07971014492753623
2 0.5626911314984709 0.6835748792270532 0.03058103975535168 0.0821256038647343
2 0.8837920489296636 0.6956521739130435 0.04281345565749235 0.2463768115942029
2 0.9602446483180428 0.6980676328502415 0.021406727828746176 0.12560386473429952
