0 0.475 0.775 0.10333333333333333 0.39
0 0.5783333333333334 0.8125 0.09666666666666666 0.355
0 0.6766666666666666 0.815 0.08666666666666667 0.33
0 0.6616666666666666 0.725 0.09666666666666666 0.35
0 0.745 0.6125 0.056666666666666664 0.205
0 0.79 0.6375 0.05333333333333334 0.205
0 0.8316666666666667 0.5725 0.043333333333333335 0.155
0 0.06333333333333334 0.715 0.08666666666666667 0.33
0 0.135 0.6275 0.07 0.265
0 0.20833333333333334 0.8 0.09 0.34
0 0.27 0.5825 0.06 0.235
0 0.30833333333333335 0.615 0.06333333333333334 0.25
0 0.37 0.75 0.07333333333333333 0.28
0 0.44166666666666665 0.6275 0.07 0.255
2 0.023333333333333334 0.6725 0.03333333333333333 0.325
2 0.11666666666666667 0.5275 0.08 0.015
2 0.215 0.65 0.12333333333333334 0.26
2 0.3333333333333333 0.8775 0.22 0.225
2 0.34 0.59 0.08 0.14
2 0.5016666666666667 0.605 0.06333333333333334 0.17
2 0.585 0.63 0.07 0.13
2 0.5683333333333334 0.565 0.07666666666666666 0.1
2 0.88 0.795 0.22666666666666666 0.37
4 0.44333333333333336 0.44 0.88 0.21
