0 0.18363636363636363 0.48501362397820164 0.06545454545454546 0.23978201634877383
0 0.22090909090909092 0.48637602179836514 0.06727272727272728 0.24795640326975477
0 0.2772727272727273 0.48092643051771117 0.07454545454545454 0.27520435967302453
0 0.31727272727272726 0.48365122615803813 0.08181818181818182 0.3024523160762943
0 0.39636363636363636 0.48501362397820164 0.09454545454545454 0.34877384196185285
0 0.48454545454545456 0.494550408719346 0.10727272727272727 0.3896457765667575
0 0.5218181818181818 0.47411444141689374 0.09090909090909091 0.33242506811989103
0 0.5745454545454546 0.4904632152588556 0.09454545454545454 0.34877384196185285
0 0.6618181818181819 0.48365122615803813 0.08727272727272728 0.3188010899182561
0 0.7663636363636364 0.48092643051771117 0.08181818181818182 0.2970027247956403
0 0.850909090909091 0.494550408719346 0.08 0.2970027247956403
0 0.8918181818181818 0.49591280653950953 0.07454545454545454 0.2724795640326976
