0 0.105 0.3990963855421687 0.05 0.1897590361445783
0 0.125 0.375 0.038 0.14156626506024098
0 0.044 0.4819277108433735 0.088 0.5
0 0.053 0.40512048192771083 0.058 0.21385542168674698
0 0.199 0.3930722891566265 0.038 0.14156626506024098
0 0.251 0.4292168674698795 0.042 0.15963855421686746
0 0.308 0.4292168674698795 0.052 0.1897590361445783
0 0.923 0.43373493975903615 0.082 0.30120481927710846
0 0.854 0.4382530120481928 0.084 0.3102409638554217
0 0.816 0.4457831325301205 0.072 0.26506024096385544
0 0.774 0.4307228915662651 0.076 0.28313253012048195
0 0.672 0.42018072289156627 0.06 0.2319277108433735
0 0.622 0.4171686746987952 0.056 0.20783132530120482
0 0.585 0.40512048192771083 0.058 0.21987951807228914
0 0.555 0.3855421686746988 0.054 0.19879518072289157
0 0.549 0.5256024096385542 0.106 0.4006024096385542
0 0.743 0.6355421686746988 0.138 0.5060240963855421
0 0.467 0.47289156626506024 0.086 0.3132530120481928
0 0.429 0.4608433734939759 0.066 0.2469879518072289
0 0.386 0.45933734939759036 0.064 0.24397590361445784
0 0.348 0.4246987951807229 0.052 0.1927710843373494
2 0.078 0.3042168674698795 0.036 0.04819277108433735
2 0.073 0.3614457831325301 0.03 0.09036144578313253
2 0.212 0.32228915662650603 0.024 0.04216867469879518
2 0.241 0.3253012048192771 0.026 0.030120481927710843
2 0.258 0.3177710843373494 0.02 0.0391566265060241
2 0.278 0.3313253012048193 0.036 0.0963855421686747
2 0.297 0.3253012048192771 0.018 0.04819277108433735
2 0.311 0.33433734939759036 0.03 0.06626506024096386
2 0.321 0.3102409638554217 0.018 0.024096385542168676
2 0.347 0.3253012048192771 0.03 0.060240963855421686
2 0.375 0.3207831325301205 0.034 0.0572289156626506
2 0.404 0.33433734939759036 0.032 0.04819277108433735
2 0.429 0.3177710843373494 0.054 0.08132530120481928
2 0.447 0.3313253012048193 0.038 0.0783132530120482
2 0.478 0.3177710843373494 0.036 0.0572289156626506
2 0.502 0.32680722891566266 0.028 0.0572289156626506
2 0.523 0.32831325301204817 0.034 0.06626506024096386
2 0.601 0.3373493975903614 0.038 0.07228915662650602
2 0.641 0.32981927710843373 0.038 0.08132530120481928
2 0.693 0.3358433734939759 0.046 0.0572289156626506
2 0.716 0.3253012048192771 0.048 0.08433734939759036
2 0.743 0.32981927710843373 0.034 0.045180722891566265
2 0.81 0.3042168674698795 0.04 0.05421686746987952
2 0.965 0.3177710843373494 0.058 0.08734939759036145
2 0.953 0.4713855421686747 0.078 0.3704819277108434
