0 0.2841666666666667 0.53125 0.058333333333333334 0.2225
0 0.16166666666666665 0.365 0.043333333333333335 0.16
0 0.29083333333333333 0.35375 0.04833333333333333 0.1775
0 0.41333333333333333 0.3075 0.03666666666666667 0.135
0 0.5133333333333333 0.56375 0.06333333333333334 0.2375
0 0.4816666666666667 0.4025 0.04 0.15
0 0.4608333333333333 0.2675 0.025 0.095
0 0.6358333333333334 0.63375 0.065 0.2375
0 0.8516666666666667 0.7 0.06333333333333334 0.24
0 0.9841666666666666 0.385 0.03166666666666667 0.195
0 0.9591666666666666 0.23875 0.041666666666666664 0.1525
0 0.815 0.355 0.03 0.11
0 0.645 0.35875 0.03666666666666667 0.1425
0 0.9141666666666667 0.23375 0.041666666666666664 0.1525
0 0.8675 0.22375 0.03833333333333333 0.1475
0 0.8283333333333334 0.215 0.04 0.15
0 0.7941666666666667 0.24375 0.028333333333333332 0.1025
0 0.7825 0.21375 0.03833333333333333 0.1475
0 0.7475 0.22 0.035 0.13
0 0.7308333333333333 0.20625 0.035 0.1375
0 0.7133333333333334 0.23875 0.023333333333333334 0.0875
0 0.6608333333333334 0.21375 0.03833333333333333 0.1475
0 0.685 0.2075 0.03666666666666667 0.135
0 0.9908333333333333 0.22125 0.018333333333333333 0.1175
0 0.8433333333333334 0.18375 0.04 0.1525
0 0.9025 0.18 0.03833333333333333 0.14
0 0.605 0.175 0.03333333333333333 0.125
0 0.6983333333333334 0.195 0.04 0.15
0 0.5625 0.165 0.028333333333333332 0.11
0 0.63 0.1875 0.03333333333333333 0.13
0 0.51 0.19125 0.03666666666666667 0.1425
0 0.48083333333333333 0.18 0.041666666666666664 0.15
0 0.455 0.1475 0.023333333333333334 0.095
0 0.44666666666666666 0.2125 0.016666666666666666 0.07
0 0.42833333333333334 0.17 0.023333333333333334 0.095
0 0.3933333333333333 0.1725 0.03 0.115
0 0.37916666666666665 0.2075 0.011666666666666667 0.05
0 0.5958333333333333 0.085 0.015 0.055
0 0.6208333333333333 0.155 0.021666666666666667 0.085
0 0.6666666666666666 0.10125 0.013333333333333334 0.0575
0 0.9833333333333333 0.0725 0.016666666666666666 0.06
0 0.6533333333333333 0.18625 0.04 0.1475
0 0.31666666666666665 0.1875 0.03333333333333333 0.125
0 0.2608333333333333 0.19875 0.035 0.1375
0 0.23666666666666666 0.1875 0.04666666666666667 0.17
0 0.545 0.1525 0.023333333333333334 0.085
0 0.5816666666666667 0.0925 0.01 0.045
0 0.20416666666666666 0.19375 0.03833333333333333 0.1475
0 0.18916666666666668 0.25 0.045 0.165
0 0.1675 0.2 0.041666666666666664 0.15
0 0.13416666666666666 0.205 0.035 0.135
0 0.12 0.235 0.03 0.11
0 0.09083333333333334 0.2225 0.025 0.1
0 0.04833333333333333 0.21 0.04666666666666667 0.17
0 0.06833333333333333 0.19 0.043333333333333335 0.165
0 0.10666666666666667 0.13875 0.03 0.1125
0 0.19083333333333333 0.09625 0.021666666666666667 0.0875
0 0.21916666666666668 0.175 0.03166666666666667 0.115
0 0.008333333333333333 0.23875 0.016666666666666666 0.0975
0 0.011666666666666667 0.19875 0.023333333333333334 0.1475
0 0.028333333333333332 0.1875 0.043333333333333335 0.16
2 0.1025 0.44375 0.03833333333333333 0.1025
2 0.24166666666666667 0.44375 0.04 0.0725
2 0.405 0.45125 0.043333333333333335 0.0625
2 0.22583333333333333 0.62625 0.058333333333333334 0.0825
2 0.3575 0.66125 0.051666666666666666 0.1375
2 0.5658333333333333 0.74875 0.06166666666666667 0.0875
2 0.7866666666666666 0.81625 0.07666666666666666 0.0825
2 0.9766666666666667 0.94375 0.043333333333333335 0.0975
2 0.5908333333333333 0.24125 0.028333333333333332 0.0575
2 0.8725 0.13125 0.021666666666666667 0.0425
2 0.555 0.235 0.03 0.06
2 0.98 0.13125 0.03333333333333333 0.0575
2 0.9425 0.2425 0.025 0.105
2 0.7283333333333334 0.09 0.023333333333333334 0.04
2 0.7758333333333334 0.09375 0.021666666666666667 0.0375
2 0.3475 0.1975 0.021666666666666667 0.055
2 0.3375 0.24875 0.035 0.0525
4 0.5391666666666667 0.06875 0.021666666666666667 0.0275
4 0.43166666666666664 0.0875 0.016666666666666666 0.025
4 0.42833333333333334 0.10875 0.016666666666666666 0.0225
4 0.3275 0.11 0.03833333333333333 0.03
4 0.18666666666666668 0.02875 0.03333333333333333 0.0475
