0 0.04454545454545455 0.7105978260869565 0.06727272727272728 0.25271739130434784
0 0.09363636363636364 0.7146739130434783 0.06727272727272728 0.24456521739130435
0 0.1318181818181818 0.717391304347826 0.06363636363636363 0.2391304347826087
0 0.18727272727272729 0.720108695652174 0.06181818181818182 0.23369565217391305
0 0.22272727272727272 0.7241847826086957 0.06 0.22554347826086957
0 0.2590909090909091 0.7160326086956522 0.06 0.22554347826086957
0 0.3 0.7065217391304348 0.06545454545454546 0.2391304347826087
0 0.33636363636363636 0.6997282608695652 0.06545454545454546 0.24728260869565216
0 0.3663636363636364 0.7024456521739131 0.06363636363636363 0.2418478260869565
0 0.3927272727272727 0.7092391304347826 0.06545454545454546 0.24456521739130435
0 0.4290909090909091 0.7133152173913043 0.06181818181818182 0.23097826086956522
0 0.48 0.7051630434782609 0.06545454545454546 0.2418478260869565
0 0.519090909090909 0.7065217391304348 0.06363636363636363 0.2391304347826087
0 0.5581818181818182 0.7038043478260869 0.06545454545454546 0.24456521739130435
0 0.6018181818181818 0.7105978260869565 0.05818181818181818 0.22010869565217392
0 0.6336363636363637 0.7024456521739131 0.06363636363636363 0.23641304347826086
0 0.66 0.7038043478260869 0.06545454545454546 0.24456521739130435
0 0.6754545454545454 0.6970108695652174 0.07090909090909091 0.25815217391304346
0 0.7118181818181818 0.7133152173913043 0.06363636363636363 0.23641304347826086
0 0.7490909090909091 0.7119565217391305 0.06545454545454546 0.2391304347826087
0 0.7836363636363637 0.7160326086956522 0.06181818181818182 0.23097826086956522
0 0.8090909090909091 0.71875 0.06545454545454546 0.2418478260869565
0 0.850909090909091 0.7214673913043478 0.06545454545454546 0.2418478260869565
0 0.8845454545454545 0.717391304347826 0.06727272727272728 0.24456521739130435
0 0.9363636363636364 0.7160326086956522 0.06545454545454546 0.2418478260869565
0 0.9718181818181818 0.7309782608695652 0.056363636363636366 0.22282608695652173
0 0.27090909090909093 0.12228260869565218 0.01090909090909091 0.03804347826086957
4 0.16272727272727272 0.21875 0.06 0.051630434782608696
4 0.21272727272727274 0.22554347826086957 0.01090909090909091 0.021739130434782608
4 0.24 0.21875 0.014545454545454545 0.035326086956521736
