0 0.9141666666666667 0.61875 0.105 0.3825
0 0.8383333333333334 0.6275 0.1 0.365
0 0.76 0.635 0.09 0.335
0 0.6891666666666667 0.63875 0.09166666666666666 0.3375
0 0.625 0.6225 0.1 0.365
0 0.5616666666666666 0.6275 0.1 0.365
0 0.4975 0.63875 0.09833333333333333 0.3675
0 0.4266666666666667 0.63875 0.1 0.3675
0 0.35583333333333333 0.65375 0.09833333333333333 0.3575
0 0.2916666666666667 0.66375 0.09333333333333334 0.3425
0 0.21916666666666668 0.65625 0.09833333333333333 0.3625
0 0.1475 0.66125 0.09833333333333333 0.3575
0 0.06583333333333333 0.67375 0.095 0.3475
4 0.24416666666666667 0.52 0.03166666666666667 0.035
