0 0.09699248120300752 0.5383747178329571 0.019548872180451128 0.0744920993227991
0 0.39323308270676693 0.618510158013544 0.0887218045112782 0.3295711060948081
0 0.4421052631578947 0.5485327313769752 0.042105263157894736 0.15349887133182843
0 0.5060150375939849 0.6523702031602708 0.13984962406015036 0.510158013544018
0 0.6323308270676692 0.5383747178329571 0.03759398496240601 0.14221218961625282
0 0.575187969924812 0.5214446952595937 0.02556390977443609 0.09932279909706546
0 0.6157894736842106 0.5846501128668171 0.022556390977443608 0.09029345372460497
0 0.4631578947368421 0.5304740406320542 0.03007518796992481 0.10835214446952596
0 0.29849624060150376 0.5349887133182845 0.031578947368421054 0.12189616252821671
0 0.281203007518797 0.5293453724604966 0.02406015037593985 0.08803611738148984
0 0.23609022556390977 0.5146726862302483 0.012030075187969926 0.04966139954853273
0 0.9278195488721804 0.5970654627539503 0.081203007518797 0.29571106094808125
0 0.9601503759398496 0.5812641083521445 0.055639097744360905 0.20993227990970656
0 0.856390977443609 0.5327313769751693 0.04661654135338346 0.17607223476297967
0 0.793984962406015 0.510158013544018 0.021052631578947368 0.08126410835214447
0 0.8383458646616542 0.5045146726862303 0.022556390977443608 0.0835214446952596
0 0.8729323308270677 0.5237020316027088 0.022556390977443608 0.08126410835214447
0 0.9894736842105263 0.5451467268623025 0.021052631578947368 0.14672686230248308
0 0.6729323308270677 0.518058690744921 0.016541353383458645 0.060948081264108354
0 0.7451127819548872 0.5045146726862303 0.013533834586466165 0.05191873589164785
0 0.5947368421052631 0.518058690744921 0.019548872180451128 0.06997742663656885
0 0.33458646616541354 0.5112866817155757 0.016541353383458645 0.0654627539503386
0 0.20225563909774436 0.5372460496613995 0.013533834586466165 0.04966139954853273
0 0.17669172932330826 0.5304740406320542 0.010526315789473684 0.045146726862302484
0 0.07443609022556391 0.5191873589164786 0.010526315789473684 0.045146726862302484
0 0.03684210526315789 0.5248306997742663 0.013533834586466165 0.056433408577878104
2 0.061654135338345864 0.6049661399548533 0.06015037593984962 0.05417607223476298
2 0.2774436090225564 0.6512415349887133 0.04360902255639098 0.0654627539503386
2 0.25413533834586466 0.590293453724605 0.039097744360902256 0.056433408577878104
2 0.06842105263157895 0.5632054176072234 0.02857142857142857 0.033860045146726865
2 0.1631578947368421 0.5417607223476298 0.013533834586466165 0.03611738148984198
2 0.14586466165413534 0.5270880361173815 0.021052631578947368 0.056433408577878104
2 0.02180451127819549 0.5654627539503386 0.022556390977443608 0.033860045146726865
2 0.015037593984962405 0.5203160270880361 0.015037593984962405 0.04288939051918736
2 0.02706766917293233 0.518058690744921 0.012030075187969926 0.03837471783295711
2 0.06090225563909774 0.510158013544018 0.016541353383458645 0.040632054176072234
4 0.8180451127819549 0.5022573363431151 0.02706766917293233 0.056433408577878104
4 0.7684210526315789 0.46275395033860045 0.015037593984962405 0.03160270880361174
4 0.7842105263157895 0.45936794582392776 0.013533834586466165 0.033860045146726865
4 0.7691729323308271 0.49887133182844245 0.03458646616541353 0.04966139954853273
4 0.7090225563909774 0.49887133182844245 0.04962406015037594 0.045146726862302484
4 0.649624060150376 0.49774266365688485 0.02706766917293233 0.029345372460496615
4 0.6759398496240602 0.48306997742663654 0.010526315789473684 0.02708803611738149
4 0.6977443609022557 0.46275395033860045 0.02706766917293233 0.02708803611738149
4 0.6473684210526316 0.46275395033860045 0.010526315789473684 0.022573363431151242
4 0.5894736842105263 0.45936794582392776 0.021052631578947368 0.020316027088036117
4 0.6142857142857143 0.4582392776523702 0.016541353383458645 0.022573363431151242
4 0.256390977443609 0.5158013544018059 0.031578947368421054 0.056433408577878104
4 0.4195488721804511 0.4932279909706546 0.02706766917293233 0.029345372460496615
4 0.3165413533834586 0.510158013544018 0.02857142857142857 0.03160270880361174
4 0.11578947368421053 0.518058690744921 0.01804511278195489 0.029345372460496615
4 0.1255639097744361 0.5598194130925508 0.016541353383458645 0.02708803611738149
4 0.20827067669172933 0.5011286681715575 0.03759398496240601 0.02708803611738149
