0 0.3125 0.585820895522388 0.15166666666666667 0.5597014925373134
0 0.1975 0.5485074626865671 0.125 0.4601990049751244
0 0.135 0.5149253731343284 0.11 0.39800995024875624
0 0.06333333333333334 0.49129353233830847 0.09666666666666666 0.36069651741293535
0 0.03333333333333333 0.47139303482587064 0.06666666666666667 0.32587064676616917
0 0.9691666666666666 0.5410447761194029 0.06166666666666667 0.4154228855721393
0 0.7908333333333334 0.5808457711442786 0.145 0.5348258706467661
0 0.9491666666666667 0.49129353233830847 0.08833333333333333 0.3208955223880597
0 0.8766666666666667 0.40671641791044777 0.04666666666666667 0.17164179104477612
0 0.91 0.458955223880597 0.06666666666666667 0.24129353233830847
0 0.8341666666666666 0.5199004975124378 0.10166666666666667 0.373134328358209
0 0.69 0.4962686567164179 0.09 0.3308457711442786
0 0.6091666666666666 0.5447761194029851 0.12166666666666667 0.4427860696517413
0 0.5058333333333334 0.5161691542288557 0.10833333333333334 0.40049751243781095
0 0.5841666666666666 0.4689054726368159 0.08166666666666667 0.3009950248756219
0 0.4708333333333333 0.4539800995024876 0.075 0.27611940298507465
0 0.39916666666666667 0.49502487562189057 0.095 0.35323383084577115
0 0.73 0.4191542288557214 0.04666666666666667 0.17164179104477612
0 0.6716666666666666 0.046019900497512436 0.023333333333333334 0.09203980099502487
2 0.11416666666666667 0.3383084577114428 0.025 0.06965174129353234
2 0.17833333333333334 0.3407960199004975 0.02 0.06965174129353234
2 0.24666666666666667 0.3308457711442786 0.04 0.06467661691542288
2 0.5933333333333334 0.046019900497512436 0.04 0.08706467661691543
2 0.5583333333333333 0.04477611940298507 0.03 0.08955223880597014
2 0.5283333333333333 0.04228855721393035 0.03 0.0845771144278607
2 0.495 0.04228855721393035 0.03333333333333333 0.0845771144278607
2 0.46416666666666667 0.04477611940298507 0.028333333333333332 0.08955223880597014
2 0.43416666666666665 0.043532338308457715 0.03166666666666667 0.08208955223880597
2 0.4058333333333333 0.041044776119402986 0.025 0.08208955223880597
2 0.37416666666666665 0.03855721393034826 0.035 0.07711442786069651
2 0.3408333333333333 0.036069651741293535 0.035 0.07213930348258707
2 0.3075 0.036069651741293535 0.03166666666666667 0.07213930348258707
2 0.275 0.036069651741293535 0.03333333333333333 0.07213930348258707
2 0.24333333333333335 0.03482587064676617 0.03 0.06965174129353234
2 0.20916666666666667 0.03109452736318408 0.035 0.06218905472636816
2 0.17833333333333334 0.028606965174129355 0.02666666666666667 0.05721393034825871
2 0.1375 0.04477611940298507 0.025 0.0845771144278607
2 0.10583333333333333 0.04477611940298507 0.041666666666666664 0.0845771144278607
2 0.06666666666666667 0.03855721393034826 0.03666666666666667 0.07711442786069651
2 0.0325 0.03731343283582089 0.028333333333333332 0.07462686567164178
2 0.009166666666666667 0.03855721393034826 0.018333333333333333 0.07711442786069651
2 0.7008333333333333 0.012437810945273632 0.021666666666666667 0.024875621890547265
2 0.7283333333333334 0.014925373134328358 0.023333333333333334 0.029850746268656716
2 0.7191666666666666 0.05099502487562189 0.028333333333333332 0.06218905472636816
2 0.7508333333333334 0.04975124378109453 0.028333333333333332 0.06965174129353234
2 0.7791666666666667 0.048507462686567165 0.021666666666666667 0.06716417910447761
2 0.8083333333333333 0.05223880597014925 0.03 0.0845771144278607
2 0.8391666666666666 0.05721393034825871 0.025 0.07960199004975124
2 0.865 0.053482587064676616 0.023333333333333334 0.06218905472636816
2 0.8933333333333333 0.053482587064676616 0.03 0.06716417910447761
2 0.9241666666666667 0.05721393034825871 0.03166666666666667 0.07462686567164178
2 0.95 0.05223880597014925 0.02666666666666667 0.06965174129353234
2 0.9791666666666666 0.053482587064676616 0.025 0.06716417910447761
2 0.9758333333333333 0.35323383084577115 0.015 0.05472636815920398
2 0.5775 0.34328358208955223 0.03166666666666667 0.06467661691542288
4 0.865 0.011194029850746268 0.24666666666666667 0.022388059701492536
