0 0.03833333333333333 0.6857707509881423 0.06 0.35968379446640314
0 0.0975 0.6719367588932806 0.06833333333333333 0.3952569169960474
0 0.14166666666666666 0.6067193675889329 0.043333333333333335 0.2648221343873518
0 0.20583333333333334 0.6225296442687747 0.045 0.2727272727272727
0 0.2525 0.6264822134387352 0.045 0.2727272727272727
0 0.2825 0.6739130434782609 0.065 0.37549407114624506
0 0.3416666666666667 0.6719367588932806 0.07 0.4189723320158103
0 0.35333333333333333 0.6324110671936759 0.05333333333333334 0.308300395256917
0 0.42083333333333334 0.616600790513834 0.055 0.3241106719367589
0 0.4866666666666667 0.5454545454545454 0.03333333333333333 0.18972332015810275
0 0.5558333333333333 0.6798418972332015 0.075 0.43478260869565216
0 0.62 0.6719367588932806 0.07666666666666666 0.45849802371541504
0 0.5858333333333333 0.616600790513834 0.055 0.33201581027667987
0 0.53 0.5474308300395256 0.03 0.1857707509881423
0 0.4716666666666667 0.549407114624506 0.02666666666666667 0.16600790513833993
0 0.455 0.5434782608695652 0.03 0.1857707509881423
0 0.44166666666666665 0.549407114624506 0.03333333333333333 0.18972332015810275
0 0.42583333333333334 0.5296442687747036 0.03166666666666667 0.18181818181818182
0 0.38666666666666666 0.5573122529644269 0.03333333333333333 0.20553359683794467
0 0.305 0.5770750988142292 0.03666666666666667 0.22134387351778656
0 0.6566666666666666 0.5928853754940712 0.05333333333333334 0.308300395256917
0 0.8183333333333334 0.6818181818181818 0.08666666666666667 0.5098814229249012
0 0.8641666666666666 0.5830039525691699 0.058333333333333334 0.3359683794466403
0 0.9233333333333333 0.650197628458498 0.09 0.525691699604743
0 0.8783333333333333 0.5652173913043478 0.056666666666666664 0.33992094861660077
0 0.7558333333333334 0.5296442687747036 0.041666666666666664 0.2450592885375494
0 0.735 0.5355731225296443 0.03333333333333333 0.19367588932806323
0 0.7016666666666667 0.5158102766798419 0.03333333333333333 0.19367588932806323
0 0.69 0.525691699604743 0.03333333333333333 0.18972332015810275
0 0.1 0.6106719367588933 0.04666666666666667 0.2727272727272727
0 0.025 0.6383399209486166 0.05 0.2964426877470356
0 0.0125 0.650197628458498 0.025 0.2727272727272727
0 0.2175 0.5434782608695652 0.028333333333333332 0.16996047430830039
0 0.24416666666666667 0.5849802371541502 0.041666666666666664 0.23715415019762845
0 0.2725 0.5830039525691699 0.03166666666666667 0.19367588932806323
2 0.9775 0.5632411067193676 0.028333333333333332 0.1225296442687747
2 0.9491666666666667 0.5652173913043478 0.028333333333333332 0.11857707509881422
2 0.51 0.6047430830039525 0.02666666666666667 0.07114624505928854
2 0.16833333333333333 0.6442687747035574 0.03666666666666667 0.18972332015810275
2 0.18583333333333332 0.48221343873517786 0.011666666666666667 0.05533596837944664
2 0.19666666666666666 0.49604743083003955 0.01 0.05138339920948617
2 0.35333333333333333 0.47035573122529645 0.016666666666666666 0.03162055335968379
2 0.375 0.48221343873517786 0.013333333333333334 0.06324110671936758
