0 0.13153846153846155 0.6447811447811448 0.1123076923076923 0.6026936026936027
0 0.09 0.6346801346801347 0.1 0.5353535353535354
0 0.06307692307692307 0.6212121212121212 0.08923076923076922 0.48148148148148145
0 0.04384615384615385 0.6127946127946128 0.08461538461538462 0.46464646464646464
0 0.1976923076923077 0.6414141414141414 0.10307692307692308 0.5555555555555556
0 0.27153846153846156 0.632996632996633 0.1 0.5387205387205387
0 0.23692307692307693 0.6296296296296297 0.09230769230769231 0.49158249158249157
0 0.3830769230769231 0.6363636363636364 0.09846153846153846 0.5252525252525253
0 0.44461538461538463 0.632996632996633 0.08923076923076922 0.48484848484848486
0 0.031538461538461536 0.5824915824915825 0.06307692307692307 0.4377104377104377
0 0.023076923076923078 0.5858585858585859 0.046153846153846156 0.40404040404040403
0 0.15846153846153846 0.6397306397306397 0.09538461538461539 0.5185185185185185
0 0.3192307692307692 0.6262626262626263 0.0876923076923077 0.4713804713804714
0 0.4269230769230769 0.6245791245791246 0.07846153846153846 0.4208754208754209
0 0.49846153846153846 0.6296296296296297 0.08615384615384615 0.46464646464646464
0 0.5438461538461539 0.6245791245791246 0.08153846153846153 0.43434343434343436
0 0.47846153846153844 0.6195286195286195 0.07384615384615385 0.39730639730639733
0 0.3507692307692308 0.6212121212121212 0.08 0.4276094276094276
0 0.7584615384615384 0.5791245791245792 0.06769230769230769 0.37037037037037035
0 0.6938461538461539 0.6195286195286195 0.06769230769230769 0.37037037037037035
0 0.6569230769230769 0.6127946127946128 0.07076923076923076 0.39057239057239057
0 0.6169230769230769 0.6178451178451179 0.07384615384615385 0.3939393939393939
0 0.5761538461538461 0.6262626262626263 0.07846153846153846 0.4175084175084175
0 0.6369230769230769 0.6178451178451179 0.06153846153846154 0.3333333333333333
0 0.5207692307692308 0.6212121212121212 0.07230769230769231 0.3939393939393939
0 0.2976923076923077 0.6245791245791246 0.08153846153846153 0.4478114478114478
0 0.8946153846153846 0.5168350168350169 0.007692307692307693 0.04377104377104377
0 0.84 0.5235690235690236 0.009230769230769232 0.050505050505050504
0 0.7953846153846154 0.5168350168350169 0.012307692307692308 0.06397306397306397
2 0.11461538461538462 0.41414141414141414 0.013846153846153847 0.08754208754208755
2 0.18076923076923077 0.4208754208754209 0.023076923076923078 0.09427609427609428
2 0.31 0.4377104377104377 0.010769230769230769 0.07407407407407407
2 0.34384615384615386 0.4511784511784512 0.016923076923076923 0.08080808080808081
2 0.3946153846153846 0.44612794612794615 0.010769230769230769 0.06397306397306397
2 0.9861538461538462 0.6414141414141414 0.021538461538461538 0.10437710437710437
2 0.9553846153846154 0.6313131313131313 0.027692307692307693 0.1111111111111111
2 0.9315384615384615 0.6346801346801347 0.016923076923076923 0.10437710437710437
2 0.8769230769230769 0.6313131313131313 0.018461538461538463 0.09090909090909091
2 0.8569230769230769 0.6262626262626263 0.021538461538461538 0.09427609427609428
2 0.8292307692307692 0.6195286195286195 0.03076923076923077 0.10774410774410774
2 0.8007692307692308 0.6195286195286195 0.026153846153846153 0.08754208754208755
2 0.78 0.6178451178451179 0.015384615384615385 0.09090909090909091
2 0.7246153846153847 0.6077441077441077 0.024615384615384615 0.09090909090909091
2 0.9046153846153846 0.6313131313131313 0.033846153846153845 0.09764309764309764
4 0.6007692307692307 0.468013468013468 0.016923076923076923 0.05387205387205387
4 0.5323076923076923 0.4612794612794613 0.012307692307692308 0.05387205387205387
4 0.4107692307692308 0.45286195286195285 0.015384615384615385 0.05723905723905724
4 0.4684615384615385 0.44612794612794615 0.010769230769230769 0.07744107744107744
4 0.25769230769230766 0.4225589225589226 0.010769230769230769 0.0707070707070707
4 0.9553846153846154 0.5622895622895623 0.08307692307692308 0.06060606060606061
4 0.8815384615384615 0.5622895622895623 0.06461538461538462 0.04713804713804714
4 0.8238461538461539 0.5589225589225589 0.04461538461538461 0.04713804713804714
4 0.7815384615384615 0.5572390572390572 0.018461538461538463 0.037037037037037035
