0 0.24453125 0.46078431372549017 0.0390625 0.15196078431372548
0 0.01953125 0.5024509803921569 0.0390625 0.20588235294117646
0 0.05 0.5073529411764706 0.071875 0.27941176470588236
0 0.1859375 0.5159313725490197 0.0625 0.23774509803921567
0 0.0921875 0.5600490196078431 0.071875 0.2818627450980392
0 0.14375 0.6666666666666666 0.1 0.38235294117647056
0 0.43984375 0.6776960784313726 0.1109375 0.4338235294117647
0 0.33046875 0.5098039215686274 0.0671875 0.2549019607843137
0 0.28203125 0.43137254901960786 0.0328125 0.12745098039215685
0 0.34765625 0.45588235294117646 0.0515625 0.19607843137254902
0 0.44453125 0.508578431372549 0.0578125 0.22303921568627452
0 0.5453125 0.49142156862745096 0.0625 0.2426470588235294
0 0.6375 0.5968137254901961 0.071875 0.2818627450980392
0 0.79921875 0.7230392156862745 0.1296875 0.5049019607843137
0 0.734375 0.5441176470588235 0.08125 0.31862745098039214
0 0.94375 0.5637254901960784 0.071875 0.27941176470588236
0 0.903125 0.4791666666666667 0.059375 0.22794117647058823
0 0.8109375 0.41911764705882354 0.01875 0.0784313725490196
0 0.96484375 0.37254901960784315 0.0171875 0.07352941176470588
0 0.87890625 0.40808823529411764 0.0328125 0.12990196078431374
0 0.77421875 0.38480392156862747 0.0203125 0.08333333333333333
0 0.7 0.4644607843137255 0.05625 0.21323529411764705
0 0.63515625 0.40441176470588236 0.0203125 0.08333333333333333
0 0.5765625 0.41911764705882354 0.025 0.10294117647058823
0 0.98515625 0.4424019607843137 0.0296875 0.19362745098039216
0 0.83359375 0.3786764705882353 0.0171875 0.07107843137254902
0 0.6578125 0.4215686274509804 0.040625 0.1568627450980392
0 0.5171875 0.4264705882352941 0.03125 0.11764705882352941
0 0.4796875 0.44607843137254904 0.04375 0.17647058823529413
0 0.4390625 0.39338235294117646 0.01875 0.08088235294117647
0 0.58984375 0.36887254901960786 0.0140625 0.056372549019607844
0 0.67734375 0.36151960784313725 0.0140625 0.056372549019607844
0 0.44921875 0.3786764705882353 0.0140625 0.061274509803921566
0 0.38828125 0.38848039215686275 0.0203125 0.0857843137254902
0 0.37265625 0.43137254901960786 0.0359375 0.14215686274509803
0 0.28828125 0.3872549019607843 0.0171875 0.07352941176470588
0 0.31328125 0.35661764705882354 0.0078125 0.031862745098039214
0 0.4140625 0.3897058823529412 0.025 0.09803921568627451
0 0.228125 0.44485294117647056 0.0375 0.14460784313725492
0 0.1296875 0.4411764705882353 0.03125 0.12745098039215685
0 0.18671875 0.3897058823529412 0.0234375 0.09313725490196079
0 0.140625 0.375 0.0125 0.05392156862745098
2 0.928125 0.3602941176470588 0.01875 0.04411764705882353
2 0.0125 0.375 0.025 0.058823529411764705
4 0.73984375 0.3480392156862745 0.0546875 0.058823529411764705
4 0.80234375 0.3382352941176471 0.0453125 0.049019607843137254
4 0.85703125 0.34191176470588236 0.0234375 0.03676470588235294
4 0.90078125 0.3382352941176471 0.0328125 0.04411764705882353
4 0.83515625 0.3272058823529412 0.0203125 0.02696078431372549
4 0.69609375 0.33578431372549017 0.0296875 0.03431372549019608
4 0.63046875 0.3321078431372549 0.0859375 0.031862745098039214
4 0.55703125 0.3382352941176471 0.0546875 0.049019607843137254
4 0.496875 0.3382352941176471 0.065625 0.04411764705882353
4 0.44609375 0.33455882352941174 0.0328125 0.02696078431372549
4 0.41328125 0.3333333333333333 0.0296875 0.0196078431372549
4 0.38125 0.3394607843137255 0.034375 0.031862745098039214
4 0.340625 0.34191176470588236 0.05 0.02696078431372549
4 0.296875 0.3480392156862745 0.025 0.03431372549019608
4 0.24375 0.35171568627450983 0.071875 0.041666666666666664
4 0.1609375 0.35294117647058826 0.034375 0.05392156862745098
4 0.06484375 0.3713235294117647 0.0234375 0.03676470588235294
4 0.08671875 0.3590686274509804 0.0296875 0.031862745098039214
4 0.1078125 0.3897058823529412 0.0125 0.03431372549019608
4 0.1171875 0.35294117647058826 0.03125 0.0392156862745098
