0 0.06333333333333334 0.5893300248138957 0.10666666666666667 0.3945409429280397
0 0.15833333333333333 0.8684863523573201 0.07 0.2531017369727047
0 0.16 0.5769230769230769 0.08333333333333333 0.3002481389578164
0 0.23833333333333334 0.6054590570719603 0.10333333333333333 0.3771712158808933
0 0.3275 0.5880893300248139 0.10833333333333334 0.3920595533498759
0 0.4175 0.6054590570719603 0.105 0.3870967741935484
0 0.49583333333333335 0.6029776674937966 0.10166666666666667 0.37220843672456577
0 0.57 0.609181141439206 0.10333333333333333 0.38461538461538464
0 0.6583333333333333 0.6265508684863523 0.09666666666666666 0.3598014888337469
0 0.74 0.6191066997518611 0.10666666666666667 0.3945409429280397
0 0.8466666666666667 0.6253101736972705 0.11 0.3970223325062035
0 0.9416666666666667 0.6178660049627791 0.10333333333333333 0.38213399503722084
2 0.8733333333333333 0.9652605459057072 0.08666666666666667 0.05955334987593052
2 0.43333333333333335 0.9615384615384616 0.09 0.06699751861042183
2 0.0925 0.9590570719602978 0.075 0.07196029776674938
