0 0.228125 0.2231638418079096 0.14375 0.423728813559322
0 0.05546875 0.2391713747645951 0.1109375 0.4143126177024482
1 0.13515625 0.21563088512241055 0.0859375 0.2580037664783427
1 0.32734375 0.1958568738229755 0.0828125 0.24858757062146894
1 0.49375 0.17325800376647835 0.090625 0.2711864406779661
1 0.63984375 0.1807909604519774 0.0953125 0.2824858757062147
1 0.82578125 0.1544256120527307 0.0796875 0.24105461393596986
1 0.94765625 0.18455743879472694 0.1046875 0.3314500941619586
2 0.83046875 0.5875706214689266 0.2828125 0.5160075329566854
2 0.553125 0.4585687382297552 0.203125 0.5668549905838042
2 0.18984375 0.5386064030131826 0.2078125 0.5348399246704332
2 0.41328125 0.632768361581921 0.2328125 0.7269303201506592
