0 0.43905472636815923 0.491 0.11194029850746269 0.226
0 0.6169154228855721 0.648 0.3333333333333333 0.66
0 0.9067164179104478 0.4 0.022388059701492536 0.044
0 0.5509950248756219 0.539 0.21144278606965175 0.414
0 0.5286069651741293 0.339 0.02736318407960199 0.058
0 0.5609452736318408 0.337 0.03233830845771144 0.062
0 0.5049751243781094 0.384 0.03482587064676617 0.076
0 0.35945273631840796 0.425 0.0472636815920398 0.094
0 0.34328358208955223 0.37 0.024875621890547265 0.052
0 0.31218905472636815 0.391 0.04228855721393035 0.082
0 0.26243781094527363 0.393 0.04228855721393035 0.082
0 0.2860696517412935 0.392 0.03482587064676617 0.072
0 0.22885572139303484 0.389 0.04975124378109453 0.098
0 0.2027363184079602 0.393 0.0472636815920398 0.094
0 0.1791044776119403 0.39 0.04975124378109453 0.1
0 0.15671641791044777 0.385 0.05472636815920398 0.114
0 0.12935323383084577 0.389 0.05472636815920398 0.106
0 0.10323383084577115 0.391 0.05223880597014925 0.11
0 0.055970149253731345 0.397 0.05223880597014925 0.102
0 0.029850746268656716 0.385 0.05970149253731343 0.126
0 0.08208955223880597 0.331 0.01990049751243781 0.046
0 0.14427860696517414 0.287 0.029850746268656716 0.058
2 0.7101990049751243 0.403 0.07213930348258707 0.09
2 0.12189054726368159 0.323 0.024875621890547265 0.03
2 0.21766169154228857 0.334 0.022388059701492536 0.024
4 0.818407960199005 0.353 0.07462686567164178 0.042
4 0.9104477611940298 0.348 0.07960199004975124 0.032
4 0.9813432835820896 0.39 0.03233830845771144 0.064
