0 0.0403573629081947 0.6166666666666667 0.07085643869377696 0.26296296296296295
0 0.07424522489217499 0.6157407407407407 0.07332101047443007 0.27037037037037037
0 0.11860751694393099 0.625 0.06839186691312385 0.2518518518518518
0 0.16574245224892176 0.6189814814814815 0.07270486752926679 0.2675925925925926
0 0.19562538508934071 0.6226851851851852 0.06469500924214418 0.23796296296296296
0 0.22520024645717807 0.5712962962962963 0.04251386321626617 0.1574074074074074
0 0.26524953789279115 0.6231481481481481 0.0585335797905114 0.21666666666666667
0 0.314849044978435 0.625462962962963 0.066543438077634 0.24722222222222223
0 0.11028958718422674 0.6162037037037037 0.06900800985828712 0.25462962962962965
0 0.9528650646950092 0.6277777777777778 0.07085643869377696 0.25925925925925924
0 0.904497843499692 0.6296296296296297 0.07147258163894023 0.26296296296296295
0 0.8629081947011706 0.6259259259259259 0.07332101047443007 0.27037037037037037
0 0.8145409735058533 0.6342592592592593 0.06900800985828712 0.2537037037037037
0 0.7606284658040665 0.6208333333333333 0.07578558225508318 0.28055555555555556
0 0.7868145409735059 0.5925925925925926 0.06284658040665435 0.23333333333333334
0 0.7171903881700554 0.5648148148148148 0.036968576709796676 0.13518518518518519
0 0.6802218114602587 0.537962962962963 0.022181146025878003 0.08333333333333333
0 0.6423290203327172 0.5949074074074074 0.04990757855822551 0.18425925925925926
0 0.5868761552680222 0.5958333333333333 0.04867529266789895 0.18055555555555555
0 0.5628465804066544 0.5509259259259259 0.024029574861367836 0.08888888888888889
0 0.5348120764017252 0.5824074074074074 0.04313000616142945 0.16111111111111112
0 0.5083179297597042 0.6222222222222222 0.06531115218730746 0.24259259259259258
0 0.4645717806531115 0.5768518518518518 0.04929143561306223 0.1814814814814815
0 0.6189155884165126 0.4685185185185185 0.012939001848428836 0.04814814814814815
0 0.6167590881084412 0.5449074074074074 0.019716574245224893 0.075
0 0.3767714109673444 0.5055555555555555 0.017868145409735057 0.06481481481481481
0 0.38817005545286504 0.5967592592592592 0.05052372150338879 0.18611111111111112
0 0.35027726432532347 0.5662037037037037 0.031423290203327174 0.11574074074074074
0 0.28373382624768945 0.5087962962962963 0.017868145409735057 0.06759259259259259
0 0.4285274183610598 0.5425925925925926 0.024029574861367836 0.08888888888888889
2 0.2239679605668515 0.6736111111111112 0.06469500924214418 0.19907407407407407
2 0.2874306839186691 0.6759259259259259 0.05730129390018484 0.2
2 0.3333333333333333 0.6291666666666667 0.033271719038817 0.09907407407407408
2 0.36660505237215035 0.6773148148148148 0.03450400492914356 0.18425925925925926
2 0.4162045594577942 0.6787037037037037 0.053604436229205174 0.18888888888888888
2 0.47658656808379546 0.6768518518518518 0.06592729513247074 0.18888888888888888
2 0.5446703635243376 0.6763888888888889 0.06900800985828712 0.19537037037037036
2 0.6105976586568084 0.6763888888888889 0.0640788662969809 0.1935185185185185
2 0.674060382008626 0.6805555555555556 0.056685150955021565 0.2
2 0.7310536044362292 0.6791666666666667 0.0585335797905114 0.20092592592592592
2 0.8043746149106593 0.48518518518518516 0.021565003080714726 0.03888888888888889
2 0.7316697473813925 0.4828703703703704 0.02033271719038817 0.028703703703703703
2 0.6980899568699939 0.48518518518518516 0.019716574245224893 0.03888888888888889
2 0.6777572396796057 0.475462962962963 0.020948860135551448 0.028703703703703703
2 0.6642020948860136 0.49675925925925923 0.019716574245224893 0.03425925925925926
2 0.639864448552064 0.4787037037037037 0.02033271719038817 0.027777777777777776
2 0.6112138016019717 0.49398148148148147 0.016019716574245224 0.028703703703703703
2 0.5834873690696242 0.4597222222222222 0.019716574245224893 0.028703703703703703
2 0.5850277264325323 0.4875 0.019100431300061615 0.028703703703703703
2 0.5625385089340728 0.4828703703703704 0.019716574245224893 0.03425925925925926
2 0.5335797905113987 0.4685185185185185 0.01725200246457178 0.027777777777777776
2 0.5428219346888478 0.49212962962962964 0.014787430683918669 0.025
2 0.511090573012939 0.4837962962962963 0.019100431300061615 0.030555555555555555
2 0.49630314232902034 0.45787037037037037 0.0166358595194085 0.032407407407407406
2 0.49353049907578556 0.5023148148148148 0.013555144793592114 0.03796296296296296
2 0.4550215650030807 0.45694444444444443 0.0166358595194085 0.03425925925925926
2 0.47196549599507087 0.4703703703703704 0.016019716574245224 0.03518518518518519
2 0.4476278496611214 0.4898148148148148 0.015403573629081947 0.037037037037037035
2 0.430067775723968 0.4777777777777778 0.019716574245224893 0.03333333333333333
2 0.3971041281577326 0.4912037037037037 0.01170671595810228 0.028703703703703703
2 0.41035120147874304 0.4962962962962963 0.016019716574245224 0.040740740740740744
2 0.41035120147874304 0.4652777777777778 0.019716574245224893 0.023148148148148147
2 0.3807763401109057 0.45555555555555555 0.019716574245224893 0.03148148148148148
2 0.3419593345656192 0.46296296296296297 0.022181146025878003 0.02962962962962963
2 0.35181762168823166 0.49074074074074076 0.019716574245224893 0.02962962962962963
2 0.3154651879235983 0.48194444444444445 0.01725200246457178 0.030555555555555555
2 0.29852125693160814 0.5027777777777778 0.015403573629081947 0.03148148148148148
2 0.31146025878003697 0.4583333333333333 0.019100431300061615 0.020370370370370372
2 0.28373382624768945 0.4625 0.019100431300061615 0.023148148148148147
2 0.2476894639556377 0.4685185185185185 0.011090573012939002 0.037037037037037035
2 0.25939617991374 0.48055555555555557 0.016019716574245224 0.020370370370370372
2 0.2643253234750462 0.5046296296296297 0.016019716574245224 0.024074074074074074
2 0.21873074553296365 0.45555555555555555 0.01725200246457178 0.03333333333333333
2 0.2350585335797905 0.4777777777777778 0.0166358595194085 0.03333333333333333
2 0.1971657424522489 0.4791666666666667 0.022181146025878003 0.041666666666666664
2 0.14325323475046212 0.513425925925926 0.024029574861367836 0.03796296296296296
4 0.7686383240911892 0.4949074074074074 0.01170671595810228 0.03611111111111111
4 0.7282809611829945 0.5023148148148148 0.01725200246457178 0.023148148148148147
4 0.7304374614910659 0.5254629629629629 0.014171287738755391 0.03425925925925926
4 0.6919285274183611 0.5171296296296296 0.009858287122612447 0.03611111111111111
4 0.6540357362908195 0.5208333333333334 0.012939001848428836 0.041666666666666664
4 0.6284658040665434 0.5013888888888889 0.012322858903265557 0.019444444444444445
