0 0.2099609375 0.45821114369501464 0.06640625 0.24193548387096775
0 0.26171875 0.4626099706744868 0.087890625 0.32111436950146627
0 0.31298828125 0.3709677419354839 0.0185546875 0.07038123167155426
0 0.03369140625 0.3951612903225806 0.0361328125 0.13343108504398826
0 0.0146484375 0.3841642228739003 0.029296875 0.11143695014662756
0 0.04736328125 0.3885630498533724 0.0322265625 0.12316715542521994
0 0.046875 0.24926686217008798 0.009765625 0.03812316715542522
0 0.39306640625 0.46920821114369504 0.0791015625 0.2932551319648094
0 0.41357421875 0.5051319648093842 0.1279296875 0.4706744868035191
0 0.57470703125 0.5344574780058651 0.1591796875 0.5850439882697948
0 0.47412109375 0.532991202346041 0.1259765625 0.46187683284457476
0 0.458984375 0.5102639296187683 0.107421875 0.39589442815249265
0 0.66552734375 0.6114369501466276 0.1787109375 0.656891495601173
0 0.72509765625 0.5043988269794721 0.1162109375 0.4281524926686217
0 0.798828125 0.6187683284457478 0.189453125 0.6950146627565983
0 0.8935546875 0.47653958944281527 0.076171875 0.28152492668621704
0 0.9423828125 0.6517595307917888 0.115234375 0.6876832844574781
0 0.921875 0.6466275659824047 0.15625 0.6920821114369502
0 0.0625 0.25219941348973607 0.009765625 0.03519061583577713
0 0.07568359375 0.2529325513196481 0.0087890625 0.036656891495601175
0 0.09912109375 0.24926686217008798 0.0126953125 0.04985337243401759
0 0.119140625 0.24780058651026393 0.013671875 0.05278592375366569
0 0.13330078125 0.2536656891495601 0.0107421875 0.04105571847507331
0 0.14404296875 0.250733137829912 0.0126953125 0.0469208211143695
0 0.1552734375 0.25733137829912023 0.0078125 0.03372434017595308
0 0.169921875 0.26759530791788855 0.015625 0.05718475073313783
0 0.31201171875 0.27419354838709675 0.0146484375 0.05865102639296188
0 0.29541015625 0.2756598240469208 0.0126953125 0.0469208211143695
0 0.2822265625 0.27419354838709675 0.013671875 0.04985337243401759
0 0.2666015625 0.2727272727272727 0.01171875 0.04398826979472141
0 0.3251953125 0.25733137829912023 0.009765625 0.039589442815249266
0 0.3466796875 0.26392961876832843 0.0078125 0.03225806451612903
0 0.4599609375 0.26099706744868034 0.01171875 0.04398826979472141
0 0.6162109375 0.26173020527859236 0.01171875 0.045454545454545456
0 0.76513671875 0.041788856304985335 0.0087890625 0.036656891495601175
0 0.78271484375 0.04472140762463343 0.0087890625 0.036656891495601175
0 0.79638671875 0.04472140762463343 0.0087890625 0.030791788856304986
0 0.8076171875 0.0469208211143695 0.0078125 0.03225806451612903
0 0.81982421875 0.047653958944281524 0.0087890625 0.03372434017595308
0 0.828125 0.04838709677419355 0.0078125 0.02932551319648094
0 0.86767578125 0.04618768328445748 0.0087890625 0.036656891495601175
0 0.87548828125 0.04985337243401759 0.0087890625 0.03519061583577713
0 0.88525390625 0.04912023460410557 0.0087890625 0.03372434017595308
2 0.89794921875 0.06378299120234604 0.0107421875 0.054252199413489736
2 0.9091796875 0.062316715542521994 0.01171875 0.054252199413489736
2 0.923828125 0.06085043988269795 0.017578125 0.054252199413489736
2 0.94482421875 0.06598240469208211 0.0185546875 0.05278592375366569
2 0.18115234375 0.2565982404692082 0.0146484375 0.04105571847507331
2 0.19677734375 0.2587976539589443 0.0166015625 0.051319648093841645
2 0.21337890625 0.2587976539589443 0.0146484375 0.04252199413489736
2 0.22607421875 0.2536656891495601 0.0126953125 0.03225806451612903
2 0.23974609375 0.2565982404692082 0.0166015625 0.04398826979472141
2 0.04345703125 0.46847507331378296 0.0849609375 0.6524926686217009
4 0.3740234375 0.2661290322580645 0.017578125 0.03372434017595308
4 0.39892578125 0.2536656891495601 0.0283203125 0.02346041055718475
4 0.51220703125 0.30718475073313783 0.0283203125 0.054252199413489736
4 0.439453125 0.3247800586510264 0.01953125 0.045454545454545456
4 0.6630859375 0.28885630498533726 0.05078125 0.08797653958944282
4 0.9912109375 0.07038123167155426 0.015625 0.05278592375366569
4 0.83935546875 0.3379765395894428 0.0322265625 0.0689149560117302
