0 0.243 0.552 0.122 0.39466666666666667
0 0.368 0.43866666666666665 0.064 0.21066666666666667
0 0.46 0.5133333333333333 0.072 0.232
0 0.5 0.5173333333333333 0.088 0.29333333333333333
0 0.536 0.5333333333333333 0.108 0.352
0 0.57 0.508 0.084 0.28
0 0.601 0.552 0.11 0.3626666666666667
0 0.654 0.556 0.136 0.44533333333333336
0 0.699 0.5346666666666666 0.098 0.31733333333333336
0 0.742 0.5893333333333334 0.136 0.44266666666666665
0 0.799 0.5613333333333334 0.126 0.41333333333333333
0 0.858 0.632 0.176 0.5813333333333334
0 0.941 0.6013333333333334 0.118 0.456
0 0.895 0.56 0.122 0.4
2 0.759 0.37866666666666665 0.026 0.048
2 0.782 0.33866666666666667 0.044 0.032
3 0.059 0.456 0.078 0.24533333333333332
4 0.926 0.38266666666666665 0.028 0.072
