0 0.9058333333333334 0.66125 0.035 0.1375
0 0.8658333333333333 0.6625 0.035 0.135
0 0.8191666666666667 0.6625 0.041666666666666664 0.155
0 0.7916666666666666 0.68125 0.056666666666666664 0.2075
0 0.7658333333333334 0.69375 0.051666666666666666 0.1975
0 0.7133333333333334 0.665 0.056666666666666664 0.21
0 0.675 0.67625 0.06 0.2275
0 0.6408333333333334 0.6875 0.06166666666666667 0.225
0 0.6 0.68625 0.06 0.2275
0 0.5625 0.69375 0.06166666666666667 0.2325
0 0.5216666666666666 0.705 0.06333333333333334 0.235
0 0.48333333333333334 0.70125 0.07 0.2625
0 0.4266666666666667 0.69875 0.07333333333333333 0.2675
0 0.38333333333333336 0.7125 0.07 0.255
0 0.32666666666666666 0.7025 0.07 0.26
0 0.2825 0.70125 0.08166666666666667 0.2975
0 0.22916666666666666 0.72125 0.075 0.2725
0 0.18166666666666667 0.71875 0.07666666666666666 0.2875
0 0.13166666666666665 0.69 0.06 0.22
2 0.0775 0.845 0.14166666666666666 0.295
2 0.2125 0.905 0.16833333333333333 0.175
2 0.6 0.93125 0.15666666666666668 0.1325
2 0.7008333333333333 0.87125 0.058333333333333334 0.1325
2 0.7741666666666667 0.87875 0.075 0.1875
2 0.8358333333333333 0.79375 0.06833333333333333 0.1075
2 0.9075 0.825 0.06166666666666667 0.185
2 0.9666666666666667 0.81375 0.06 0.1775
2 0.06916666666666667 0.64375 0.06833333333333333 0.1025
