0 0.23053435114503817 0.6763440860215054 0.1282442748091603 0.44086021505376344
0 0.3251908396946565 0.6483870967741936 0.10687022900763359 0.3720430107526882
0 0.40610687022900765 0.667741935483871 0.06717557251908397 0.23870967741935484
0 0.37251908396946565 0.6365591397849463 0.07022900763358779 0.24516129032258063
0 0.449618320610687 0.6591397849462366 0.06259541984732825 0.221505376344086
0 0.533587786259542 0.6440860215053763 0.12366412213740458 0.42795698924731185
0 0.6122137404580152 0.6397849462365591 0.11297709923664122 0.38924731182795697
0 0.6549618320610687 0.7010752688172043 0.14961832061068703 0.5204301075268817
0 0.7908396946564885 0.6978494623655914 0.11908396946564885 0.410752688172043
0 0.8480916030534351 0.6655913978494624 0.08702290076335878 0.3032258064516129
0 0.9251908396946565 0.678494623655914 0.1251908396946565 0.43655913978494626
0 0.5091603053435114 0.632258064516129 0.06564885496183206 0.22365591397849463
2 0.7519083969465649 0.5301075268817205 0.03816793893129771 0.06666666666666667
