0 0.044 0.33408071748878926 0.064 0.3632286995515695
0 0.162 0.36995515695067266 0.08 0.4349775784753363
0 0.187 0.40358744394618834 0.082 0.45739910313901344
0 0.269 0.35650224215246634 0.074 0.4170403587443946
0 0.341 0.4910313901345291 0.118 0.6591928251121076
0 0.377 0.33856502242152464 0.054 0.3004484304932735
0 0.414 0.30493273542600896 0.056 0.30493273542600896
0 0.446 0.33408071748878926 0.06 0.3273542600896861
0 0.538 0.30269058295964124 0.052 0.2914798206278027
0 0.556 0.3071748878923767 0.06 0.3273542600896861
0 0.638 0.43946188340807174 0.124 0.6816143497757847
0 0.713 0.32062780269058294 0.066 0.3632286995515695
0 0.757 0.34080717488789236 0.058 0.33183856502242154
0 0.836 0.33856502242152464 0.06 0.3452914798206278
0 0.947 0.32062780269058294 0.066 0.3721973094170404
0 0.081 0.25112107623318386 0.026 0.15246636771300448
2 0.27 0.08968609865470852 0.076 0.14349775784753363
4 0.662 0.257847533632287 0.672 0.3632286995515695
