0 0.08 0.6114457831325302 0.14 0.5120481927710844
0 0.045 0.5918674698795181 0.09 0.39457831325301207
0 0.494 0.6686746987951807 0.14 0.5240963855421686
0 0.592 0.48343373493975905 0.036 0.14156626506024098
0 0.622 0.4789156626506024 0.036 0.13253012048192772
0 0.665 0.49698795180722893 0.038 0.15060240963855423
0 0.683 0.48493975903614456 0.03 0.12048192771084337
0 0.81 0.6265060240963856 0.116 0.42771084337349397
0 0.859 0.6039156626506024 0.102 0.37650602409638556
0 0.908 0.6521084337349398 0.148 0.5451807228915663
0 0.949 0.6385542168674698 0.102 0.4457831325301205
0 0.782 0.5286144578313253 0.056 0.21385542168674698
1 0.727 0.5256024096385542 0.054 0.20783132530120482
1 0.156 0.5150602409638554 0.056 0.21686746987951808
1 0.22 0.4789156626506024 0.04 0.1566265060240964
1 0.266 0.46536144578313254 0.032 0.12349397590361445
1 0.297 0.4578313253012048 0.03 0.10843373493975904
4 0.149 0.3870481927710843 0.286 0.11144578313253012
4 0.804 0.42018072289156627 0.384 0.14759036144578314
