0 0.13432835820895522 0.276536312849162 0.1044776119402985 0.39664804469273746
0 0.24067164179104478 0.29329608938547486 0.06343283582089553 0.25139664804469275
0 0.35261194029850745 0.28212290502793297 0.07835820895522388 0.2849162011173184
0 0.503731343283582 0.2569832402234637 0.08955223880597014 0.3463687150837989
0 0.6791044776119403 0.21787709497206703 0.11194029850746269 0.4245810055865922
0 0.8470149253731343 0.27932960893854747 0.08208955223880597 0.3128491620111732
0 0.08582089552238806 0.7541899441340782 0.12686567164179105 0.48044692737430167
0 0.21641791044776118 0.770949720670391 0.11940298507462686 0.44692737430167595
0 0.3358208955223881 0.7653631284916201 0.12686567164179105 0.4581005586592179
0 0.48507462686567165 0.7597765363128491 0.12686567164179105 0.4581005586592179
0 0.6436567164179104 0.7625698324022346 0.12313432835820895 0.45251396648044695
0 0.878731343283582 0.7541899441340782 0.12313432835820895 0.4581005586592179
0 0.417910447761194 0.7821229050279329 0.1044776119402985 0.39106145251396646
2 0.1417910447761194 0.5698324022346368 0.04477611940298507 0.11173184357541899
