0 0.03625 0.525328330206379 0.0725 0.3827392120075047
0 0.100625 0.5121951219512195 0.09625 0.3527204502814259
0 0.07125 0.4727954971857411 0.0825 0.300187617260788
0 0.126875 0.4774859287054409 0.08875 0.32833020637898686
0 0.173125 0.49437148217636023 0.10625 0.3921200750469043
0 0.238125 0.5703564727954972 0.16625 0.6078799249530957
0 0.34 0.5431519699812383 0.155 0.5684803001876173
0 0.44875 0.5553470919324578 0.165 0.6041275797373359
0 0.62625 0.5178236397748592 0.1325 0.4878048780487805
0 0.5125 0.3949343339587242 0.0475 0.17448405253283303
0 0.5425 0.37429643527204504 0.025 0.09568480300187618
0 0.579375 0.3724202626641651 0.02625 0.09943714821763602
0 0.70375 0.49624765478424016 0.1275 0.4709193245778612
0 0.735625 0.5328330206378987 0.17125 0.6303939962476548
0 0.841875 0.3874296435272045 0.03375 0.12195121951219512
0 0.864375 0.38461538461538464 0.03875 0.1425891181988743
0 0.851875 0.3677298311444653 0.03625 0.13133208255159476
0 0.900625 0.44840525328330205 0.09875 0.3677298311444653
0 0.944375 0.47373358348968103 0.11125 0.41838649155722324
2 0.043125 0.3348968105065666 0.04125 0.07692307692307693
2 0.19125 0.30863039399624764 0.02 0.03564727954971857
2 0.36625 0.33677298311444653 0.02 0.054409005628517824
2 0.28 0.3273921200750469 0.0175 0.039399624765478425
2 0.299375 0.3302063789868668 0.01125 0.0300187617260788
2 0.310625 0.33114446529080677 0.01875 0.039399624765478425
