0 0.17545454545454545 0.4838709677419355 0.045454545454545456 0.1935483870967742
0 0.2290909090909091 0.482258064516129 0.04 0.17096774193548386
0 0.26636363636363636 0.4774193548387097 0.038181818181818185 0.17419354838709677
0 0.3090909090909091 0.47580645161290325 0.03272727272727273 0.14516129032258066
0 0.4572727272727273 0.49516129032258066 0.056363636363636366 0.24838709677419354
0 0.5909090909090909 0.48870967741935484 0.05454545454545454 0.24193548387096775
0 0.6481818181818182 0.46774193548387094 0.05272727272727273 0.23870967741935484
0 0.6763636363636364 0.5096774193548387 0.05090909090909091 0.21935483870967742
0 0.730909090909091 0.5129032258064516 0.05090909090909091 0.23225806451612904
0 0.769090909090909 0.5 0.05818181818181818 0.25806451612903225
2 0.9681818181818181 0.5129032258064516 0.038181818181818185 0.12903225806451613
2 0.34454545454545454 0.5177419354838709 0.05272727272727273 0.08709677419354839
2 0.3881818181818182 0.5064516129032258 0.045454545454545456 0.12903225806451613
2 0.026363636363636363 0.5548387096774193 0.05272727272727273 0.17419354838709677
