0 0.1425 0.5365853658536586 0.225 0.7735191637630662
0 0.25375 0.5226480836236934 0.1775 0.6132404181184669
0 0.4075 0.5435540069686411 0.09 0.30662020905923343
0 0.48 0.5313588850174216 0.1 0.33797909407665505
0 0.53375 0.5348432055749129 0.1225 0.42160278745644597
0 0.5675 0.5470383275261324 0.145 0.5017421602787456
0 0.6475 0.5452961672473867 0.185 0.6306620209059234
0 0.7975 0.5592334494773519 0.125 0.42857142857142855
0 0.9075 0.5766550522648084 0.155 0.5261324041811847
0 0.96375 0.5522648083623694 0.0725 0.2961672473867596
0 0.735 0.5348432055749129 0.085 0.2961672473867596
0 0.06125 0.49825783972125437 0.0775 0.26480836236933797
0 0.35875 0.519163763066202 0.0825 0.2857142857142857
2 0.8575 0.4250871080139373 0.04 0.07665505226480836
