0 0.3181159420289855 0.5943181818181819 0.18985507246376812 0.725
0 0.6985507246376812 0.5852272727272727 0.12173913043478261 0.4659090909090909
2 0.5108695652173914 0.5920454545454545 0.06811594202898551 0.19772727272727272
2 0.7782608695652173 0.5943181818181819 0.06086956521739131 0.20227272727272727
2 0.8094202898550724 0.4375 0.042028985507246375 0.075
2 0.5420289855072464 0.42954545454545456 0.028985507246376812 0.05454545454545454
2 0.5753623188405798 0.4340909090909091 0.03188405797101449 0.05454545454545454
2 0.6079710144927536 0.4284090909090909 0.03333333333333333 0.07045454545454545
4 0.2702898550724638 0.1318181818181818 0.5057971014492754 0.21818181818181817
4 0.7123188405797102 0.16590909090909092 0.3869565217391304 0.21363636363636362
