0 0.05 0.495253164556962 0.03 0.0981012658227848
0 0.1425 0.625 0.145 0.4462025316455696
0 0.1975 0.5395569620253164 0.055 0.18037974683544303
0 0.31375 0.5332278481012658 0.0525 0.16772151898734178
0 0.3875 0.5822784810126582 0.095 0.3037974683544304
0 0.52375 0.6629746835443038 0.1575 0.48417721518987344
0 0.4925 0.5727848101265823 0.08 0.2468354430379747
0 0.435 0.5126582278481012 0.03 0.10126582278481013
0 0.6125 0.555379746835443 0.07 0.22468354430379747
0 0.66 0.5537974683544303 0.06 0.18354430379746836
0 0.7225 0.5458860759493671 0.045 0.14873417721518986
0 0.74625 0.6107594936708861 0.1025 0.3227848101265823
0 0.83875 0.5775316455696202 0.0775 0.23734177215189872
0 0.885 0.555379746835443 0.06 0.1930379746835443
0 0.9075 0.5443037974683544 0.06 0.18354430379746836
0 0.77375 0.5189873417721519 0.0425 0.13291139240506328
0 0.2625 0.5110759493670886 0.035 0.11708860759493671
