0 0.9 0.5369718309859155 0.15121951219512195 0.5387323943661971
0 0.8451219512195122 0.4788732394366197 0.12926829268292683 0.4647887323943662
0 0.7853658536585366 0.5915492957746479 0.16097560975609757 0.5633802816901409
0 0.6219512195121951 0.573943661971831 0.17560975609756097 0.6267605633802817
0 0.5975609756097561 0.44014084507042256 0.1024390243902439 0.3591549295774648
0 0.5073170731707317 0.448943661971831 0.1073170731707317 0.38380281690140844
0 0.45975609756097563 0.5686619718309859 0.16829268292682928 0.602112676056338
0 0.4219512195121951 0.43485915492957744 0.0975609756097561 0.3485915492957746
0 0.3573170731707317 0.6038732394366197 0.1926829268292683 0.6866197183098591
0 0.21951219512195122 0.5686619718309859 0.14146341463414633 0.4964788732394366
0 0.16585365853658537 0.4982394366197183 0.12682926829268293 0.4471830985915493
0 0.0951219512195122 0.3961267605633803 0.06829268292682927 0.25
2 0.2914634146341463 0.33098591549295775 0.041463414634146344 0.1056338028169014
4 0.1353658536585366 0.29225352112676056 0.22682926829268293 0.09154929577464789
