0 0.0225 0.6423076923076924 0.025 0.1076923076923077
0 0.03375 0.5307692307692308 0.0225 0.08461538461538462
0 0.075 0.6365384615384615 0.045 0.18076923076923077
0 0.09875 0.5846153846153846 0.0175 0.06923076923076923
0 0.17125 0.7096153846153846 0.0875 0.3423076923076923
0 0.40125 0.8115384615384615 0.0975 0.36923076923076925
0 0.4125 0.6326923076923077 0.075 0.28846153846153844
0 0.5825 0.5846153846153846 0.05 0.2
0 0.61 0.5384615384615384 0.045 0.16923076923076924
0 0.6525 0.7519230769230769 0.105 0.40384615384615385
0 0.6775 0.6480769230769231 0.075 0.28076923076923077
0 0.75375 0.5096153846153846 0.0275 0.11153846153846154
0 0.7875 0.5538461538461539 0.055 0.2076923076923077
0 0.8425 0.551923076923077 0.04 0.15
0 0.88375 0.6346153846153846 0.0725 0.2692307692307692
4 0.85625 0.47307692307692306 0.2075 0.1076923076923077
