0 0.07636363636363637 0.6285266457680251 0.09454545454545454 0.4043887147335423
0 0.1318181818181818 0.5924764890282131 0.08181818181818182 0.3448275862068966
0 0.21181818181818182 0.5611285266457681 0.05272727272727273 0.219435736677116
0 0.24909090909090909 0.5783699059561128 0.06181818181818182 0.2601880877742947
0 0.26454545454545453 0.5877742946708464 0.06363636363636363 0.2727272727272727
0 0.3427272727272727 0.6050156739811913 0.08181818181818182 0.3448275862068966
0 0.3836363636363636 0.5752351097178683 0.06909090909090909 0.29780564263322884
0 0.45 0.554858934169279 0.06727272727272728 0.28213166144200624
0 0.47545454545454546 0.6253918495297806 0.1 0.4231974921630094
0 0.5536363636363636 0.6191222570532915 0.08181818181818182 0.3542319749216301
0 0.5763636363636364 0.5846394984326019 0.07272727272727272 0.3166144200626959
0 0.6354545454545455 0.5689655172413793 0.06 0.25391849529780564
0 0.8290909090909091 0.5846394984326019 0.08 0.335423197492163
0 0.9272727272727272 0.5470219435736677 0.05454545454545454 0.2413793103448276
0 0.9545454545454546 0.5909090909090909 0.08363636363636363 0.3605015673981191
0 0.610909090909091 0.4827586206896552 0.03636363636363636 0.15047021943573669
1 0.75 0.5909090909090909 0.08181818181818182 0.34796238244514105
2 0.16818181818181818 0.5 0.04181818181818182 0.08463949843260188
2 0.3209090909090909 0.4561128526645768 0.034545454545454546 0.08463949843260188
2 0.6354545454545455 0.4231974921630094 0.034545454545454546 0.06269592476489028
