0 0.10144927536231885 0.41559485530546625 0.05253623188405797 0.23311897106109325
0 0.19927536231884058 0.40434083601286175 0.04891304347826087 0.2170418006430868
0 0.2957427536231884 0.3979099678456592 0.044384057971014496 0.1945337620578778
0 0.3894927536231884 0.38022508038585207 0.03804347826086957 0.16881028938906753
0 0.4528985507246377 0.4364951768488746 0.06159420289855073 0.2652733118971061
0 0.5126811594202898 0.3866559485530547 0.050724637681159424 0.2202572347266881
0 0.5439311594202898 0.4067524115755627 0.06068840579710145 0.26366559485530544
0 0.5887681159420289 0.3633440514469453 0.034420289855072464 0.14790996784565916
0 0.6218297101449275 0.3995176848874598 0.05344202898550725 0.23311897106109325
0 0.6657608695652174 0.3890675241157556 0.04710144927536232 0.2090032154340836
0 0.7146739130434783 0.3778135048231511 0.041666666666666664 0.1832797427652733
0 0.7672101449275363 0.36977491961414793 0.03985507246376811 0.17363344051446947
0 0.7975543478260869 0.35610932475884244 0.035326086956521736 0.1527331189710611
0 0.8206521739130435 0.3520900321543408 0.036231884057971016 0.15755627009646303
0 0.876358695652174 0.3657556270096463 0.04800724637681159 0.21061093247588425
0 0.936141304347826 0.36736334405144694 0.042572463768115944 0.18810289389067525
0 0.978713768115942 0.31913183279742763 0.024456521739130436 0.11093247588424437
0 0.03170289855072464 0.407556270096463 0.03985507246376811 0.1752411575562701
0 0.04528985507246377 0.37057877813504825 0.03804347826086957 0.16881028938906753
2 0.024003623188405796 0.44614147909967844 0.042572463768115944 0.10771704180064309
2 0.06340579710144928 0.432475884244373 0.034420289855072464 0.10932475884244373
