0 0.05909090909090909 0.448 0.11818181818181818 0.528
0 0.14 0.38533333333333336 0.09090909090909091 0.328
0 0.19636363636363635 0.39866666666666667 0.08 0.296
0 0.4763636363636364 0.5733333333333334 0.23636363636363636 0.848
0 0.8927272727272727 0.5626666666666666 0.21454545454545454 0.7946666666666666
0 0.5490909090909091 0.5546666666666666 0.18545454545454546 0.6613333333333333
0 0.7054545454545454 0.36666666666666664 0.05818181818181818 0.21066666666666667
0 0.6590909090909091 0.368 0.056363636363636366 0.208
2 0.18272727272727274 0.4666666666666667 0.07818181818181819 0.25066666666666665
2 0.24818181818181817 0.4066666666666667 0.05272727272727273 0.152
2 0.3109090909090909 0.42533333333333334 0.05454545454545454 0.17333333333333334
2 0.3518181818181818 0.46 0.06 0.17333333333333334
2 0.7072727272727273 0.596 0.12 0.3973333333333333
2 0.7554545454545455 0.31733333333333336 0.045454545454545456 0.048
