0 0.885 0.5608308605341247 0.05333333333333334 0.2314540059347181
0 0.8083333333333333 0.6008902077151336 0.08 0.35311572700296734
0 0.7683333333333333 0.5637982195845698 0.056666666666666664 0.2433234421364985
0 0.6658333333333334 0.5712166172106825 0.058333333333333334 0.2522255192878338
0 0.6425 0.5548961424332344 0.04833333333333333 0.20771513353115728
0 0.6008333333333333 0.543026706231454 0.03833333333333333 0.1661721068249258
0 0.5775 0.5504451038575667 0.041666666666666664 0.18694362017804153
0 0.5633333333333334 0.5623145400593472 0.05 0.22255192878338279
0 0.5166666666666667 0.5816023738872403 0.06333333333333334 0.27299703264094954
0 0.4891666666666667 0.5623145400593472 0.041666666666666664 0.18694362017804153
0 0.4666666666666667 0.5341246290801187 0.03 0.13649851632047477
0 0.4216666666666667 0.5727002967359051 0.05333333333333334 0.2314540059347181
0 0.3775 0.5875370919881305 0.065 0.29080118694362017
0 0.3575 0.5608308605341247 0.04833333333333333 0.20771513353115728
0 0.3416666666666667 0.5356083086053413 0.03333333333333333 0.1513353115727003
0 0.30916666666666665 0.5415430267062314 0.03166666666666667 0.14540059347181009
0 0.29333333333333333 0.5771513353115727 0.05333333333333334 0.2344213649851632
0 0.245 0.5682492581602374 0.04666666666666667 0.21068249258160238
0 0.22 0.5905044510385756 0.06666666666666667 0.29080118694362017
0 0.19 0.5504451038575667 0.043333333333333335 0.18694362017804153
0 0.16 0.5801186943620178 0.056666666666666664 0.2522255192878338
0 0.1225 0.5682492581602374 0.051666666666666666 0.22255192878338279
0 0.08666666666666667 0.5623145400593472 0.04666666666666667 0.20474777448071216
0 0.051666666666666666 0.5474777448071216 0.04 0.17507418397626112
0 0.023333333333333334 0.5504451038575667 0.03333333333333333 0.14540059347181009
