0 0.4409090909090909 0.30191256830601093 0.15454545454545454 0.5655737704918032
0 0.6045454545454545 0.27049180327868855 0.10363636363636364 0.3879781420765027
0 0.1690909090909091 0.1953551912568306 0.05090909090909091 0.19398907103825136
0 0.07363636363636364 0.1912568306010929 0.038181818181818185 0.14754098360655737
0 0.046363636363636364 0.20218579234972678 0.05272727272727273 0.1912568306010929
0 0.8636363636363636 0.1871584699453552 0.02909090909090909 0.10655737704918032
0 0.9054545454545454 0.19808743169398907 0.03272727272727273 0.12295081967213115
0 0.22181818181818183 0.20218579234972678 0.04363636363636364 0.16939890710382513
2 0.22363636363636363 0.546448087431694 0.28 0.5409836065573771
2 0.35454545454545455 0.5396174863387978 0.21454545454545454 0.5655737704918032
2 0.5981818181818181 0.5396174863387978 0.24727272727272728 0.592896174863388
2 0.8927272727272727 0.5341530054644809 0.20727272727272728 0.6147540983606558
2 0.2872727272727273 0.22950819672131148 0.05454545454545454 0.1092896174863388
2 0.3209090909090909 0.20491803278688525 0.03090909090909091 0.09289617486338798
2 0.36818181818181817 0.24180327868852458 0.04909090909090909 0.13387978142076504
2 0.5127272727272727 0.22131147540983606 0.04363636363636364 0.09289617486338798
2 0.5381818181818182 0.2103825136612022 0.02909090909090909 0.07103825136612021
2 0.7381818181818182 0.3073770491803279 0.07636363636363637 0.20491803278688525
2 0.7963636363636364 0.296448087431694 0.05090909090909091 0.19398907103825136
2 0.71 0.2062841530054645 0.04181818181818182 0.06830601092896176
4 0.8118181818181818 0.1871584699453552 0.35818181818181816 0.11748633879781421
