0 0.07157894736842105 0.5722222222222222 0.1368421052631579 0.5031746031746032
0 0.14578947368421052 0.5293650793650794 0.11052631578947368 0.40793650793650793
0 0.2305263157894737 0.44126984126984126 0.04631578947368421 0.1746031746031746
0 0.2905263157894737 0.423015873015873 0.04631578947368421 0.173015873015873
0 0.33789473684210525 0.4246031746031746 0.04 0.14761904761904762
0 0.36473684210526314 0.43253968253968256 0.034736842105263156 0.13174603174603175
0 0.43526315789473685 0.5174603174603175 0.10210526315789474 0.3746031746031746
0 0.46 0.6460317460317461 0.10947368421052632 0.40634920634920635
0 0.6063157894736843 0.5341269841269841 0.10947368421052632 0.4015873015873016
0 0.7552631578947369 0.5674603174603174 0.11473684210526315 0.4238095238095238
0 0.9326315789473684 0.6357142857142857 0.13473684210526315 0.5698412698412698
0 0.9478947368421052 0.6746031746031746 0.10421052631578948 0.6412698412698413
0 0.3957894736842105 0.4253968253968254 0.037894736842105266 0.14285714285714285
0 0.5689473684210526 0.44047619047619047 0.045263157894736845 0.16984126984126985
0 0.5568421052631579 0.4222222222222222 0.042105263157894736 0.15555555555555556
0 0.5121052631578947 0.4150793650793651 0.0431578947368421 0.16031746031746033
0 0.4905263157894737 0.41349206349206347 0.042105263157894736 0.16031746031746033
0 0.4731578947368421 0.41825396825396827 0.04105263157894737 0.15396825396825398
0 0.4573684210526316 0.42063492063492064 0.04105263157894737 0.1523809523809524
0 0.6457894736842106 0.4111111111111111 0.045263157894736845 0.16825396825396827
0 0.7052631578947368 0.4222222222222222 0.04421052631578947 0.16825396825396827
0 0.7957894736842105 0.4373015873015873 0.04842105263157895 0.18253968253968253
0 0.8963157894736842 0.42857142857142855 0.04736842105263158 0.17777777777777778
0 0.8394736842105263 0.43492063492063493 0.049473684210526316 0.18412698412698414
2 0.35368421052631577 0.3595238095238095 0.016842105263157894 0.03968253968253968
2 0.38421052631578945 0.37142857142857144 0.016842105263157894 0.04126984126984127
2 0.6810526315789474 0.48174603174603176 0.04421052631578947 0.1
2 0.5305263157894737 0.46190476190476193 0.04842105263157895 0.1111111111111111
2 0.5926315789473684 0.3674603174603175 0.02526315789473684 0.049206349206349205
2 0.8142105263157895 0.4388888888888889 0.022105263157894735 0.046031746031746035
2 0.8626315789473684 0.42698412698412697 0.05157894736842105 0.08253968253968254
2 0.868421052631579 0.37063492063492065 0.023157894736842106 0.05238095238095238
