0 0.788647342995169 0.6981818181818182 0.17632850241545894 0.3236363636363636
0 0.12318840579710146 0.3209090909090909 0.0966183574879227 0.18363636363636363
0 0.06521739130434782 0.39454545454545453 0.13043478260869565 0.31636363636363635
0 0.8768115942028986 0.49 0.2463768115942029 0.4527272727272727
0 0.3248792270531401 0.2918181818181818 0.05555555555555555 0.10363636363636364
0 0.1497584541062802 0.3281818181818182 0.0821256038647343 0.15454545454545454
0 0.3635265700483092 0.31363636363636366 0.036231884057971016 0.06727272727272728
0 0.3526570048309179 0.2909090909090909 0.03864734299516908 0.07636363636363637
0 0.28743961352657005 0.2818181818181818 0.03864734299516908 0.07636363636363637
0 0.37922705314009664 0.28909090909090907 0.03864734299516908 0.07636363636363637
0 0.41545893719806765 0.2990909090909091 0.04830917874396135 0.0890909090909091
0 0.5229468599033816 0.3018181818181818 0.06038647342995169 0.10909090909090909
0 0.5603864734299517 0.30272727272727273 0.05314009661835749 0.10363636363636364
0 0.5845410628019324 0.30272727272727273 0.04830917874396135 0.0890909090909091
0 0.6135265700483091 0.30363636363636365 0.04830917874396135 0.08727272727272728
2 0.18840579710144928 0.2790909090909091 0.033816425120772944 0.04181818181818182
2 0.1823671497584541 0.24454545454545454 0.026570048309178744 0.02727272727272727
2 0.17028985507246377 0.41 0.11352657004830918 0.11090909090909092
2 0.47705314009661837 0.5418181818181819 0.321256038647343 0.13090909090909092
2 0.9082125603864735 0.6927272727272727 0.15458937198067632 0.3054545454545455
