0 0.25 0.6416040100250626 0.16 0.5964912280701754
0 0.365 0.5776942355889725 0.12333333333333334 0.45864661654135336
0 0.44083333333333335 0.550125313283208 0.08166666666666667 0.3032581453634085
0 0.5191666666666667 0.6491228070175439 0.12166666666666667 0.45112781954887216
0 0.5525 0.5325814536340853 0.08833333333333333 0.3283208020050125
0 0.6366666666666667 0.5325814536340853 0.09 0.3283208020050125
0 0.6708333333333333 0.6203007518796992 0.135 0.49874686716791977
0 0.6925 0.5275689223057645 0.105 0.38345864661654133
0 0.7275 0.5162907268170426 0.07166666666666667 0.2706766917293233
0 0.8191666666666667 0.4974937343358396 0.06166666666666667 0.23308270676691728
0 0.8475 0.5150375939849624 0.07166666666666667 0.2631578947368421
0 0.8666666666666667 0.5388471177944862 0.07 0.2556390977443609
0 0.9183333333333333 0.5651629072681704 0.08333333333333333 0.3082706766917293
0 0.7533333333333333 0.5150375939849624 0.06333333333333334 0.23809523809523808
2 0.42583333333333334 0.39598997493734334 0.035 0.09523809523809523
2 0.4716666666666667 0.40852130325814534 0.03333333333333333 0.08020050125313283
2 0.6008333333333333 0.40225563909774437 0.03166666666666667 0.06265664160401002
2 0.5191666666666667 0.38972431077694236 0.035 0.06265664160401002
2 0.5633333333333334 0.38596491228070173 0.03333333333333333 0.09022556390977443
2 0.58 0.38847117794486213 0.02666666666666667 0.045112781954887216
