0 0.01875 0.5672413793103448 0.0375 0.20344827586206896
0 0.0975 0.6137931034482759 0.085 0.2896551724137931
0 0.18625 0.553448275862069 0.0575 0.20344827586206896
0 0.3125 0.5793103448275863 0.08 0.2689655172413793
0 0.4 0.5551724137931034 0.06 0.20689655172413793
0 0.45625 0.6172413793103448 0.1025 0.35172413793103446
0 0.5875 0.5551724137931034 0.06 0.21379310344827587
0 0.71125 0.5465517241379311 0.0525 0.17586206896551723
0 0.76875 0.5844827586206897 0.0675 0.23793103448275862
0 0.8375 0.6137931034482759 0.1 0.33793103448275863
4 0.925 0.5379310344827586 0.14 0.19310344827586207
4 0.6725 0.5086206896551724 0.15 0.1482758620689655
4 0.5225 0.5086206896551724 0.09 0.12758620689655173
4 0.24375 0.5224137931034483 0.0975 0.1413793103448276
