0 0.17363636363636364 0.6315068493150685 0.12545454545454546 0.4684931506849315
0 0.24363636363636362 0.6561643835616439 0.13454545454545455 0.5013698630136987
0 0.3090909090909091 0.6410958904109589 0.14181818181818182 0.5205479452054794
0 0.3709090909090909 0.6465753424657534 0.12727272727272726 0.4712328767123288
0 0.5027272727272727 0.5876712328767123 0.18 0.6712328767123288
0 0.5754545454545454 0.5972602739726027 0.17636363636363636 0.6465753424657534
0 0.6472727272727272 0.589041095890411 0.16 0.5972602739726027
0 0.72 0.6506849315068494 0.09090909090909091 0.3315068493150685
0 0.4772727272727273 0.3232876712328767 0.07818181818181819 0.29041095890410956
0 0.7518181818181818 0.6465753424657534 0.0890909090909091 0.3287671232876712
0 0.7972727272727272 0.6589041095890411 0.08181818181818182 0.29863013698630136
0 0.8236363636363636 0.6534246575342466 0.08 0.29863013698630136
0 0.8754545454545455 0.6465753424657534 0.08181818181818182 0.30684931506849317
0 0.93 0.6547945205479452 0.08181818181818182 0.3013698630136986
0 0.9536363636363636 0.626027397260274 0.09272727272727273 0.40273972602739727
0 0.7872727272727272 0.1547945205479452 0.06909090909090909 0.2547945205479452
0 0.86 0.16986301369863013 0.06181818181818182 0.23013698630136986
0 0.9109090909090909 0.18356164383561643 0.05454545454545454 0.20821917808219179
0 0.9563636363636364 0.18493150684931506 0.05090909090909091 0.19452054794520549
0 0.9754545454545455 0.17671232876712328 0.04909090909090909 0.2328767123287671
0 0.6509090909090909 0.13150684931506848 0.06909090909090909 0.26301369863013696
0 0.6127272727272727 0.1273972602739726 0.06545454545454546 0.2493150684931507
0 0.5590909090909091 0.12465753424657534 0.06727272727272728 0.2493150684931507
0 0.5145454545454545 0.1232876712328767 0.06545454545454546 0.2465753424657534
0 0.4572727272727273 0.11917808219178082 0.06363636363636363 0.23835616438356164
0 0.3927272727272727 0.1178082191780822 0.06181818181818182 0.23013698630136986
0 0.35909090909090907 0.1178082191780822 0.06363636363636363 0.2356164383561644
0 0.30454545454545456 0.11506849315068493 0.06 0.22465753424657534
0 0.25545454545454543 0.1095890410958904 0.056363636363636366 0.2136986301369863
0 0.20545454545454545 0.10547945205479452 0.05454545454545454 0.21095890410958903
0 0.16545454545454547 0.10273972602739725 0.05454545454545454 0.2
0 0.12545454545454546 0.09863013698630137 0.05090909090909091 0.19726027397260273
0 0.060909090909090906 0.09315068493150686 0.04909090909090909 0.18082191780821918
