0 0.7383333333333333 0.63625 0.04 0.1525
0 0.67 0.52625 0.04 0.1525
0 0.6266666666666667 0.4425 0.03333333333333333 0.12
0 0.5983333333333334 0.3975 0.03 0.11
0 0.5666666666666667 0.3475 0.02666666666666667 0.105
0 0.5566666666666666 0.30625 0.02666666666666667 0.0975
0 0.4625 0.3 0.028333333333333332 0.105
0 0.48583333333333334 0.34875 0.028333333333333332 0.1125
0 0.505 0.39875 0.03333333333333333 0.1275
0 0.5291666666666667 0.45625 0.035 0.1275
0 0.5641666666666667 0.535 0.035 0.13
0 0.6191666666666666 0.64875 0.03833333333333333 0.1475
0 0.38333333333333336 0.31 0.03 0.11
0 0.3983333333333333 0.35 0.03 0.11
0 0.41333333333333333 0.41125 0.03333333333333333 0.1275
0 0.43666666666666665 0.46625 0.03666666666666667 0.1325
0 0.4666666666666667 0.56125 0.03333333333333333 0.1275
0 0.495 0.6525 0.043333333333333335 0.16
0 0.4041666666666667 0.68125 0.041666666666666664 0.1525
0 0.25083333333333335 0.70375 0.045 0.1625
0 0.3725 0.5675 0.03833333333333333 0.145
0 0.3383333333333333 0.475 0.03666666666666667 0.135
0 0.23083333333333333 0.59 0.04833333333333333 0.185
0 0.24166666666666667 0.49125 0.03666666666666667 0.1425
0 0.33 0.41125 0.03333333333333333 0.1275
0 0.31583333333333335 0.35875 0.028333333333333332 0.1125
0 0.3333333333333333 0.315 0.03 0.11
0 0.23666666666666666 0.43 0.03333333333333333 0.13
0 0.23083333333333333 0.3625 0.03166666666666667 0.125
0 0.2425 0.3225 0.028333333333333332 0.11
0 0.5041666666666667 0.2625 0.025 0.1
0 0.5241666666666667 0.2575 0.025 0.1
0 0.9233333333333333 0.28 0.023333333333333334 0.09
0 0.9575 0.25 0.025 0.095
0 0.9008333333333334 0.35125 0.028333333333333332 0.1125
0 0.7991666666666667 0.20625 0.021666666666666667 0.0775
0 0.8341666666666666 0.1975 0.018333333333333333 0.065
2 0.49 0.9475 0.06666666666666667 0.1
2 0.5866666666666667 0.875 0.03666666666666667 0.095
4 0.5441666666666667 0.24625 0.225 0.1125
4 0.7525 0.31375 0.21833333333333332 0.2225
4 0.8658333333333333 0.1425 0.135 0.115
