0 0.0427807486631016 0.7694736842105263 0.04919786096256684 0.24210526315789474
0 0.0213903743315508 0.783157894736842 0.0427807486631016 0.24421052631578946
0 0.07272727272727272 0.7568421052631579 0.053475935828877004 0.25473684210526315
0 0.08983957219251337 0.78 0.05561497326203209 0.2673684210526316
0 0.11336898395721925 0.7473684210526316 0.05561497326203209 0.2694736842105263
0 0.12834224598930483 0.7642105263157895 0.059893048128342244 0.29473684210526313
0 0.16149732620320856 0.7789473684210526 0.059893048128342244 0.2905263157894737
0 0.19197860962566846 0.791578947368421 0.06096256684491978 0.29473684210526313
0 0.2427807486631016 0.7894736842105263 0.057754010695187166 0.28210526315789475
0 0.2550802139037433 0.7757894736842105 0.05454545454545454 0.2673684210526316
0 0.2989304812834225 0.791578947368421 0.06096256684491978 0.29473684210526313
0 0.3331550802139037 0.7768421052631579 0.058823529411764705 0.28210526315789475
0 0.3508021390374332 0.7989473684210526 0.053475935828877004 0.2631578947368421
0 0.3871657754010695 0.7894736842105263 0.057754010695187166 0.28210526315789475
0 0.42780748663101603 0.7957894736842105 0.05561497326203209 0.2694736842105263
0 0.46898395721925135 0.7852631578947369 0.058823529411764705 0.28210526315789475
0 0.513903743315508 0.7968421052631579 0.05668449197860963 0.28
0 0.5518716577540107 0.7852631578947369 0.059893048128342244 0.2905263157894737
0 0.6101604278074866 0.7842105263157895 0.06310160427807486 0.30105263157894735
0 0.6395721925133689 0.7936842105263158 0.057754010695187166 0.27789473684210525
0 0.6780748663101605 0.8031578947368421 0.053475935828877004 0.25894736842105265
0 0.7219251336898396 0.8063157894736842 0.053475935828877004 0.25684210526315787
0 0.7545454545454545 0.7810526315789473 0.06310160427807486 0.30736842105263157
0 0.8005347593582888 0.7968421052631579 0.05668449197860963 0.28
0 0.8336898395721926 0.8073684210526316 0.05668449197860963 0.27578947368421053
0 0.8668449197860962 0.8168421052631579 0.05026737967914439 0.24842105263157896
0 0.9 0.8115789473684211 0.052406417112299465 0.25473684210526315
0 0.9363636363636364 0.7936842105263158 0.05668449197860963 0.27789473684210525
0 0.9593582887700535 0.7947368421052632 0.051336898395721926 0.2505263157894737
4 0.49893048128342243 0.56 0.9893048128342246 0.19789473684210526
4 0.4716577540106952 0.39263157894736844 0.39358288770053473 0.12421052631578948
