0 0.15538194444444445 0.530952380952381 0.2725694444444444 0.9142857142857143
0 0.4157986111111111 0.4642857142857143 0.2065972222222222 0.7
0 0.5564236111111112 0.38095238095238093 0.15104166666666666 0.5095238095238095
0 0.6944444444444444 0.5678571428571428 0.2604166666666667 0.8642857142857143
0 0.8055555555555556 0.4297619047619048 0.1527777777777778 0.5166666666666667
0 0.8819444444444444 0.3964285714285714 0.12152777777777778 0.40714285714285714
0 0.9322916666666666 0.3773809523809524 0.11458333333333333 0.38333333333333336
0 0.04079861111111111 0.39880952380952384 0.08159722222222222 0.4261904761904762
0 0.0920138888888889 0.3869047619047619 0.11805555555555555 0.4023809523809524
0 0.033854166666666664 0.3619047619047619 0.06770833333333333 0.36666666666666664
0 0.20833333333333334 0.3607142857142857 0.10069444444444445 0.34523809523809523
0 0.234375 0.34285714285714286 0.09375 0.319047619047619
0 0.2708333333333333 0.38571428571428573 0.10416666666666667 0.35714285714285715
0 0.3246527777777778 0.3416666666666667 0.09375 0.31666666666666665
0 0.2847222222222222 0.35714285714285715 0.10069444444444445 0.34285714285714286
0 0.3550347222222222 0.3535714285714286 0.10243055555555555 0.35
0 0.4609375 0.3416666666666667 0.10243055555555555 0.34523809523809523
0 0.4939236111111111 0.3202380952380952 0.0920138888888889 0.30714285714285716
0 0.6354166666666666 0.32261904761904764 0.08680555555555555 0.28809523809523807
0 0.050347222222222224 0.35 0.08680555555555555 0.2904761904761905
0 0.7847222222222222 0.2857142857142857 0.017361111111111112 0.06190476190476191
0 0.9713541666666666 0.35833333333333334 0.057291666666666664 0.3404761904761905
0 0.9513888888888888 0.3547619047619048 0.09722222222222222 0.3476190476190476
2 0.0798611111111111 0.2392857142857143 0.017361111111111112 0.04523809523809524
2 0.059895833333333336 0.23214285714285715 0.022569444444444444 0.05476190476190476
2 0.2977430555555556 0.22857142857142856 0.012152777777777778 0.04285714285714286
2 0.3307291666666667 0.22976190476190475 0.008680555555555556 0.02142857142857143
2 0.5078125 0.21785714285714286 0.029513888888888888 0.04523809523809524
2 0.9600694444444444 0.2130952380952381 0.027777777777777776 0.07380952380952381
2 0.9800347222222222 0.21666666666666667 0.026041666666666668 0.0761904761904762
2 0.7552083333333334 0.21785714285714286 0.034722222222222224 0.06428571428571428
4 0.5920138888888888 0.2154761904761905 0.04861111111111111 0.06904761904761905
