0 0.48203125 0.6 0.0390625 0.125
0 0.51953125 0.6125 0.0515625 0.16666666666666666
0 0.61328125 0.5989583333333334 0.0328125 0.11458333333333333
0 0.6046875 0.5864583333333333 0.028125 0.08958333333333333
0 0.69140625 0.5864583333333333 0.0359375 0.11875
0 0.7171875 0.58125 0.03125 0.10833333333333334
0 0.73359375 0.5885416666666666 0.0234375 0.08125
0 0.77109375 0.58125 0.0234375 0.07916666666666666
0 0.7875 0.58125 0.028125 0.09166666666666666
0 0.80078125 0.5770833333333333 0.0234375 0.08333333333333333
0 0.8421875 0.5739583333333333 0.025 0.08125
0 0.86484375 0.5666666666666667 0.0203125 0.06666666666666667
0 0.87578125 0.5739583333333333 0.0265625 0.08958333333333333
0 0.9640625 0.5604166666666667 0.015625 0.058333333333333334
0 0.97421875 0.5666666666666667 0.0234375 0.07916666666666666
0 0.70390625 0.5822916666666667 0.0265625 0.08541666666666667
1 0.05234375 0.7677083333333333 0.1046875 0.4479166666666667
1 0.9484375 0.5479166666666667 0.009375 0.0375
1 0.9921875 0.5479166666666667 0.009375 0.0375
2 0.96328125 0.5302083333333333 0.0140625 0.01875
4 0.82578125 0.5489583333333333 0.0515625 0.035416666666666666
4 0.703125 0.5395833333333333 0.01875 0.025
