0 0.7990909090909091 0.517799352750809 0.07090909090909091 0.3106796116504854
0 0.9281818181818182 0.5566343042071198 0.06727272727272728 0.2977346278317152
0 0.9718181818181818 0.5614886731391586 0.056363636363636366 0.313915857605178
0 0.8309090909090909 0.5372168284789643 0.06545454545454546 0.2912621359223301
0 0.6763636363636364 0.4401294498381877 0.02181818181818182 0.10355987055016182
0 0.6081818181818182 0.43527508090614886 0.023636363636363636 0.10032362459546926
1 0.035454545454545454 0.5663430420711975 0.07090909090909091 0.3106796116504854
1 0.06727272727272728 0.5388349514563107 0.06545454545454546 0.28802588996763756
1 0.11636363636363636 0.5080906148867314 0.05090909090909091 0.22653721682847897
1 0.15636363636363637 0.517799352750809 0.05818181818181818 0.2524271844660194
1 0.2409090909090909 0.5339805825242718 0.06363636363636363 0.2783171521035599
1 0.26181818181818184 0.5970873786407767 0.07636363636363637 0.33980582524271846
1 0.3245454545454545 0.5776699029126213 0.08181818181818182 0.35275080906148865
1 0.35454545454545455 0.5453074433656958 0.07272727272727272 0.32038834951456313
1 0.4218181818181818 0.6132686084142395 0.08 0.35275080906148865
1 0.40636363636363637 0.56957928802589 0.06727272727272728 0.2912621359223301
1 0.3809090909090909 0.5275080906148867 0.06 0.2588996763754045
1 0.4509090909090909 0.5129449838187702 0.04363636363636364 0.19093851132686085
1 0.5036363636363637 0.5355987055016181 0.05090909090909091 0.2297734627831715
1 0.5327272727272727 0.5906148867313916 0.07272727272727272 0.313915857605178
1 0.5854545454545454 0.5307443365695793 0.05454545454545454 0.2459546925566343
1 0.5609090909090909 0.5097087378640777 0.04181818181818182 0.19093851132686085
1 0.649090909090909 0.6084142394822006 0.08363636363636363 0.37540453074433655
1 0.6372727272727273 0.558252427184466 0.06727272727272728 0.30097087378640774
1 0.7009090909090909 0.5744336569579288 0.07090909090909091 0.313915857605178
1 0.74 0.5631067961165048 0.06181818181818182 0.27184466019417475
1 0.7718181818181818 0.5453074433656958 0.06 0.2686084142394822
1 0.8863636363636364 0.5776699029126213 0.06363636363636363 0.28802588996763756
1 0.4709090909090909 0.5097087378640777 0.04 0.18446601941747573
1 0.1809090909090909 0.5080906148867314 0.04181818181818182 0.18122977346278318
1 0.2109090909090909 0.4546925566343042 0.03272727272727273 0.14563106796116504
2 0.8727272727272727 0.44336569579288027 0.025454545454545455 0.07766990291262135
2 0.7845454545454545 0.41585760517799353 0.02 0.08090614886731391
2 0.5390909090909091 0.4255663430420712 0.02 0.022653721682847898
2 0.3972727272727273 0.42071197411003236 0.016363636363636365 0.045307443365695796
2 0.2818181818181818 0.4368932038834951 0.02909090909090909 0.06472491909385113
2 0.07818181818181819 0.41262135922330095 0.02909090909090909 0.06796116504854369
2 0.13636363636363635 0.41585760517799353 0.025454545454545455 0.06796116504854369
2 0.29363636363636364 0.42071197411003236 0.02 0.045307443365695796
2 0.5172727272727272 0.4223300970873786 0.02 0.06796116504854369
2 0.22636363636363635 0.39805825242718446 0.016363636363636365 0.032362459546925564
2 0.25727272727272726 0.41262135922330095 0.012727272727272728 0.02912621359223301
2 0.24636363636363637 0.38996763754045305 0.016363636363636365 0.022653721682847898
2 0.2718181818181818 0.39805825242718446 0.02 0.032362459546925564
2 0.2963636363636364 0.39805825242718446 0.02181818181818182 0.038834951456310676
2 0.3118181818181818 0.39158576051779936 0.016363636363636365 0.045307443365695796
2 0.37454545454545457 0.40129449838187703 0.01818181818181818 0.05177993527508091
2 0.5690909090909091 0.39805825242718446 0.01090909090909091 0.032362459546925564
2 0.6454545454545455 0.39805825242718446 0.014545454545454545 0.032362459546925564
2 0.3381818181818182 0.3964401294498382 0.01090909090909091 0.022653721682847898
2 0.33090909090909093 0.38673139158576053 0.01090909090909091 0.022653721682847898
2 0.05818181818181818 0.38673139158576053 0.014545454545454545 0.02912621359223301
3 0.045454545454545456 0.10517799352750809 0.02909090909090909 0.061488673139158574
3 0.42454545454545456 0.1262135922330097 0.045454545454545456 0.09061488673139159
4 0.10727272727272727 0.39805825242718446 0.05818181818181818 0.045307443365695796
4 0.18363636363636363 0.4045307443365696 0.04363636363636364 0.045307443365695796
4 0.5118181818181818 0.41423948220064727 0.06727272727272728 0.07766990291262135
