0 0.9531693472090823 0.6042553191489362 0.05203405865657521 0.19290780141843972
0 0.7984862819299905 0.601418439716312 0.04919583727530748 0.18439716312056736
0 0.749763481551561 0.6049645390070922 0.050141911069063384 0.1829787234042553
0 0.7081362346263008 0.6049645390070922 0.04446546830652791 0.16312056737588654
0 0.6887417218543046 0.6007092198581561 0.04541154210028382 0.16595744680851063
0 0.6589403973509934 0.6085106382978723 0.04446546830652791 0.16170212765957448
0 0.6480605487228004 0.6007092198581561 0.043519394512771994 0.16312056737588654
0 0.619678334910123 0.601418439716312 0.043519394512771994 0.15886524822695036
0 0.597445600756859 0.6056737588652482 0.03878902554399243 0.14468085106382977
0 0.586565752128666 0.601418439716312 0.041627246925260174 0.15602836879432624
0 0.565752128666036 0.6021276595744681 0.041627246925260174 0.15177304964539007
0 0.5468306527909177 0.5943262411347517 0.039735099337748346 0.150354609929078
0 0.5345316934720908 0.597872340425532 0.039735099337748346 0.14893617021276595
0 0.6102175969725638 0.5985815602836879 0.03595080416272469 0.13617021276595745
0 0.5066225165562914 0.6021276595744681 0.046357615894039736 0.17163120567375886
0 0.49763481551561023 0.5943262411347517 0.039735099337748346 0.1475177304964539
0 0.48344370860927155 0.5985815602836879 0.039735099337748346 0.14468085106382977
0 0.467360454115421 0.601418439716312 0.041627246925260174 0.15319148936170213
0 0.44938505203405865 0.601418439716312 0.03784295175023652 0.13900709219858157
0 0.4399243140964995 0.5546099290780142 0.02270577105014191 0.0851063829787234
0 0.4044465468306528 0.6234042553191489 0.05581835383159887 0.20851063829787234
0 0.315042573320719 0.6340425531914894 0.03595080416272469 0.13617021276595745
0 0.30558183538315986 0.6134751773049646 0.03784295175023652 0.1375886524822695
0 0.3467360454115421 0.6035460992907802 0.036896877956480605 0.1375886524822695
0 0.3675496688741722 0.6134751773049646 0.046357615894039736 0.16879432624113475
0 0.38741721854304634 0.6007092198581561 0.03878902554399243 0.14326241134751774
0 0.24361400189214757 0.6283687943262412 0.059602649006622516 0.21843971631205675
0 0.15373699148533584 0.5787234042553191 0.017975402081362345 0.06808510638297872
0 0.12582781456953643 0.6290780141843971 0.043519394512771994 0.16028368794326242
0 0.07710501419110691 0.6312056737588653 0.050141911069063384 0.18723404255319148
0 0.13859981078524125 0.599290780141844 0.0293282876064333 0.10921985815602837
2 0.46546830652790916 0.5234042553191489 0.015137180700094607 0.028368794326241134
2 0.41911069063386946 0.526241134751773 0.01892147587511826 0.0425531914893617
2 0.41248817407757804 0.5290780141843971 0.00946073793755913 0.02553191489361702
2 0.3736991485335856 0.5446808510638298 0.00946073793755913 0.031205673758865248
2 0.3930936613055818 0.5184397163120568 0.008514664143803218 0.009929078014184398
2 0.39498580889309365 0.5347517730496454 0.010406811731315043 0.02269503546099291
2 0.26584673604541154 0.5687943262411348 0.02270577105014191 0.06524822695035461
2 0.28855250709555347 0.5702127659574469 0.02459791863765374 0.059574468085106386
2 0.1986754966887417 0.573049645390071 0.03216650898770104 0.06808510638297872
2 0.18117313150425735 0.5595744680851064 0.006622516556291391 0.01276595744680851
2 0.1859035004730369 0.5659574468085107 0.006622516556291391 0.011347517730496455
2 0.1693472090823084 0.573758865248227 0.03216650898770104 0.07234042553191489
2 0.14616840113528856 0.5553191489361702 0.008514664143803218 0.024113475177304965
2 0.11021759697256386 0.5567375886524822 0.019867549668874173 0.04964539007092199
2 0.09981078524124881 0.5822695035460993 0.023651844843897825 0.06382978723404255
2 0.06575212866603596 0.5531914893617021 0.014191106906338695 0.028368794326241134
2 0.05061494796594134 0.5879432624113475 0.027436140018921477 0.06382978723404255
2 0.01608325449385052 0.5815602836879432 0.03216650898770104 0.07659574468085106
2 0.038315988647114475 0.5624113475177305 0.02554399243140965 0.05815602836879433
2 0.004730368968779565 0.5624113475177305 0.00946073793755913 0.03829787234042553
4 0.4555345316934721 0.5446808510638298 0.010406811731315043 0.02269503546099291
4 0.20813623462630085 0.5652482269503546 0.017029328287606435 0.024113475177304965
