0 0.019387755102040816 0.7123076923076923 0.03877551020408163 0.24307692307692308
0 0.08979591836734693 0.64 0.02857142857142857 0.11692307692307692
0 0.1357142857142857 0.7584615384615384 0.09183673469387756 0.3415384615384615
0 0.11632653061224489 0.7246153846153847 0.06938775510204082 0.26153846153846155
0 0.17653061224489797 0.6676923076923077 0.04693877551020408 0.17846153846153845
0 0.23673469387755103 0.6338461538461538 0.02857142857142857 0.10461538461538461
0 0.27448979591836736 0.6338461538461538 0.026530612244897958 0.10461538461538461
0 0.2979591836734694 0.6338461538461538 0.024489795918367346 0.09230769230769231
0 0.32551020408163267 0.6307692307692307 0.026530612244897958 0.09846153846153846
0 0.3448979591836735 0.6276923076923077 0.024489795918367346 0.09230769230769231
0 0.38877551020408163 0.7907692307692308 0.1 0.36923076923076925
0 0.4091836734693878 0.7307692307692307 0.07142857142857142 0.27384615384615385
0 0.16326530612244897 0.6430769230769231 0.02857142857142857 0.11692307692307692
0 0.10306122448979592 0.6107692307692307 0.014285714285714285 0.052307692307692305
0 0.03469387755102041 0.6261538461538462 0.024489795918367346 0.10153846153846154
0 0.43979591836734694 0.6307692307692307 0.022448979591836733 0.08615384615384615
0 0.4785714285714286 0.6307692307692307 0.022448979591836733 0.08
0 0.6265306122448979 0.6907692307692308 0.053061224489795916 0.20615384615384616
0 0.6357142857142857 0.7430769230769231 0.07959183673469387 0.29846153846153844
0 0.7561224489795918 0.696923076923077 0.05510204081632653 0.2123076923076923
0 0.7081632653061225 0.6646153846153846 0.04081632653061224 0.1476923076923077
0 0.7448979591836735 0.6553846153846153 0.04081632653061224 0.1476923076923077
0 0.8020408163265306 0.6753846153846154 0.04081632653061224 0.15692307692307692
0 0.7908163265306123 0.6538461538461539 0.026530612244897958 0.1076923076923077
0 0.8377551020408164 0.6630769230769231 0.03469387755102041 0.13846153846153847
0 0.8142857142857143 0.6461538461538462 0.02857142857142857 0.10461538461538461
0 0.8642857142857143 0.6507692307692308 0.030612244897959183 0.12
0 0.8948979591836734 0.6615384615384615 0.03877551020408163 0.15384615384615385
0 0.9173469387755102 0.676923076923077 0.04693877551020408 0.17846153846153845
0 0.8704081632653061 0.6384615384615384 0.026530612244897958 0.10153846153846154
0 0.9346938775510204 0.6476923076923077 0.036734693877551024 0.13846153846153847
0 0.9612244897959183 0.6676923076923077 0.04081632653061224 0.16
0 0.9806122448979592 0.66 0.03877551020408163 0.15076923076923077
0 0.9887755102040816 0.6584615384615384 0.022448979591836733 0.13538461538461538
2 0.12244897959183673 0.5907692307692308 0.0163265306122449 0.043076923076923075
2 0.14387755102040817 0.5876923076923077 0.014285714285714285 0.03076923076923077
2 0.4846938775510204 0.6092307692307692 0.01020408163265306 0.036923076923076927
2 0.8775510204081632 0.6892307692307692 0.07346938775510205 0.12923076923076923
2 0.9530612244897959 0.6092307692307692 0.012244897959183673 0.024615384615384615
2 0.9744897959183674 0.6030769230769231 0.014285714285714285 0.024615384615384615
2 0.7142857142857143 0.6092307692307692 0.00816326530612245 0.018461538461538463
2 0.7204081632653061 0.6123076923076923 0.00816326530612245 0.024615384615384615
3 0.8948979591836734 0.5 0.0673469387755102 0.1076923076923077
4 0.5020408163265306 0.6046153846153847 0.024489795918367346 0.027692307692307693
4 0.5785714285714286 0.62 0.07551020408163266 0.05846153846153846
4 0.6693877551020408 0.6230769230769231 0.053061224489795916 0.05846153846153846
4 0.4602040816326531 0.6261538461538462 0.03469387755102041 0.07076923076923076
