0 0.07647058823529412 0.54625 0.15294117647058825 0.6975
0 0.15 0.555 0.15588235294117647 0.65
0 0.2595588235294118 0.57625 0.16323529411764706 0.6775
0 0.3551470588235294 0.58125 0.16029411764705884 0.6625
0 0.3889705882352941 0.56 0.16029411764705884 0.67
0 0.4970588235294118 0.58375 0.14411764705882352 0.5975
0 0.5573529411764706 0.58625 0.17941176470588235 0.7475
0 0.5816176470588236 0.56125 0.16323529411764706 0.6825
0 0.7058823529411765 0.59 0.17941176470588235 0.745
0 0.6772058823529412 0.59125 0.15441176470588236 0.6425
0 0.7772058823529412 0.5975 0.16323529411764706 0.68
0 0.8551470588235294 0.62625 0.1514705882352941 0.6275
0 0.9470588235294117 0.60875 0.10588235294117647 0.5725
2 0.7970588235294118 0.29 0.11470588235294117 0.21
