0 0.133 0.6591591591591591 0.126 0.47147147147147145
0 0.351 0.6546546546546547 0.122 0.45045045045045046
0 0.465 0.6906906906906907 0.07 0.26426426426426425
0 0.494 0.5855855855855856 0.076 0.2822822822822823
0 0.61 0.7087087087087087 0.12 0.4444444444444444
0 0.692 0.5855855855855856 0.068 0.25225225225225223
0 0.729 0.7492492492492493 0.134 0.4894894894894895
0 0.783 0.6261261261261262 0.074 0.27927927927927926
0 0.918 0.6906906906906907 0.104 0.3843843843843844
0 0.894 0.6291291291291291 0.08 0.2972972972972973
0 0.976 0.5675675675675675 0.048 0.23423423423423423
0 0.902 0.47897897897897895 0.044 0.17117117117117117
0 0.829 0.484984984984985 0.042 0.16516516516516516
0 0.804 0.4894894894894895 0.044 0.16816816816816818
0 0.769 0.4954954954954955 0.05 0.18018018018018017
0 0.748 0.466966966966967 0.04 0.14714714714714713
0 0.675 0.487987987987988 0.046 0.17717717717717718
0 0.66 0.47897897897897895 0.04 0.15315315315315314
0 0.642 0.481981981981982 0.048 0.1831831831831832
0 0.632 0.5225225225225225 0.024 0.0960960960960961
0 0.584 0.5345345345345346 0.068 0.25825825825825827
0 0.57 0.512012012012012 0.064 0.24324324324324326
0 0.521 0.5135135135135135 0.07 0.25825825825825827
0 0.45 0.515015015015015 0.068 0.2552552552552553
0 0.398 0.5105105105105106 0.072 0.26426426426426425
0 0.294 0.496996996996997 0.08 0.2972972972972973
0 0.408 0.4774774774774775 0.056 0.2042042042042042
0 0.43 0.49099099099099097 0.048 0.17717717717717718
0 0.552 0.5105105105105106 0.064 0.23423423423423423
0 0.26 0.49099099099099097 0.052 0.19519519519519518
0 0.242 0.4924924924924925 0.056 0.2042042042042042
0 0.203 0.5135135135135135 0.058 0.21621621621621623
0 0.215 0.4954954954954955 0.05 0.1921921921921922
0 0.18 0.5345345345345346 0.056 0.21021021021021022
0 0.101 0.481981981981982 0.062 0.22522522522522523
0 0.063 0.5 0.074 0.2732732732732733
0 0.073 0.493993993993994 0.054 0.19519519519519518
0 0.108 0.503003003003003 0.06 0.23123123123123124
0 0.038 0.4894894894894895 0.056 0.2042042042042042
0 0.015 0.5015015015015015 0.03 0.21021021021021022
2 0.875 0.47147147147147145 0.022 0.036036036036036036
2 0.943 0.44144144144144143 0.026 0.06006006006006006
2 0.8 0.5285285285285285 0.044 0.14414414414414414
2 0.785 0.4144144144144144 0.022 0.06606606606606606
2 0.712 0.4924924924924925 0.016 0.042042042042042045
2 0.721 0.4744744744744745 0.014 0.036036036036036036
2 0.729 0.4774774774774775 0.03 0.06606606606606606
2 0.723 0.4264264264264264 0.022 0.06006006006006006
2 0.713 0.4099099099099099 0.014 0.02702702702702703
2 0.7 0.4339339339339339 0.028 0.07507507507507508
2 0.681 0.4159159159159159 0.01 0.02702702702702703
2 0.629 0.4099099099099099 0.022 0.08108108108108109
2 0.607 0.4264264264264264 0.022 0.07207207207207207
2 0.593 0.4024024024024024 0.006 0.018018018018018018
2 0.419 0.4159159159159159 0.01 0.021021021021021023
2 0.443 0.4144144144144144 0.01 0.036036036036036036
2 0.473 0.4159159159159159 0.018 0.05105105105105105
2 0.488 0.3978978978978979 0.016 0.03303303303303303
2 0.49 0.4189189189189189 0.02 0.057057057057057055
2 0.504 0.41291291291291293 0.016 0.03903903903903904
2 0.565 0.4174174174174174 0.01 0.03003003003003003
2 0.536 0.4174174174174174 0.016 0.018018018018018018
2 0.536 0.4009009009009009 0.012 0.015015015015015015
2 0.336 0.4219219219219219 0.016 0.021021021021021023
2 0.326 0.3948948948948949 0.02 0.03903903903903904
2 0.374 0.4069069069069069 0.02 0.03303303303303303
2 0.353 0.3993993993993994 0.022 0.06006006006006006
2 0.367 0.3783783783783784 0.01 0.024024024024024024
