0 0.249 0.4519519519519519 0.066 0.24324324324324326
0 0.339 0.5585585585585585 0.138 0.5165165165165165
0 0.492 0.42492492492492495 0.052 0.19519519519519518
0 0.534 0.3948948948948949 0.028 0.1111111111111111
0 0.573 0.4219219219219219 0.042 0.15315315315315314
0 0.634 0.5690690690690691 0.132 0.4894894894894895
0 0.844 0.44894894894894893 0.052 0.19519519519519518
0 0.71 0.4219219219219219 0.044 0.16516516516516516
1 0.096 0.4804804804804805 0.052 0.1921921921921922
1 0.16 0.4984984984984985 0.048 0.17417417417417416
1 0.782 0.4444444444444444 0.044 0.16216216216216217
1 0.866 0.43243243243243246 0.044 0.16216216216216217
1 0.929 0.4444444444444444 0.038 0.15015015015015015
1 0.966 0.43993993993993996 0.04 0.15315315315315314
1 0.918 0.4189189189189189 0.028 0.1111111111111111
2 0.079 0.43243243243243246 0.054 0.13813813813813813
2 0.179 0.37537537537537535 0.066 0.10810810810810811
2 0.289 0.36486486486486486 0.03 0.06306306306306306
2 0.395 0.38288288288288286 0.034 0.08708708708708708
2 0.553 0.3768768768768769 0.018 0.06306306306306306
2 0.604 0.37987987987987987 0.028 0.06306306306306306
2 0.672 0.3963963963963964 0.028 0.06606606606606606
2 0.691 0.37537537537537535 0.026 0.07207207207207207
2 0.817 0.3918918918918919 0.022 0.057057057057057055
