0 0.9769503546099291 0.8174946004319654 0.04609929078014184 0.14038876889848811
0 0.9210992907801419 0.8012958963282938 0.040780141843971635 0.12526997840172785
0 0.4326241134751773 0.8293736501079914 0.05673758865248227 0.17278617710583152
0 0.3484042553191489 0.8315334773218143 0.0549645390070922 0.16414686825053995
0 0.24911347517730498 0.7235421166306696 0.047872340425531915 0.1468682505399568
0 0.1125886524822695 0.7159827213822895 0.044326241134751775 0.13174946004319654
0 0.08244680851063829 0.8056155507559395 0.0549645390070922 0.16414686825053995
0 0.22163120567375885 0.5788336933045356 0.028368794326241134 0.09071274298056156
0 0.21010638297872342 0.5291576673866091 0.01950354609929078 0.06047516198704104
0 0.19326241134751773 0.5485961123110151 0.02127659574468085 0.06911447084233262
0 0.15070921985815602 0.5453563714902808 0.02127659574468085 0.06695464362850972
0 0.13031914893617022 0.521598272138229 0.015957446808510637 0.04967602591792657
0 0.1125886524822695 0.5172786177105831 0.015957446808510637 0.05399568034557235
0 0.45478723404255317 0.572354211663067 0.02304964539007092 0.06911447084233262
0 0.4423758865248227 0.5259179265658748 0.01950354609929078 0.058315334773218146
0 0.4592198581560284 0.519438444924406 0.014184397163120567 0.04967602591792657
0 0.4734042553191489 0.519438444924406 0.01773049645390071 0.058315334773218146
0 0.5576241134751773 0.6101511879049676 0.03368794326241135 0.10151187904967603
0 0.5301418439716312 0.5701943844492441 0.02127659574468085 0.06479481641468683
0 0.6294326241134752 0.6911447084233261 0.0070921985815602835 0.02591792656587473
