0 0.9336734693877551 0.45099540581929554 0.05714285714285714 0.21286370597243492
0 0.9051020408163265 0.47473200612557426 0.06326530612244897 0.23583460949464014
0 0.8760204081632653 0.47396630934150075 0.06428571428571428 0.24042879019908117
0 0.6173469387755102 0.6255742725880551 0.11836734693877551 0.4333843797856049
0 0.5428571428571428 0.6332312404287902 0.12653061224489795 0.46401225114854516
0 0.47091836734693876 0.6347626339969372 0.1336734693877551 0.4946401225114854
0 0.34030612244897956 0.6562021439509954 0.1336734693877551 0.4946401225114854
0 0.25 0.6508422664624809 0.14285714285714285 0.5237366003062787
0 0.1576530612244898 0.6653905053598775 0.1377551020408163 0.5099540581929556
2 0.7081632653061225 0.6454823889739663 0.1489795918367347 0.44869831546707506
2 0.7556122448979592 0.6592649310872895 0.19285714285714287 0.4119448698315467
2 0.8428571428571429 0.6485451761102603 0.11020408163265306 0.39356814701378257
2 0.8071428571428572 0.44793261868300155 0.06326530612244897 0.05972434915773354
2 0.7040816326530612 0.4012251148545176 0.09387755102040816 0.20214395099540583
2 0.65 0.5107197549770292 0.15714285714285714 0.5160796324655437
2 0.6045918367346939 0.555895865237366 0.12346938775510204 0.4992343032159265
2 0.7163265306122449 0.3836140888208269 0.03469387755102041 0.07503828483920368
2 0.5489795918367347 0.4058192955589586 0.04081632653061224 0.07350689127105667
2 0.5035714285714286 0.41730474732006123 0.03163265306122449 0.09647779479326186
2 0.4698979591836735 0.42725880551301687 0.06020408163265306 0.11332312404287902
2 0.3795918367346939 0.44869831546707506 0.04693877551020408 0.10413476263399694
2 0.3816326530612245 0.41807044410413474 0.0326530612244898 0.05819295558958652
2 0.30153061224489797 0.4096477794793262 0.02142857142857143 0.05666156202143951
2 0.29489795918367345 0.4234303215926493 0.04285714285714286 0.07503828483920368
2 0.28469387755102044 0.445635528330781 0.044897959183673466 0.07963246554364471
2 0.27193877551020407 0.45788667687595713 0.02959183673469388 0.042879019908116385
2 0.20510204081632652 0.4165390505359878 0.026530612244897958 0.07044410413476264
2 0.19540816326530613 0.42955589586523735 0.03979591836734694 0.05666156202143951
2 0.20408163265306123 0.4670750382848392 0.026530612244897958 0.039816232771822356
2 0.19081632653061226 0.4793261868300153 0.026530612244897958 0.039816232771822356
2 0.17551020408163265 0.44793261868300155 0.0326530612244898 0.08116385911179173
2 0.1 0.4464012251148545 0.036734693877551024 0.0781010719754977
2 0.08214285714285714 0.46248085758039814 0.03571428571428571 0.09188361408882083
2 0.06785714285714285 0.5505359877488515 0.06020408163265306 0.1883614088820827
2 0.039285714285714285 0.4655436447166922 0.03775510204081633 0.06431852986217458
2 0.04336734693877551 0.42572741194486985 0.03163265306122449 0.030627871362940276
2 0.013775510204081633 0.45252679938744256 0.027551020408163266 0.08116385911179173
2 0.024489795918367346 0.5604900459418071 0.044897959183673466 0.19295558958652373
2 0.11275510204081633 0.5467075038284839 0.04795918367346939 0.18989280245022971
