0 0.04009433962264151 0.6127167630057804 0.08018867924528301 0.3352601156069364
0 0.2028301886792453 0.6632947976878613 0.16981132075471697 0.5173410404624278
0 0.4044811320754717 0.7196531791907514 0.1721698113207547 0.5202312138728323
0 0.5377358490566038 0.6213872832369942 0.13679245283018868 0.4161849710982659
0 0.9316037735849056 0.6965317919075145 0.13679245283018868 0.5433526011560693
0 0.8643867924528302 0.5982658959537572 0.10613207547169812 0.3179190751445087
0 0.29009433962264153 0.5476878612716763 0.04716981132075472 0.1416184971098266
0 0.11438679245283019 0.5765895953757225 0.0589622641509434 0.18208092485549132
0 0.35023584905660377 0.5361271676300579 0.030660377358490566 0.08959537572254335
2 0.08254716981132075 0.5101156069364162 0.06132075471698113 0.11271676300578035
2 0.14976415094339623 0.5014450867052023 0.08726415094339622 0.15895953757225434
2 0.24056603773584906 0.47832369942196534 0.02830188679245283 0.07225433526011561
2 0.2606132075471698 0.5057803468208093 0.030660377358490566 0.06936416184971098
2 0.30778301886792453 0.5202312138728323 0.01650943396226415 0.046242774566473986
2 0.3290094339622642 0.5115606936416185 0.025943396226415096 0.05202312138728324
2 0.4634433962264151 0.5115606936416185 0.054245283018867926 0.11560693641618497
2 0.589622641509434 0.6127167630057804 0.04716981132075472 0.3988439306358382
2 0.6344339622641509 0.48988439306358383 0.03773584905660377 0.06069364161849711
2 0.6686320754716981 0.5 0.030660377358490566 0.06936416184971098
2 0.7865566037735849 0.4956647398843931 0.06367924528301887 0.12427745664739884
2 0.7287735849056604 0.684971098265896 0.2028301886792453 0.6184971098265896
