0 0.0525 0.4790874524714829 0.055 0.20532319391634982
0 0.15125 0.591254752851711 0.0875 0.33079847908745247
0 0.19625 0.5038022813688213 0.0625 0.23193916349809887
0 0.24625 0.55893536121673 0.0725 0.2661596958174905
0 0.355 0.6501901140684411 0.14 0.5171102661596958
0 0.41375 0.6349809885931559 0.1075 0.39543726235741444
0 0.48875 0.5684410646387833 0.0825 0.3155893536121673
0 0.56875 0.6482889733840305 0.1325 0.49049429657794674
0 0.75625 0.596958174904943 0.1175 0.43346007604562736
0 0.685 0.5095057034220533 0.06 0.23574144486692014
0 0.65125 0.48859315589353614 0.0625 0.23954372623574144
0 0.86625 0.49429657794676807 0.0725 0.2737642585551331
0 0.9375 0.5190114068441065 0.085 0.3231939163498099
4 0.495 0.5399239543726235 0.985 0.38783269961977185
