0 0.015822784810126583 0.6971014492753623 0.03164556962025317 0.17101449275362318
0 0.07278481012658228 0.6797101449275362 0.04430379746835443 0.14782608695652175
0 0.10654008438818566 0.717391304347826 0.056962025316455694 0.19420289855072465
0 0.18143459915611815 0.7594202898550725 0.07172995780590717 0.23768115942028986
0 0.22046413502109705 0.691304347826087 0.035864978902953586 0.11884057971014493
0 0.24261603375527427 0.6855072463768116 0.029535864978902954 0.10144927536231885
0 0.3143459915611814 0.6739130434782609 0.029535864978902954 0.10144927536231885
0 0.3322784810126582 0.6710144927536232 0.035864978902953586 0.11884057971014493
0 0.3808016877637131 0.6942028985507246 0.03164556962025317 0.1072463768115942
0 0.4272151898734177 0.6768115942028986 0.027426160337552744 0.10144927536231885
0 0.4440928270042194 0.6811594202898551 0.04008438818565401 0.14492753623188406
0 0.4578059071729958 0.6942028985507246 0.04219409282700422 0.14782608695652175
0 0.5527426160337553 0.6826086956521739 0.029535864978902954 0.1072463768115942
0 0.6149789029535865 0.6884057971014492 0.03164556962025317 0.1072463768115942
0 0.709915611814346 0.7260869565217392 0.06118143459915612 0.20579710144927535
0 0.740506329113924 0.6666666666666666 0.02109704641350211 0.07536231884057971
0 0.7679324894514767 0.6710144927536232 0.02531645569620253 0.09565217391304348
0 0.8291139240506329 0.6623188405797101 0.029535864978902954 0.1072463768115942
0 0.9704641350210971 0.6420289855072464 0.02531645569620253 0.08405797101449275
0 0.9514767932489452 0.6478260869565218 0.02109704641350211 0.07246376811594203
0 0.890295358649789 0.6521739130434783 0.02531645569620253 0.0927536231884058
0 0.8734177215189873 0.6492753623188405 0.02531645569620253 0.0927536231884058
0 0.6360759493670886 0.663768115942029 0.023206751054852322 0.08115942028985507
2 0.15611814345991562 0.6159420289855072 0.029535864978902954 0.03768115942028986
2 0.1540084388185654 0.6565217391304348 0.03375527426160337 0.0782608695652174
2 0.5263713080168776 0.6492753623188405 0.0189873417721519 0.0463768115942029
2 0.5253164556962026 0.6014492753623188 0.02531645569620253 0.06086956521739131
2 0.4873417721518987 0.6855072463768116 0.02531645569620253 0.1246376811594203
2 0.5021097046413502 0.6855072463768116 0.02531645569620253 0.13623188405797101
2 0.79957805907173 0.6318840579710145 0.02109704641350211 0.0463768115942029
2 0.9103375527426161 0.6275362318840579 0.027426160337552744 0.05507246376811594
2 0.9345991561181435 0.6275362318840579 0.02109704641350211 0.043478260869565216
2 0.9367088607594937 0.8289855072463768 0.12236286919831224 0.32463768115942027
2 0.7879746835443038 0.8173913043478261 0.19198312236286919 0.33043478260869563
3 0.08544303797468354 0.14057971014492754 0.12869198312236288 0.2811594202898551
3 0.22151898734177214 0.15942028985507245 0.15611814345991562 0.30144927536231886
