0 0.3325 0.8584905660377359 0.04 0.12578616352201258
0 0.475 0.8569182389937107 0.05 0.1540880503144654
0 0.51125 0.8474842767295597 0.0475 0.14779874213836477
0 0.5275 0.8553459119496856 0.055 0.1761006289308176
0 0.5575 0.8537735849056604 0.05 0.16037735849056603
0 0.57375 0.8443396226415094 0.0575 0.18553459119496854
0 0.60875 0.85062893081761 0.0525 0.16037735849056603
0 0.63375 0.8427672955974843 0.0625 0.18867924528301888
0 0.65625 0.8443396226415094 0.0525 0.17295597484276728
0 0.68 0.8427672955974843 0.065 0.20125786163522014
0 0.70375 0.8443396226415094 0.0525 0.16666666666666666
0 0.7425 0.8411949685534591 0.065 0.21069182389937108
0 0.76625 0.839622641509434 0.0625 0.1949685534591195
0 0.81625 0.8301886792452831 0.0725 0.22012578616352202
0 0.90125 0.8223270440251572 0.0725 0.22955974842767296
0 0.875 0.8443396226415094 0.045 0.14150943396226415
0 0.9425 0.8411949685534591 0.05 0.16037735849056603
0 0.86 0.8317610062893082 0.055 0.16666666666666666
2 0.7825 0.7814465408805031 0.03 0.05345911949685535
2 0.80125 0.8616352201257862 0.0525 0.13836477987421383
2 0.85875 0.7688679245283019 0.0425 0.07232704402515723
2 0.97125 0.7720125786163522 0.0525 0.16037735849056603
2 0.96875 0.8317610062893082 0.0525 0.18553459119496854
