0 0.3245454545454545 0.5453074433656958 0.10727272727272727 0.47572815533980584
0 0.36272727272727273 0.5 0.0890909090909091 0.3851132686084142
0 0.4381818181818182 0.5129449838187702 0.09090909090909091 0.4045307443365696
0 0.46090909090909093 0.5016181229773463 0.07818181818181819 0.3365695792880259
0 0.48 0.46116504854368934 0.06545454545454546 0.28802588996763756
0 0.5572727272727273 0.49029126213592233 0.08181818181818182 0.35275080906148865
0 0.6463636363636364 0.5711974110032363 0.14727272727272728 0.6375404530744336
0 0.759090909090909 0.5097087378640777 0.1 0.4368932038834951
0 0.8336363636363636 0.5064724919093851 0.0890909090909091 0.3851132686084142
0 0.8727272727272727 0.5339805825242718 0.09818181818181818 0.42718446601941745
0 0.22363636363636363 0.5631067961165048 0.11272727272727273 0.49838187702265374
2 0.03909090909090909 0.48381877022653724 0.07090909090909091 0.3592233009708738
2 0.15272727272727274 0.6440129449838188 0.26545454545454544 0.6925566343042071
2 0.18818181818181817 0.33495145631067963 0.05272727272727273 0.10032362459546926
2 0.27636363636363637 0.45145631067961167 0.10545454545454545 0.42394822006472493
2 0.39090909090909093 0.4223300970873786 0.06181818181818182 0.21035598705501618
2 0.42818181818181816 0.313915857605178 0.034545454545454546 0.08414239482200647
2 0.5718181818181818 0.33171521035598706 0.04909090909090909 0.11326860841423948
2 0.6136363636363636 0.32524271844660196 0.04909090909090909 0.08090614886731391
2 0.5172727272727272 0.33495145631067963 0.045454545454545456 0.09385113268608414
2 0.6781818181818182 0.3511326860841424 0.04363636363636364 0.1262135922330097
2 0.7036363636363636 0.37540453074433655 0.05454545454545454 0.16181229773462782
2 0.7227272727272728 0.35275080906148865 0.02727272727272727 0.08414239482200647
2 0.7463636363636363 0.33171521035598706 0.03090909090909091 0.08090614886731391
2 0.7172727272727273 0.2928802588996764 0.045454545454545456 0.08090614886731391
