0 0.07611111111111112 0.4990990990990991 0.15222222222222223 0.6702702702702703
0 0.18388888888888888 0.5504504504504505 0.22555555555555556 0.8918918918918919
0 0.3511111111111111 0.590990990990991 0.20444444444444446 0.8144144144144144
0 0.4538888888888889 0.46306306306306305 0.12333333333333334 0.4864864864864865
0 0.3977777777777778 0.4711711711711712 0.12444444444444444 0.4954954954954955
0 0.56 0.45585585585585586 0.09777777777777778 0.3855855855855856
0 0.2733333333333333 0.3810810810810811 0.07333333333333333 0.29009009009009007
0 0.6427777777777778 0.581981981981982 0.1988888888888889 0.7855855855855856
0 0.7205555555555555 0.5657657657657658 0.17888888888888888 0.7135135135135136
0 0.8 0.545045045045045 0.15777777777777777 0.6252252252252253
0 0.8955555555555555 0.5243243243243243 0.14 0.5585585585585585
2 0.5888888888888889 0.2954954954954955 0.04 0.08648648648648649
2 0.4288888888888889 0.2774774774774775 0.022222222222222223 0.08288288288288288
2 0.12111111111111111 0.23693693693693693 0.07111111111111111 0.14234234234234233
