0 0.3336058871627146 0.4973958333333333 0.1357318070318888 0.5286458333333334
0 0.7273098937040066 0.5052083333333334 0.12346688470973018 0.4817708333333333
2 0.2089125102207686 0.9283854166666666 0.11201962387571546 0.13802083333333334
2 0.4803761242845462 0.9075520833333334 0.10057236304170074 0.16927083333333334
2 0.4946852003270646 0.9739583333333334 0.044153720359771054 0.049479166666666664
2 0.6991005723630417 0.9010416666666666 0.08503679476696648 0.1953125
2 0.08013082583810302 0.5846354166666666 0.058871627146361405 0.2578125
2 0.20564186426819298 0.578125 0.07931316434995912 0.2552083333333333
2 0.07154538021259199 0.4290364583333333 0.07113654946852004 0.15755208333333334
2 0.1884709730171709 0.4244791666666667 0.07931316434995912 0.1875
2 0.04129190515126738 0.3658854166666667 0.05478331970564186 0.20833333333333334
2 0.14513491414554375 0.3678385416666667 0.038430089942763694 0.21223958333333334
2 0.045380212591986914 0.24088541666666666 0.07931316434995912 0.15885416666666666
2 0.0437448896156991 0.15625 0.06950122649223221 0.109375
2 0.02698282910874898 0.0625 0.04088307440719542 0.109375
2 0.1394112837285364 0.23502604166666666 0.0580539656582175 0.12890625
2 0.12837285363859363 0.14973958333333334 0.044153720359771054 0.12760416666666666
2 0.11079313164349959 0.054036458333333336 0.04333605887162715 0.09244791666666667
2 0.25674570727718726 0.3548177083333333 0.05396565821749796 0.18880208333333334
2 0.2518397383483238 0.21484375 0.06050695012264922 0.10416666666666667
2 0.23630417007358953 0.13411458333333334 0.05560098119378577 0.08072916666666667
2 0.21749795584627965 0.07747395833333333 0.058871627146361405 0.15234375
2 0.4517579721995094 0.5651041666666666 0.07277187244480784 0.2526041666666667
2 0.42109566639411283 0.4303385416666667 0.06541291905151267 0.14192708333333334
2 0.4026982829108749 0.3138020833333333 0.06295993458708095 0.17447916666666666
2 0.3798037612428455 0.22916666666666666 0.06950122649223221 0.1171875
2 0.3777596075224857 0.1484375 0.05723630417007359 0.140625
2 0.3704006541291905 0.0546875 0.05560098119378577 0.10677083333333333
2 0.5915780866721178 0.556640625 0.06132461161079313 0.25390625
2 0.5654129190515127 0.4388020833333333 0.053147996729354045 0.17447916666666666
2 0.5461978740801309 0.3313802083333333 0.06214227309893704 0.15755208333333334
2 0.5220768601798855 0.24544270833333334 0.059689288634505316 0.18359375
2 0.5134914145543745 0.11653645833333333 0.05723630417007359 0.08723958333333333
2 0.5130825838103026 0.059895833333333336 0.06295993458708095 0.11197916666666667
2 0.6140637775960752 0.12955729166666666 0.06377759607522486 0.13671875
2 0.6197874080130826 0.224609375 0.050695012264922325 0.13671875
2 0.6488143908421913 0.2981770833333333 0.06459525756336877 0.15625
2 0.6635322976287816 0.4407552083333333 0.0580539656582175 0.16015625
2 0.8254292722812756 0.5690104166666666 0.06950122649223221 0.234375
2 0.7951757972199509 0.3958333333333333 0.041700735895339326 0.125
2 0.7800490596892886 0.302734375 0.050695012264922325 0.11328125
2 0.7469337694194603 0.23046875 0.06132461161079313 0.15625
2 0.7244480784955029 0.15104166666666666 0.0686835650040883 0.15364583333333334
2 0.7219950940310711 0.059895833333333336 0.07031888798037612 0.1171875
2 0.8344235486508585 0.06966145833333333 0.07113654946852004 0.12109375
2 0.8438266557645135 0.17513020833333334 0.04578904333605887 0.19401041666666666
2 0.8675388389206868 0.234375 0.04905968928863451 0.15104166666666666
2 0.9325429272281276 0.90234375 0.09893704006541292 0.1875
2 0.8994276369582993 0.3138020833333333 0.05723630417007359 0.13802083333333334
2 0.9092395748160261 0.4205729166666667 0.05723630417007359 0.1953125
2 0.9329517579721995 0.5677083333333334 0.07031888798037612 0.25
2 0.955437448896157 0.15169270833333334 0.053147996729354045 0.17838541666666666
2 0.9480784955028618 0.08984375 0.06950122649223221 0.1640625
2 0.9697465249386754 0.21484375 0.05396565821749796 0.14322916666666666
2 0.9836467702371219 0.3645833333333333 0.029435813573180702 0.23697916666666666
