0 0.00732421875 0.4643790849673203 0.0146484375 0.06993464052287582
0 0.013671875 0.4235294117647059 0.0068359375 0.023529411764705882
0 0.022216796875 0.4215686274509804 0.00927734375 0.032679738562091505
0 0.0419921875 0.42254901960784313 0.0078125 0.02679738562091503
0 0.0517578125 0.4493464052287582 0.021484375 0.06993464052287582
0 0.114013671875 0.469281045751634 0.02490234375 0.08235294117647059
0 0.123291015625 0.46895424836601307 0.02197265625 0.07254901960784314
0 0.1689453125 0.46045751633986925 0.0234375 0.07647058823529412
0 0.1796875 0.4650326797385621 0.0185546875 0.060784313725490195
0 0.1982421875 0.4970588235294118 0.0341796875 0.11176470588235295
0 0.214111328125 0.503921568627451 0.02978515625 0.09673202614379085
0 0.252685546875 0.4189542483660131 0.02197265625 0.0718954248366013
0 0.24951171875 0.4323529411764706 0.01171875 0.038562091503267976
0 0.1513671875 0.4323529411764706 0.009765625 0.03202614379084967
0 0.1328125 0.41862745098039217 0.0048828125 0.01764705882352941
0 0.1572265625 0.42254901960784313 0.005859375 0.021568627450980392
0 0.165771484375 0.4212418300653595 0.00537109375 0.01895424836601307
0 0.2138671875 0.4820261437908497 0.013671875 0.046405228758169936
0 0.28662109375 0.4650326797385621 0.01953125 0.06339869281045751
0 0.274169921875 0.42712418300653593 0.00634765625 0.02287581699346405
0 0.269775390625 0.4290849673202614 0.00634765625 0.02287581699346405
0 0.313232421875 0.4238562091503268 0.00537109375 0.01895424836601307
0 0.330322265625 0.4196078431372549 0.00439453125 0.01437908496732026
0 0.374267578125 0.43856209150326797 0.02978515625 0.09673202614379085
0 0.39892578125 0.4473856209150327 0.025390625 0.08431372549019608
0 0.421142578125 0.43758169934640523 0.01025390625 0.03594771241830065
0 0.582763671875 0.46339869281045754 0.02197265625 0.0718954248366013
0 0.609375 0.46830065359477124 0.017578125 0.05947712418300653
0 0.6591796875 0.4702614379084967 0.01953125 0.06339869281045751
0 0.9580078125 0.4725490196078431 0.017578125 0.058823529411764705
0 0.976806640625 0.5310457516339869 0.03662109375 0.12091503267973856
2 0.020751953125 0.453921568627451 0.02392578125 0.04379084967320261
2 0.085693359375 0.42026143790849674 0.01416015625 0.0196078431372549
2 0.062255859375 0.43333333333333335 0.00732421875 0.011764705882352941
2 0.1015625 0.43562091503267975 0.0068359375 0.011111111111111112
2 0.66015625 0.4437908496732026 0.0224609375 0.032679738562091505
2 0.739501953125 0.434640522875817 0.01025390625 0.01699346405228758
2 0.808837890625 0.4343137254901961 0.01513671875 0.01764705882352941
2 0.824462890625 0.4388888888888889 0.01220703125 0.013725490196078431
4 0.482666015625 0.4169934640522876 0.02587890625 0.011764705882352941
4 0.34619140625 0.41830065359477125 0.013671875 0.013071895424836602
4 0.58154296875 0.4189542483660131 0.0927734375 0.018300653594771243
4 0.878662109375 0.4245098039215686 0.01513671875 0.01895424836601307
4 0.9560546875 0.4238562091503268 0.005859375 0.015032679738562092
4 0.79052734375 0.4189542483660131 0.0166015625 0.01045751633986928
