0 0.18482039397450753 0.81171875 0.08690614136732329 0.2859375
0 0.9304750869061413 0.79375 0.06488991888760139 0.21875
0 0.8383545770567786 0.80546875 0.09385863267670916 0.3140625
0 0.7891077636152954 0.8109375 0.08574739281575898 0.284375
0 0.7224797219003476 0.79921875 0.08458864426419467 0.2828125
0 0.6871378910776361 0.7859375 0.07415990730011587 0.24375
0 0.2473928157589803 0.83515625 0.0984936268829664 0.3234375
0 0.3088064889918888 0.828125 0.10312862108922363 0.340625
0 0.3429895712630359 0.82890625 0.08342989571263036 0.2796875
0 0.38528389339513325 0.79296875 0.07300115874855156 0.2421875
2 0.17381228273464658 0.90234375 0.06720741599073002 0.1828125
2 0.23522595596755505 0.89296875 0.05330243337195829 0.2078125
2 0.3018539976825029 0.9015625 0.06836616454229433 0.184375
2 0.38933951332560834 0.88828125 0.06952491309385864 0.2109375
2 0.46118192352259557 0.8859375 0.06025492468134415 0.215625
2 0.5179606025492468 0.87578125 0.06257242178447277 0.2390625
2 0.570683661645423 0.8890625 0.0776361529548088 0.21875
2 0.63441483198146 0.88671875 0.06141367323290846 0.2203125
2 0.6871378910776361 0.8796875 0.04866743916570104 0.221875
2 0.7375434530706837 0.88828125 0.056778679026651215 0.2140625
2 0.7856315179606026 0.90234375 0.04866743916570104 0.1859375
2 0.8441483198146003 0.89453125 0.054461181923522596 0.1984375
2 0.906720741599073 0.87578125 0.07068366164542295 0.1640625
2 0.6361529548088065 0.74375 0.046349942062572425 0.140625
2 0.604287369640788 0.653125 0.04982618771726535 0.065625
2 0.3922363847045191 0.6578125 0.03360370799536501 0.071875
2 0.4241019698725377 0.72734375 0.0440324449594438 0.1234375
2 0.473928157589803 0.72890625 0.039397450753186555 0.0921875
2 0.4803012746234067 0.67109375 0.026651216685979143 0.0515625
2 0.5220162224797219 0.7078125 0.04519119351100811 0.13125
2 0.5561993047508691 0.71796875 0.05098493626882966 0.1296875
