0 0.046363636363636364 0.7428057553956835 0.045454545454545456 0.21942446043165467
0 0.09181818181818181 0.762589928057554 0.07454545454545454 0.3669064748201439
0 0.14454545454545453 0.7320143884892086 0.045454545454545456 0.21942446043165467
0 0.21545454545454545 0.7320143884892086 0.056363636363636366 0.2841726618705036
0 0.23545454545454544 0.6924460431654677 0.04181818181818182 0.21223021582733814
0 0.26545454545454544 0.7212230215827338 0.04727272727272727 0.24100719424460432
0 0.31272727272727274 0.7212230215827338 0.04 0.1906474820143885
0 0.3381818181818182 0.7032374100719424 0.04 0.1906474820143885
0 0.36727272727272725 0.762589928057554 0.08 0.38848920863309355
0 0.5363636363636364 0.7140287769784173 0.04727272727272727 0.22661870503597123
0 0.7090909090909091 0.7589928057553957 0.07636363636363637 0.37410071942446044
0 0.7472727272727273 0.6726618705035972 0.03636363636363636 0.17266187050359713
0 0.7936363636363636 0.6798561151079137 0.038181818181818185 0.19424460431654678
0 0.8463636363636363 0.685251798561151 0.04909090909090909 0.24100719424460432
0 0.8654545454545455 0.6492805755395683 0.04 0.1906474820143885
0 0.9072727272727272 0.6780575539568345 0.06181818181818182 0.3057553956834532
0 0.9327272727272727 0.64568345323741 0.03272727272727273 0.1618705035971223
0 0.9672727272727273 0.6996402877697842 0.06545454545454546 0.37050359712230213
