0 0.035 0.6387900355871886 0.054 0.23843416370106763
0 0.105 0.5960854092526691 0.138 0.6014234875444839
0 0.22 0.5836298932384342 0.16 0.697508896797153
0 0.319 0.6120996441281139 0.098 0.43416370106761565
0 0.363 0.6459074733096085 0.062 0.28113879003558717
0 0.462 0.594306049822064 0.176 0.7615658362989324
0 0.518 0.6067615658362989 0.148 0.6512455516014235
0 0.603 0.6423487544483986 0.07 0.302491103202847
0 0.653 0.6174377224199288 0.114 0.501779359430605
0 0.705 0.6103202846975089 0.166 0.7295373665480427
0 0.771 0.6281138790035588 0.114 0.501779359430605
0 0.862 0.6334519572953736 0.076 0.3416370106761566
0 0.95 0.6263345195729537 0.1 0.4412811387900356
0 0.97 0.6423487544483986 0.06 0.41637010676156583
