0 0.09 0.5 0.032 0.10933333333333334
0 0.118 0.504 0.04 0.13333333333333333
0 0.146 0.49466666666666664 0.032 0.104
0 0.191 0.6306666666666667 0.118 0.38666666666666666
0 0.26 0.6786666666666666 0.144 0.4666666666666667
0 0.233 0.484 0.026 0.09333333333333334
0 0.319 0.6746666666666666 0.19 0.624
0 0.407 0.6213333333333333 0.114 0.37333333333333335
0 0.476 0.656 0.152 0.5013333333333333
0 0.515 0.5893333333333334 0.102 0.33066666666666666
0 0.603 0.5933333333333334 0.114 0.37066666666666664
0 0.749 0.6613333333333333 0.202 0.656
0 0.866 0.5173333333333333 0.048 0.16
0 0.899 0.4866666666666667 0.018 0.06133333333333333
0 0.916 0.488 0.016 0.05333333333333334
0 0.943 0.496 0.018 0.058666666666666666
0 0.994 0.492 0.012 0.06133333333333333
2 0.939 0.46 0.026 0.034666666666666665
2 0.699 0.432 0.046 0.07466666666666667
2 0.65 0.468 0.056 0.09333333333333334
2 0.557 0.4573333333333333 0.038 0.056
2 0.436 0.444 0.04 0.06133333333333333
