0 0.03090909090909091 0.6270161290322581 0.06181818181818182 0.5524193548387096
0 0.12181818181818181 0.6008064516129032 0.11272727272727273 0.6129032258064516
0 0.1918181818181818 0.6270161290322581 0.1 0.5524193548387096
0 0.25272727272727274 0.6149193548387096 0.10545454545454545 0.5846774193548387
0 0.3236363636363636 0.6189516129032258 0.10545454545454545 0.5766129032258065
0 0.37727272727272726 0.6088709677419355 0.11090909090909092 0.5967741935483871
0 0.42727272727272725 0.6431451612903226 0.10181818181818182 0.5524193548387096
0 0.48454545454545456 0.6370967741935484 0.1 0.5564516129032258
0 0.5527272727272727 0.6229838709677419 0.10545454545454545 0.5685483870967742
0 0.62 0.6612903225806451 0.09454545454545454 0.5161290322580645
0 0.6736363636363636 0.6169354838709677 0.11090909090909092 0.6048387096774194
0 0.759090909090909 0.6370967741935484 0.10363636363636364 0.5725806451612904
0 0.8209090909090909 0.6310483870967742 0.09636363636363636 0.5201612903225806
0 0.8881818181818182 0.6612903225806451 0.09272727272727273 0.5080645161290323
0 0.9427272727272727 0.655241935483871 0.1 0.5443548387096774
2 0.43272727272727274 0.32661290322580644 0.03272727272727273 0.08870967741935484
2 0.46090909090909093 0.4032258064516129 0.034545454545454546 0.11290322580645161
2 0.5154545454545455 0.3649193548387097 0.04181818181818182 0.10887096774193548
2 0.5827272727272728 0.3790322580645161 0.03090909090909091 0.11290322580645161
2 0.29 0.34475806451612906 0.04909090909090909 0.11693548387096774
2 0.7863636363636364 0.3709677419354839 0.04181818181818182 0.12096774193548387
2 0.8918181818181818 0.8649193548387096 0.09636363636363636 0.22983870967741934
