0 0.2973186119873817 0.5611940298507463 0.13722397476340695 0.6328358208955224
0 0.015772870662460567 0.44776119402985076 0.031545741324921134 0.16119402985074627
0 0.05993690851735016 0.4582089552238806 0.028391167192429023 0.14029850746268657
0 0.0859621451104101 0.4716417910447761 0.02050473186119874 0.0955223880597015
0 0.11277602523659307 0.43582089552238806 0.03627760252365931 0.16716417910447762
0 0.13485804416403785 0.46567164179104475 0.02050473186119874 0.10149253731343283
0 0.16009463722397477 0.43134328358208956 0.033123028391167195 0.15223880597014924
0 0.1892744479495268 0.41044776119402987 0.03785488958990536 0.1761194029850746
0 0.221608832807571 0.4208955223880597 0.033123028391167195 0.16119402985074627
0 0.3391167192429022 0.41044776119402987 0.031545741324921134 0.14626865671641792
0 0.3548895899053628 0.39552238805970147 0.03785488958990536 0.1761194029850746
0 0.3864353312302839 0.3925373134328358 0.04100946372239748 0.1880597014925373
0 0.4085173501577287 0.40298507462686567 0.031545741324921134 0.15522388059701492
0 0.42665615141955837 0.4014925373134328 0.02996845425867508 0.14626865671641792
0 0.4392744479495268 0.3895522388059702 0.033123028391167195 0.15223880597014924
0 0.45662460567823343 0.4014925373134328 0.033123028391167195 0.15223880597014924
0 0.4944794952681388 0.4044776119402985 0.02996845425867508 0.14029850746268657
0 0.5260252365930599 0.41492537313432837 0.02365930599369085 0.10746268656716418
0 0.5433753943217665 0.3835820895522388 0.03627760252365931 0.1701492537313433
0 0.5623028391167192 0.3850746268656716 0.033123028391167195 0.15522388059701492
0 0.5717665615141956 0.39552238805970147 0.026813880126182965 0.12835820895522387
0 0.5899053627760252 0.3805970149253731 0.031545741324921134 0.15223880597014924
0 0.6151419558359621 0.3746268656716418 0.028391167192429023 0.14029850746268657
0 0.6246056782334385 0.40298507462686567 0.031545741324921134 0.14925373134328357
0 0.637223974763407 0.3776119402985075 0.028391167192429023 0.13432835820895522
0 0.6514195583596214 0.3805970149253731 0.03470031545741325 0.1701492537313433
0 0.6766561514195584 0.3880597014925373 0.031545741324921134 0.14925373134328357
0 0.692429022082019 0.3746268656716418 0.03470031545741325 0.1582089552238806
0 0.7082018927444795 0.3761194029850746 0.03470031545741325 0.16119402985074627
0 0.7350157728706624 0.3686567164179104 0.03470031545741325 0.16417910447761194
0 0.749211356466877 0.3761194029850746 0.03470031545741325 0.16119402985074627
0 0.7760252365930599 0.3716417910447761 0.031545741324921134 0.15223880597014924
0 0.7941640378548895 0.373134328358209 0.033123028391167195 0.16119402985074627
0 0.8178233438485805 0.3776119402985075 0.03627760252365931 0.1701492537313433
0 0.833596214511041 0.3701492537313433 0.033123028391167195 0.15522388059701492
0 0.8541009463722398 0.3686567164179104 0.03943217665615142 0.1880597014925373
0 0.8793375394321766 0.3805970149253731 0.033123028391167195 0.16417910447761194
0 0.8966876971608833 0.3835820895522388 0.03627760252365931 0.1761194029850746
0 0.9156151419558359 0.3880597014925373 0.03627760252365931 0.17313432835820897
0 0.9566246056782335 0.3776119402985075 0.04258675078864353 0.2
0 0.9771293375394322 0.3850746268656716 0.04574132492113565 0.208955223880597
0 0.0946372239747634 0.4253731343283582 0.03470031545741325 0.16417910447761194
0 0.31703470031545744 0.4044776119402985 0.03470031545741325 0.1701492537313433
2 0.4108832807570978 0.6029850746268657 0.11829652996845426 0.208955223880597
2 0.055993690851735015 0.35522388059701493 0.017350157728706624 0.041791044776119404
2 0.07018927444794952 0.3492537313432836 0.02050473186119874 0.04776119402985075
2 0.13485804416403785 0.34328358208955223 0.017350157728706624 0.029850746268656716
2 0.13170347003154576 0.36716417910447763 0.017350157728706624 0.041791044776119404
2 0.15141955835962145 0.3402985074626866 0.015772870662460567 0.03582089552238806
2 0.22082018927444794 0.3238805970149254 0.01892744479495268 0.03283582089552239
2 0.46214511041009465 0.31343283582089554 0.015772870662460567 0.041791044776119404
2 0.5102523659305994 0.3328358208955224 0.017350157728706624 0.04477611940298507
2 0.5228706624605678 0.3208955223880597 0.017350157728706624 0.03880597014925373
2 0.5764984227129337 0.32238805970149254 0.014195583596214511 0.03582089552238806
2 0.8209779179810726 0.2865671641791045 0.017350157728706624 0.041791044776119404
2 0.9227129337539433 0.282089552238806 0.01892744479495268 0.04477611940298507
