0 0.051 0.6021021021021021 0.046 0.17717717717717718
0 0.089 0.6006006006006006 0.038 0.13813813813813813
0 0.109 0.6006006006006006 0.038 0.14414414414414414
0 0.126 0.6081081081081081 0.04 0.14714714714714713
0 0.165 0.5915915915915916 0.03 0.12012012012012012
0 0.194 0.6021021021021021 0.036 0.12912912912912913
0 0.245 0.6216216216216216 0.098 0.36036036036036034
0 0.269 0.5990990990990991 0.03 0.11711711711711711
0 0.324 0.5975975975975976 0.028 0.10810810810810811
0 0.396 0.6381381381381381 0.12 0.44744744744744747
0 0.44 0.5990990990990991 0.02 0.07507507507507508
0 0.467 0.6066066066066066 0.014 0.05405405405405406
0 0.569 0.6501501501501501 0.162 0.5915915915915916
0 0.679 0.6171171171171171 0.074 0.2732732732732733
0 0.778 0.6486486486486487 0.116 0.4264264264264264
0 0.884 0.6276276276276276 0.088 0.3303303303303303
0 0.913 0.6066066066066066 0.046 0.16816816816816818
