0 0.11458333333333333 0.5824074074074074 0.08194444444444444 0.26851851851851855
0 0.17152777777777778 0.5388888888888889 0.0625 0.2074074074074074
0 0.20625 0.6638888888888889 0.10972222222222222 0.3574074074074074
0 0.2326388888888889 0.5037037037037037 0.04583333333333333 0.15185185185185185
0 0.2659722222222222 0.49444444444444446 0.043055555555555555 0.14074074074074075
0 0.2861111111111111 0.47314814814814815 0.03611111111111111 0.12037037037037036
0 0.40208333333333335 0.5851851851851851 0.08194444444444444 0.27037037037037037
0 0.5583333333333333 0.6703703703703704 0.10555555555555556 0.34814814814814815
0 0.6618055555555555 0.562962962962963 0.0625 0.2037037037037037
0 0.6847222222222222 0.6092592592592593 0.07777777777777778 0.2518518518518518
0 0.9555555555555556 0.6074074074074074 0.07777777777777778 0.25555555555555554
0 0.8513888888888889 0.5592592592592592 0.058333333333333334 0.18888888888888888
0 0.7729166666666667 0.5277777777777778 0.04583333333333333 0.14814814814814814
0 0.7430555555555556 0.5046296296296297 0.03888888888888889 0.12777777777777777
0 0.6173611111111111 0.5138888888888888 0.04583333333333333 0.15
0 0.5923611111111111 0.4962962962962963 0.034722222222222224 0.11481481481481481
0 0.5722222222222222 0.4675925925925926 0.030555555555555555 0.10185185185185185
2 0.42569444444444443 0.4666666666666667 0.03194444444444444 0.06666666666666667
