0 0.04384615384615385 0.5870901639344263 0.0876923076923077 0.42008196721311475
0 0.1823076923076923 0.7397540983606558 0.1523076923076923 0.5
0 0.26 0.49385245901639346 0.08923076923076922 0.29508196721311475
0 0.36230769230769233 0.6157786885245902 0.1276923076923077 0.41598360655737704
0 0.4115384615384615 0.5061475409836066 0.08153846153846153 0.27049180327868855
0 0.536923076923077 0.3432377049180328 0.04923076923076923 0.16188524590163936
0 0.6146153846153846 0.5051229508196722 0.10307692307692308 0.3422131147540984
0 0.666923076923077 0.6536885245901639 0.14307692307692307 0.46311475409836067
0 0.7753846153846153 0.33709016393442626 0.055384615384615386 0.17827868852459017
0 0.926923076923077 0.5112704918032787 0.09692307692307692 0.32172131147540983
0 0.7330769230769231 0.75 0.1523076923076923 0.4959016393442623
