0 0.03833333333333333 0.6571072319201995 0.07666666666666666 0.4014962593516209
0 0.17833333333333334 0.6546134663341646 0.10333333333333333 0.3865336658354115
0 0.2708333333333333 0.6795511221945137 0.09833333333333333 0.36159600997506236
0 0.38083333333333336 0.655860349127182 0.10166666666666667 0.3740648379052369
0 0.4375 0.5810473815461347 0.035 0.13466334164588528
0 0.495 0.6508728179551122 0.1 0.3740648379052369
0 0.5691666666666667 0.6097256857855362 0.058333333333333334 0.2119700748129676
0 0.6225 0.6583541147132169 0.10166666666666667 0.3740648379052369
0 0.6608333333333334 0.5935162094763092 0.06166666666666667 0.2344139650872818
0 0.7058333333333333 0.6608478802992519 0.105 0.38403990024937656
0 0.8 0.6620947630922693 0.10333333333333333 0.38154613466334164
0 0.7966666666666666 0.5935162094763092 0.06333333333333334 0.2344139650872818
0 0.89 0.5835411471321695 0.06 0.2194513715710723
