0 0.14875 0.5276752767527675 0.2175 0.7896678966789668
0 0.32625 0.5645756457564576 0.2125 0.7749077490774908
0 0.4525 0.511070110701107 0.225 0.8081180811808119
0 0.67375 0.551660516605166 0.2175 0.7933579335793358
0 0.75125 0.25276752767527677 0.1325 0.4833948339483395
0 0.825 0.37084870848708484 0.16 0.5793357933579336
0 0.915 0.5682656826568265 0.17 0.8118081180811808
0 0.1 0.12361623616236163 0.065 0.24723247232472326
0 0.0375 0.06642066420664207 0.035 0.13284132841328414
0 0.16125 0.11623616236162361 0.0625 0.22509225092250923
0 0.2675 0.11992619926199262 0.065 0.23985239852398524
0 0.2925 0.11623616236162361 0.06 0.22509225092250923
0 0.38625 0.12361623616236163 0.0675 0.23985239852398524
0 0.45625 0.11439114391143912 0.0625 0.22878228782287824
2 0.945 0.12546125461254612 0.05 0.0959409594095941
2 0.97 0.042435424354243544 0.04 0.07749077490774908
2 0.93 0.05719557195571956 0.055 0.11439114391143912
2 0.89375 0.0959409594095941 0.0525 0.1918819188191882
