0 0.052 0.503003003003003 0.072 0.2732732732732733
0 0.135 0.539039039039039 0.214 0.7897897897897898
0 0.246 0.512012012012012 0.164 0.6036036036036037
0 0.336 0.5195195195195195 0.076 0.27627627627627627
0 0.374 0.5540540540540541 0.08 0.3033033033033033
0 0.442 0.5285285285285285 0.092 0.34234234234234234
0 0.522 0.5480480480480481 0.132 0.4894894894894895
0 0.495 0.539039039039039 0.114 0.4174174174174174
0 0.605 0.5525525525525525 0.174 0.6486486486486487
0 0.682 0.539039039039039 0.08 0.3033033033033033
0 0.739 0.5645645645645646 0.122 0.45045045045045046
0 0.793 0.5435435435435435 0.082 0.3003003003003003
0 0.843 0.5840840840840841 0.142 0.5195195195195195
0 0.899 0.56006006006006 0.086 0.3153153153153153
0 0.955 0.5480480480480481 0.09 0.3333333333333333
2 0.887 0.4189189189189189 0.022 0.057057057057057055
2 0.415 0.4069069069069069 0.026 0.04504504504504504
2 0.049 0.4594594594594595 0.058 0.14414414414414414
