0 0.057272727272727274 0.7297734627831716 0.08545454545454545 0.37216828478964403
0 0.09909090909090909 0.7103559870550162 0.07454545454545454 0.3333333333333333
0 0.12363636363636364 0.6990291262135923 0.06909090909090909 0.3106796116504854
0 0.14636363636363636 0.6877022653721683 0.06363636363636363 0.28802588996763756
0 0.19636363636363635 0.7475728155339806 0.08 0.34951456310679613
0 0.3118181818181818 0.7135922330097088 0.11090909090909092 0.48220064724919093
0 0.40545454545454546 0.7281553398058253 0.10181818181818182 0.44660194174757284
0 0.4827272727272727 0.7135922330097088 0.10727272727272727 0.4692556634304207
0 0.5509090909090909 0.7281553398058253 0.10545454545454545 0.459546925566343
0 0.6363636363636364 0.7443365695792881 0.10181818181818182 0.44660194174757284
0 0.7045454545454546 0.7152103559870551 0.06727272727272728 0.3042071197411003
0 0.8036363636363636 0.7103559870550162 0.06545454545454546 0.29449838187702265
0 0.8590909090909091 0.7135922330097088 0.07090909090909091 0.313915857605178
0 0.9127272727272727 0.7411003236245954 0.10545454545454545 0.46601941747572817
0 0.7754545454545455 0.6957928802588996 0.06363636363636363 0.2783171521035599
0 0.7481818181818182 0.6779935275080906 0.056363636363636366 0.255663430420712
0 0.37727272727272726 0.6699029126213593 0.06727272727272728 0.2912621359223301
4 0.11363636363636363 0.5647249190938511 0.21272727272727274 0.11974110032362459
4 0.8163636363636364 0.6407766990291263 0.36363636363636365 0.23948220064724918
