0 0.44711538461538464 0.6362229102167183 0.08269230769230769 0.32507739938080493
0 0.5471153846153847 0.6393188854489165 0.09423076923076923 0.3746130030959752
0 0.6480769230769231 0.6300309597523219 0.08461538461538462 0.33746130030959753
0 0.6721153846153847 0.6563467492260062 0.10576923076923077 0.4148606811145511
0 0.7125 0.6114551083591331 0.06346153846153846 0.25077399380804954
0 0.7557692307692307 0.6191950464396285 0.07692307692307693 0.30959752321981426
0 0.7846153846153846 0.6393188854489165 0.09615384615384616 0.3746130030959752
0 0.8163461538461538 0.6207430340557275 0.07115384615384615 0.28173374613003094
0 0.875 0.6253869969040248 0.08461538461538462 0.33436532507739936
0 0.9423076923076923 0.6238390092879257 0.07692307692307693 0.3065015479876161
4 0.1971153846153846 0.6021671826625387 0.3942307692307692 0.20743034055727555
