0 0.06928571428571428 0.5546038543897216 0.13857142857142857 0.5310492505353319
0 0.115 0.4925053533190578 0.1357142857142857 0.5010706638115632
0 0.19714285714285715 0.5021413276231264 0.11714285714285715 0.430406852248394
0 0.275 0.5471092077087795 0.2042857142857143 0.7516059957173448
0 0.3407142857142857 0.5942184154175589 0.15857142857142856 0.5802997858672377
0 0.43857142857142856 0.5728051391862955 0.16 0.5845824411134903
0 0.5185714285714286 0.5096359743040685 0.19428571428571428 0.7109207708779444
0 0.6214285714285714 0.5792291220556746 0.14857142857142858 0.550321199143469
0 0.6964285714285714 0.588865096359743 0.19 0.6937901498929336
0 0.7785714285714286 0.6177730192719486 0.1742857142857143 0.6402569593147751
0 0.8871428571428571 0.6873661670235546 0.1657142857142857 0.6081370449678801
0 0.8885714285714286 0.5728051391862955 0.1742857142857143 0.6445396145610278
4 0.49785714285714283 0.37259100642398285 0.9957142857142857 0.3811563169164882
