0 0.25435203094777564 0.6463768115942029 0.2572533849129594 0.47246376811594204
0 0.534816247582205 0.6521739130434783 0.25338491295938104 0.463768115942029
0 0.7137330754352031 0.6340579710144928 0.26692456479690524 0.48840579710144927
0 0.4090909090909091 0.12971014492753624 0.07543520309477757 0.14057971014492754
0 0.4381044487427466 0.11304347826086956 0.08704061895551257 0.16231884057971013
0 0.5067698259187621 0.13115942028985508 0.07736943907156674 0.14347826086956522
0 0.5270793036750484 0.10942028985507246 0.08704061895551257 0.16376811594202897
0 0.6247582205029013 0.13333333333333333 0.10058027079303675 0.18840579710144928
0 0.6054158607350096 0.11884057971014493 0.11992263056092843 0.22028985507246376
0 0.7998065764023211 0.1471014492753623 0.07543520309477757 0.13768115942028986
0 0.8781431334622823 0.15797101449275364 0.05415860735009671 0.10144927536231885
0 0.8646034816247582 0.13115942028985508 0.061895551257253385 0.11739130434782609
0 0.8558994197292069 0.07971014492753623 0.07543520309477757 0.1391304347826087
0 0.0851063829787234 0.13695652173913042 0.08897485493230174 0.16376811594202897
0 0.1595744680851064 0.16884057971014493 0.04061895551257253 0.07971014492753623
2 0.7485493230174082 0.15217391304347827 0.10444874274661509 0.11884057971014493
2 0.0851063829787234 0.2028985507246377 0.11605415860735009 0.06956521739130435
2 0.2504835589941973 0.18333333333333332 0.1102514506769826 0.10869565217391304
4 0.2330754352030948 0.1565217391304348 0.1760154738878143 0.12173913043478261
4 0.045454545454545456 0.09057971014492754 0.06382978723404255 0.06811594202898551
