0 0.223125 0.49530956848030017 0.14375 0.5290806754221389
0 0.39625 0.5093808630393997 0.0775 0.28330206378986866
0 0.4175 0.5065666041275797 0.08 0.2926829268292683
0 0.444375 0.5065666041275797 0.08375 0.31144465290806755
0 0.4725 0.5103189493433395 0.085 0.31144465290806755
0 0.494375 0.5140712945590994 0.09125 0.3339587242026266
0 0.5175 0.5187617260787992 0.0925 0.3433395872420263
0 0.5475 0.5225140712945591 0.095 0.34709193245778613
0 0.575625 0.5262664165103189 0.09875 0.3621013133208255
0 0.034375 0.50093808630394 0.03625 0.13133208255159476
0 0.10625 0.49624765478424016 0.0325 0.11819887429643527
0 0.119375 0.5046904315196998 0.02625 0.10131332082551595
0 0.130625 0.5131332082551595 0.02625 0.09943714821763602
0 0.165625 0.5103189493433395 0.02875 0.1050656660412758
0 0.14625 0.5046904315196998 0.0275 0.10131332082551595
0 0.1575 0.5084427767354597 0.03 0.10881801125703565
0 0.1525 0.5046904315196998 0.0275 0.1050656660412758
0 0.629375 0.5328330206378987 0.10375 0.3789868667917448
0 0.674375 0.5318949343339587 0.10875 0.40337711069418386
0 0.699375 0.524390243902439 0.09875 0.36585365853658536
0 0.755 0.5384615384615384 0.105 0.38649155722326456
0 0.805 0.5272045028142589 0.1 0.3677298311444653
0 0.858125 0.5328330206378987 0.10625 0.39399624765478425
0 0.890625 0.5262664165103189 0.09625 0.3545966228893058
0 0.936875 0.5384615384615384 0.10125 0.3714821763602251
0 0.844375 0.5150093808630394 0.09375 0.34709193245778613
2 0.78625 0.3677298311444653 0.025 0.0675422138836773
2 0.72875 0.3771106941838649 0.0225 0.05628517823639775
2 0.65875 0.36866791744840527 0.02 0.06941838649155722
2 0.50625 0.3677298311444653 0.0125 0.0675422138836773
4 0.605 0.3696060037523452 0.0225 0.06378986866791744
4 0.48125 0.33864915572232646 0.02 0.020637898686679174
