0 0.9901960784313726 0.6886446886446886 0.0196078431372549 0.13186813186813187
0 0.9607843137254902 0.7765567765567766 0.06666666666666667 0.30036630036630035
0 0.9303921568627451 0.7912087912087912 0.041176470588235294 0.1978021978021978
0 0.8970588235294118 0.7435897435897436 0.060784313725490195 0.2783882783882784
0 0.9274509803921569 0.6135531135531136 0.027450980392156862 0.13553113553113552
0 0.9588235294117647 0.6062271062271062 0.0196078431372549 0.0989010989010989
0 0.8696078431372549 0.6355311355311355 0.049019607843137254 0.22344322344322345
0 0.8372549019607843 0.6904761904761905 0.054901960784313725 0.2600732600732601
0 0.7754901960784314 0.8663003663003663 0.052941176470588235 0.25274725274725274
0 0.8205882352941176 0.6062271062271062 0.045098039215686274 0.21611721611721613
0 0.8470588235294118 0.5567765567765568 0.027450980392156862 0.12454212454212454
0 0.7862745098039216 0.575091575091575 0.047058823529411764 0.21978021978021978
0 0.692156862745098 0.6996336996336996 0.06274509803921569 0.2857142857142857
0 0.6686274509803921 0.6776556776556777 0.054901960784313725 0.26373626373626374
0 0.6460784313725491 0.6648351648351648 0.052941176470588235 0.2454212454212454
0 0.6147058823529412 0.6703296703296703 0.049019607843137254 0.23443223443223443
0 0.5617647058823529 0.6703296703296703 0.056862745098039215 0.26373626373626374
0 0.8637254901960785 0.5567765567765568 0.03333333333333333 0.16117216117216118
0 0.7578431372549019 0.5457875457875457 0.041176470588235294 0.19047619047619047
0 0.7147058823529412 0.6208791208791209 0.052941176470588235 0.23809523809523808
0 0.5745098039215686 0.5989010989010989 0.050980392156862744 0.2454212454212454
0 0.9735294117647059 0.8992673992673993 0.041176470588235294 0.18681318681318682
0 0.692156862745098 0.47435897435897434 0.023529411764705882 0.12087912087912088
0 0.6196078431372549 0.46703296703296704 0.03529411764705882 0.1575091575091575
0 0.5970588235294118 0.43956043956043955 0.041176470588235294 0.1978021978021978
0 0.5715686274509804 0.4139194139194139 0.021568627450980392 0.10989010989010989
0 0.5401960784313725 0.4157509157509158 0.021568627450980392 0.10622710622710622
0 0.5137254901960784 0.4908424908424908 0.0196078431372549 0.10256410256410256
0 0.5088235294117647 0.6153846153846154 0.029411764705882353 0.1391941391941392
0 0.492156862745098 0.6666666666666666 0.054901960784313725 0.2564102564102564
0 0.44509803921568625 0.7216117216117216 0.043137254901960784 0.20512820512820512
0 0.6509803921568628 0.43956043956043955 0.0196078431372549 0.10256410256410256
0 0.7382352941176471 0.4432234432234432 0.021568627450980392 0.10256410256410256
0 0.6313725490196078 0.37545787545787546 0.023529411764705882 0.11355311355311355
0 0.6107843137254902 0.336996336996337 0.01764705882352941 0.08058608058608059
0 0.48627450980392156 0.38461538461538464 0.0196078431372549 0.10256410256410256
0 0.4803921568627451 0.5146520146520146 0.023529411764705882 0.12087912087912088
0 0.44313725490196076 0.5695970695970696 0.01568627450980392 0.0695970695970696
0 0.7313725490196078 0.5439560439560439 0.03529411764705882 0.1575091575091575
0 0.5137254901960784 0.35714285714285715 0.027450980392156862 0.1282051282051282
0 0.4627450980392157 0.35714285714285715 0.027450980392156862 0.13553113553113552
0 0.4549019607843137 0.4835164835164835 0.03137254901960784 0.14652014652014653
0 0.47941176470588237 0.4194139194139194 0.00980392156862745 0.047619047619047616
0 0.4323529411764706 0.4816849816849817 0.021568627450980392 0.0989010989010989
0 0.396078431372549 0.4633699633699634 0.01568627450980392 0.08424908424908426
0 0.4264705882352941 0.34065934065934067 0.029411764705882353 0.14652014652014653
0 0.3980392156862745 0.3772893772893773 0.0196078431372549 0.10256410256410256
0 0.40784313725490196 0.2692307692307692 0.011764705882352941 0.054945054945054944
0 0.40588235294117647 0.3553113553113553 0.027450980392156862 0.12454212454212454
0 0.7725490196078432 0.304029304029304 0.011764705882352941 0.05128205128205128
0 0.7509803921568627 0.36813186813186816 0.0196078431372549 0.09157509157509157
0 0.7794117647058824 0.5366300366300366 0.041176470588235294 0.20146520146520147
0 0.3627450980392157 0.23809523809523808 0.023529411764705882 0.11721611721611722
0 0.34509803921568627 0.2326007326007326 0.011764705882352941 0.06227106227106227
0 0.44607843137254904 0.32967032967032966 0.03333333333333333 0.15384615384615385
0 0.4931372549019608 0.36813186813186816 0.03333333333333333 0.16483516483516483
0 0.25 0.532967032967033 0.025490196078431372 0.11355311355311355
0 0.2411764705882353 0.4523809523809524 0.0196078431372549 0.0989010989010989
0 0.2872549019607843 0.2838827838827839 0.013725490196078431 0.0695970695970696
0 0.2607843137254902 0.3131868131868132 0.0196078431372549 0.09157509157509157
0 0.2519607843137255 0.37545787545787546 0.01764705882352941 0.07692307692307693
0 0.2833333333333333 0.3663003663003663 0.013725490196078431 0.07326007326007326
0 0.2911764705882353 0.4249084249084249 0.01764705882352941 0.08058608058608059
0 0.30196078431372547 0.5036630036630036 0.0196078431372549 0.0989010989010989
0 0.3235294117647059 0.4816849816849817 0.01568627450980392 0.0695970695970696
0 0.3196078431372549 0.3992673992673993 0.01568627450980392 0.07326007326007326
0 0.3696078431372549 0.3717948717948718 0.01764705882352941 0.07692307692307693
0 0.3813725490196078 0.41208791208791207 0.013725490196078431 0.06227106227106227
0 0.37058823529411766 0.47435897435897434 0.00784313725490196 0.047619047619047616
0 0.3637254901960784 0.5842490842490843 0.03333333333333333 0.15018315018315018
0 0.40980392156862744 0.5586080586080586 0.0196078431372549 0.0989010989010989
0 0.4137254901960784 0.7435897435897436 0.023529411764705882 0.11721611721611722
0 0.38333333333333336 0.8040293040293041 0.025490196078431372 0.12087912087912088
0 0.3392156862745098 0.7124542124542125 0.03529411764705882 0.16483516483516483
0 0.14313725490196078 0.8937728937728938 0.043137254901960784 0.1978021978021978
0 0.21274509803921568 0.40476190476190477 0.01764705882352941 0.08424908424908426
0 0.20294117647058824 0.5274725274725275 0.025490196078431372 0.11721611721611722
0 0.19117647058823528 0.8608058608058609 0.056862745098039215 0.26373626373626374
0 0.24313725490196078 0.8974358974358975 0.0392156862745098 0.18315018315018314
0 0.2696078431372549 0.782051282051282 0.025490196078431372 0.1282051282051282
0 0.34509803921568627 0.8443223443223443 0.0196078431372549 0.0989010989010989
0 0.3843137254901961 0.9340659340659341 0.023529411764705882 0.10989010989010989
0 0.4107843137254902 0.9065934065934066 0.03725490196078431 0.17216117216117216
0 0.25588235294117645 0.2271062271062271 0.00980392156862745 0.05860805860805861
0 0.2725490196078431 0.27106227106227104 0.011764705882352941 0.05128205128205128
0 0.41274509803921566 0.21428571428571427 0.00980392156862745 0.054945054945054944
0 0.04019607843137255 0.5567765567765568 0.025490196078431372 0.12454212454212454
0 0.07647058823529412 0.489010989010989 0.027450980392156862 0.13553113553113552
0 0.37450980392156863 0.2564102564102564 0.023529411764705882 0.11721611721611722
0 0.39215686274509803 0.29304029304029305 0.00784313725490196 0.04395604395604396
0 0.23627450980392156 0.7490842490842491 0.03725490196078431 0.17216117216117216
0 0.2235294117647059 0.7710622710622711 0.023529411764705882 0.12087912087912088
0 0.33431372549019606 0.554945054945055 0.013725490196078431 0.06227106227106227
1 0.5950980392156863 0.8937728937728938 0.041176470588235294 0.19047619047619047
1 0.5264705882352941 0.7783882783882784 0.045098039215686274 0.21611721611721613
1 0.7529411764705882 0.782051282051282 0.054901960784313725 0.2600732600732601
2 0.041176470588235294 0.7655677655677655 0.058823529411764705 0.1684981684981685
2 0.04019607843137255 0.9560439560439561 0.041176470588235294 0.08058608058608059
2 0.08235294117647059 0.9560439560439561 0.03529411764705882 0.08058608058608059
2 0.3588235294117647 0.9633699633699634 0.0392156862745098 0.06593406593406594
2 0.3558823529411765 0.9175824175824175 0.025490196078431372 0.03296703296703297
2 0.3127450980392157 0.5036630036630036 0.021568627450980392 0.040293040293040296
4 0.21666666666666667 0.04395604395604396 0.060784313725490195 0.08058608058608059
4 0.2901960784313726 0.047619047619047616 0.08627450980392157 0.08058608058608059
4 0.35490196078431374 0.06593406593406594 0.043137254901960784 0.06593406593406594
4 0.4 0.09706959706959707 0.050980392156862744 0.07692307692307693
4 0.2980392156862745 0.12454212454212454 0.07450980392156863 0.07326007326007326
4 0.35490196078431374 0.1282051282051282 0.0392156862745098 0.05860805860805861
4 0.29901960784313725 0.19963369963369965 0.07254901960784314 0.07692307692307693
4 0.4470588235294118 0.1282051282051282 0.043137254901960784 0.08058608058608059
4 0.5117647058823529 0.1391941391941392 0.08627450980392157 0.08791208791208792
4 0.5862745098039216 0.1813186813186813 0.058823529411764705 0.09157509157509157
4 0.7843137254901961 0.11172161172161173 0.058823529411764705 0.0695970695970696
4 0.8470588235294118 0.10805860805860806 0.07058823529411765 0.0695970695970696
4 0.9401960784313725 0.11355311355311355 0.11568627450980393 0.05128205128205128
4 0.6666666666666666 0.25457875457875456 0.09803921568627451 0.07692307692307693
4 0.5823529411764706 0.25824175824175827 0.07058823529411765 0.0695970695970696
4 0.5254901960784314 0.23626373626373626 0.058823529411764705 0.10622710622710622
4 0.8303921568627451 0.4267399267399267 0.060784313725490195 0.0989010989010989
4 0.7705882352941177 0.36996336996337 0.023529411764705882 0.06593406593406594
4 0.6911764705882353 0.34065934065934067 0.052941176470588235 0.09523809523809523
4 0.6509803921568628 0.33882783882783885 0.03137254901960784 0.09157509157509157
4 0.7676470588235295 0.4267399267399267 0.045098039215686274 0.03296703296703297
4 0.5656862745098039 0.32051282051282054 0.045098039215686274 0.06227106227106227
4 0.5323529411764706 0.32051282051282054 0.021568627450980392 0.054945054945054944
4 0.3990196078431373 0.1684981684981685 0.049019607843137254 0.06593406593406594
4 0.44509803921568625 0.20695970695970695 0.043137254901960784 0.08424908424908426
4 0.48137254901960785 0.2454212454212454 0.029411764705882353 0.12454212454212454
4 0.353921568627451 0.17399267399267399 0.041176470588235294 0.040293040293040296
4 0.2235294117647059 0.27106227106227104 0.0392156862745098 0.06593406593406594
4 0.31862745098039214 0.2893772893772894 0.056862745098039215 0.10989010989010989
4 0.3029411764705882 0.3608058608058608 0.01764705882352941 0.047619047619047616
4 0.3352941176470588 0.3626373626373626 0.0196078431372549 0.05128205128205128
4 0.3911764705882353 0.23443223443223443 0.021568627450980392 0.05860805860805861
4 0.20098039215686275 0.6556776556776557 0.041176470588235294 0.08058608058608059
4 0.26666666666666666 0.4523809523809524 0.0196078431372549 0.08424908424908426
4 0.28137254901960784 0.5457875457875457 0.029411764705882353 0.07326007326007326
4 0.31666666666666665 0.5641025641025641 0.025490196078431372 0.07326007326007326
4 0.39215686274509803 0.5256410256410257 0.01568627450980392 0.047619047619047616
4 0.28627450980392155 0.6373626373626373 0.0392156862745098 0.09523809523809523
4 0.28137254901960784 0.7161172161172161 0.029411764705882353 0.06227106227106227
4 0.3323529411764706 0.6135531135531136 0.021568627450980392 0.02564102564102564
4 0.22647058823529412 0.33882783882783885 0.01764705882352941 0.047619047619047616
4 0.24313725490196078 0.32234432234432236 0.0196078431372549 0.029304029304029304
4 0.3911764705882353 0.5842490842490843 0.029411764705882353 0.0695970695970696
