0 0.04909090909090909 0.7384196185286104 0.09454545454545454 0.34332425068119893
0 0.07454545454545454 0.7888283378746594 0.07272727272727272 0.26430517711171664
0 0.12272727272727273 0.7779291553133515 0.07454545454545454 0.27520435967302453
0 0.09454545454545454 0.726158038147139 0.08727272727272728 0.3242506811989101
0 0.16545454545454547 0.7697547683923706 0.07272727272727272 0.26975476839237056
0 0.13454545454545455 0.717983651226158 0.08363636363636363 0.3133514986376022
0 0.19636363636363635 0.7629427792915532 0.06909090909090909 0.2615803814713896
0 0.2290909090909091 0.7574931880108992 0.06545454545454546 0.2452316076294278
0 0.17272727272727273 0.6280653950953679 0.025454545454545455 0.1008174386920981
0 0.19545454545454546 0.7125340599455041 0.07818181818181819 0.28610354223433243
0 0.23727272727272727 0.6307901907356949 0.023636363636363636 0.08991825613079019
0 0.26 0.771117166212534 0.06181818181818182 0.22888283378746593
0 0.29363636363636364 0.7683923705722071 0.06 0.21798365122615804
0 0.3236363636363636 0.7683923705722071 0.06181818181818182 0.22888283378746593
0 0.3572727272727273 0.7602179836512262 0.06363636363636363 0.23433242506811988
0 0.3936363636363636 0.7615803814713896 0.06727272727272728 0.24795640326975477
0 0.4263636363636364 0.7574931880108992 0.06727272727272728 0.2561307901907357
0 0.46090909090909093 0.7574931880108992 0.06727272727272728 0.2561307901907357
0 0.49454545454545457 0.7479564032697548 0.06909090909090909 0.25340599455040874
0 0.5345454545454545 0.7452316076294278 0.07272727272727272 0.27520435967302453
0 0.5863636363636363 0.7438692098092643 0.07454545454545454 0.2724795640326976
0 0.4481818181818182 0.715258855585831 0.07818181818181819 0.28610354223433243
0 0.28545454545454546 0.6348773841961853 0.02909090909090909 0.11444141689373297
0 0.31727272727272726 0.723433242506812 0.07454545454545454 0.27520435967302453
0 0.35454545454545455 0.6253405994550408 0.02909090909090909 0.10626702997275204
0 0.2636363636363636 0.7316076294277929 0.06545454545454546 0.24250681198910082
0 0.48363636363636364 0.7138964577656676 0.07636363636363637 0.2888283378746594
0 0.5172727272727272 0.720708446866485 0.07454545454545454 0.28065395095367845
0 0.5554545454545454 0.717983651226158 0.07090909090909091 0.26430517711171664
0 0.6309090909090909 0.7465940054495913 0.07272727272727272 0.2724795640326976
0 0.6363636363636364 0.7125340599455041 0.08 0.29155313351498635
0 0.6745454545454546 0.7561307901907357 0.06909090909090909 0.25340599455040874
0 0.6672727272727272 0.720708446866485 0.07636363636363637 0.28065395095367845
0 0.7181818181818181 0.7561307901907357 0.06909090909090909 0.25340599455040874
0 0.7054545454545454 0.723433242506812 0.07636363636363637 0.28610354223433243
0 0.7445454545454545 0.723433242506812 0.07818181818181819 0.29155313351498635
0 0.7672727272727272 0.7602179836512262 0.06909090909090909 0.2615803814713896
0 0.8054545454545454 0.7643051771117166 0.06545454545454546 0.24250681198910082
0 0.7863636363636364 0.7247956403269755 0.07818181818181819 0.28337874659400547
0 0.8445454545454546 0.7779291553133515 0.056363636363636366 0.21525885558583105
0 0.83 0.7302452316076294 0.08181818181818182 0.2997275204359673
0 0.8863636363636364 0.7356948228882834 0.07818181818181819 0.2888283378746594
0 0.88 0.7806539509536785 0.06181818181818182 0.23160762942779292
0 0.9281818181818182 0.782016348773842 0.06 0.21798365122615804
0 0.9490909090909091 0.7942779291553134 0.06545454545454546 0.23705722070844687
2 0.3890909090909091 0.5994550408719346 0.02181818181818182 0.04904632152588556
2 0.4218181818181818 0.5940054495912807 0.02909090909090909 0.0653950953678474
2 0.5981818181818181 0.5940054495912807 0.02181818181818182 0.043596730245231606
