0 0.89296875 0.5802083333333333 0.2140625 0.8145833333333333
0 0.86796875 0.29375 0.0203125 0.06666666666666667
0 0.7984375 0.4479166666666667 0.1 0.32916666666666666
0 0.71015625 0.38333333333333336 0.0734375 0.2375
0 0.621875 0.37916666666666665 0.075 0.24583333333333332
0 0.60078125 0.3458333333333333 0.0546875 0.18333333333333332
0 0.55 0.346875 0.05625 0.18958333333333333
0 0.52578125 0.3229166666666667 0.0328125 0.1125
0 0.4609375 0.35833333333333334 0.065625 0.2125
0 0.39609375 0.36770833333333336 0.0609375 0.20208333333333334
0 0.3453125 0.36770833333333336 0.0625 0.20625
0 0.2890625 0.3729166666666667 0.06875 0.225
0 0.23984375 0.41354166666666664 0.0890625 0.28958333333333336
0 0.17421875 0.5385416666666667 0.1609375 0.5270833333333333
0 0.04921875 0.4479166666666667 0.0984375 0.3416666666666667
0 0.16328125 0.43020833333333336 0.0796875 0.2604166666666667
2 0.49140625 0.39479166666666665 0.0609375 0.13958333333333334
3 0.05703125 0.7854166666666667 0.0890625 0.3
3 0.2453125 0.6875 0.05625 0.2625
3 0.2984375 0.68125 0.05625 0.25416666666666665
3 0.34921875 0.659375 0.0484375 0.22291666666666668
3 0.29296875 0.515625 0.0421875 0.05625
3 0.35 0.5135416666666667 0.04375 0.06875
3 0.39921875 0.5083333333333333 0.0390625 0.075
3 0.459375 0.5083333333333333 0.040625 0.06666666666666667
3 0.553125 0.671875 0.053125 0.21875
3 0.615625 0.653125 0.046875 0.20625
