0 0.16636363636363635 0.5068119891008175 0.07454545454545454 0.2724795640326976
0 0.25636363636363635 0.5013623978201635 0.08 0.2997275204359673
0 0.33181818181818185 0.5326975476839237 0.10363636363636364 0.38419618528610355
0 0.4809090909090909 0.5163487738419619 0.10363636363636364 0.3787465940054496
0 0.7363636363636363 0.5286103542234333 0.12 0.44686648501362397
0 0.8981818181818182 0.5517711171662125 0.11636363636363636 0.42779291553133514
0 0.86 0.38419618528610355 0.01818181818181818 0.07084468664850137
0 0.8490909090909091 0.3869209809264305 0.01818181818181818 0.07084468664850137
0 0.8381818181818181 0.3896457765667575 0.01818181818181818 0.07629427792915532
0 0.8236363636363636 0.3896457765667575 0.01818181818181818 0.07629427792915532
0 0.7918181818181819 0.391008174386921 0.023636363636363636 0.08446866485013624
0 0.7790909090909091 0.391008174386921 0.02 0.07901907356948229
0 0.67 0.39509536784741145 0.02727272727272727 0.09809264305177112
0 0.6572727272727272 0.39509536784741145 0.02727272727272727 0.09809264305177112
0 0.6472727272727272 0.40054495912806537 0.02181818181818182 0.08719346049046321
0 0.5645454545454546 0.39645776566757496 0.012727272727272728 0.051771117166212535
0 0.5781818181818181 0.3814713896457766 0.007272727272727273 0.027247956403269755
0 0.8154545454545454 0.391008174386921 0.02 0.07901907356948229
0 0.6145454545454545 0.4032697547683924 0.01818181818181818 0.07629427792915532
0 0.6345454545454545 0.3991825613079019 0.025454545454545455 0.09536784741144415
0 0.4481818181818182 0.40054495912806537 0.012727272727272728 0.04904632152588556
0 0.3690909090909091 0.4196185286103542 0.025454545454545455 0.09809264305177112
0 0.38181818181818183 0.4128065395095368 0.02181818181818182 0.08991825613079019
0 0.3927272727272727 0.4114441416893733 0.025454545454545455 0.09264305177111716
0 0.3981818181818182 0.4087193460490463 0.02181818181818182 0.08719346049046321
0 0.3518181818181818 0.3678474114441417 0.00909090909090909 0.043596730245231606
0 0.34454545454545454 0.38283378746594005 0.00909090909090909 0.035422343324250684
0 0.35909090909090907 0.3651226158038147 0.00909090909090909 0.0326975476839237
0 0.06181818181818182 0.3923705722070845 0.02181818181818182 0.08174386920980926
0 0.017272727272727273 0.3923705722070845 0.023636363636363636 0.09264305177111716
0 0.025454545454545455 0.3923705722070845 0.02181818181818182 0.08174386920980926
0 0.07636363636363637 0.3801089918256131 0.014545454545454545 0.051771117166212535
0 0.04 0.3978201634877384 0.01818181818181818 0.07084468664850137
2 0.97 0.5980926430517711 0.056363636363636366 0.14986376021798364
2 0.97 0.5 0.034545454545454546 0.04632152588555858
4 0.7663636363636364 0.3583106267029973 0.016363636363636365 0.02452316076294278
4 0.37454545454545457 0.3528610354223433 0.01818181818181818 0.02452316076294278
4 0.11181818181818182 0.3746594005449591 0.034545454545454546 0.04632152588555858
