0 0.16916666666666666 0.54375 0.035 0.1275
0 0.1275 0.5375 0.035 0.13
0 0.3408333333333333 0.54875 0.021666666666666667 0.0875
0 0.41 0.56625 0.043333333333333335 0.1675
0 0.38333333333333336 0.5475 0.023333333333333334 0.095
0 0.5808333333333333 0.57625 0.03166666666666667 0.1175
0 0.6308333333333334 0.57 0.025 0.1
0 0.5316666666666666 0.57625 0.02666666666666667 0.1025
0 0.4791666666666667 0.57 0.028333333333333332 0.105
0 0.74 0.57125 0.023333333333333334 0.0875
0 0.8016666666666666 0.575 0.02 0.075
0 0.8225 0.575 0.021666666666666667 0.085
0 0.99 0.55875 0.016666666666666666 0.0625
0 0.9241666666666667 0.56875 0.011666666666666667 0.0475
0 0.8958333333333334 0.56375 0.011666666666666667 0.0475
0 0.88 0.5625 0.01 0.045
4 0.0625 0.49875 0.035 0.0475
4 0.21333333333333335 0.50875 0.05333333333333334 0.0475
4 0.25333333333333335 0.505 0.02 0.025
4 0.23083333333333333 0.5625 0.10166666666666667 0.105
4 0.060833333333333336 0.57375 0.11833333333333333 0.1025
4 0.30833333333333335 0.54625 0.02666666666666667 0.0925
4 0.605 0.53625 0.016666666666666666 0.0425
4 0.5025 0.5575 0.028333333333333332 0.07
4 0.4525 0.53 0.021666666666666667 0.04
4 0.4275 0.5475 0.025 0.055
4 0.3575 0.53625 0.018333333333333333 0.0275
4 0.6716666666666666 0.56 0.03 0.06
4 0.7433333333333333 0.51625 0.02 0.0275
4 0.8516666666666667 0.565 0.03333333333333333 0.045
4 0.9533333333333334 0.5625 0.02666666666666667 0.055
