0 0.88875 0.6023166023166023 0.0825 0.32432432432432434
0 0.79875 0.6042471042471043 0.0825 0.3204633204633205
0 0.74125 0.5984555984555985 0.0775 0.30115830115830117
0 0.66625 0.5888030888030888 0.0875 0.3436293436293436
0 0.60375 0.5791505791505791 0.0925 0.3552123552123552
0 0.4775 0.5888030888030888 0.095 0.3667953667953668
0 0.3925 0.6023166023166023 0.085 0.32432432432432434
0 0.33125 0.5868725868725869 0.0875 0.33976833976833976
0 0.25875 0.5945945945945946 0.0875 0.33204633204633205
0 0.17125 0.5984555984555985 0.0825 0.3088803088803089
0 0.355 0.5965250965250966 0.075 0.2972972972972973
0 0.5075 0.5907335907335908 0.09 0.3474903474903475
0 0.24125 0.8243243243243243 0.0875 0.3436293436293436
0 0.465 0.5965250965250966 0.085 0.3281853281853282
2 0.5075 0.7760617760617761 0.115 0.18532818532818532
4 0.5075 0.8861003861003861 0.97 0.21235521235521235
