0 0.056 0.6126760563380281 0.112 0.5352112676056338
0 0.092 0.5158450704225352 0.1 0.44014084507042256
0 0.126 0.6179577464788732 0.116 0.5105633802816901
0 0.155 0.5316901408450704 0.102 0.43661971830985913
0 0.187 0.625 0.118 0.5035211267605634
0 0.223 0.5211267605633803 0.106 0.4647887323943662
0 0.256 0.6161971830985915 0.116 0.5070422535211268
0 0.284 0.5105633802816901 0.108 0.4647887323943662
0 0.318 0.6144366197183099 0.112 0.4894366197183099
0 0.328 0.5158450704225352 0.1 0.44014084507042256
0 0.368 0.6161971830985915 0.112 0.4788732394366197
0 0.383 0.5264084507042254 0.102 0.44014084507042256
0 0.423 0.6214788732394366 0.106 0.4612676056338028
0 0.441 0.5264084507042254 0.106 0.45422535211267606
0 0.488 0.6126760563380281 0.108 0.47183098591549294
0 0.509 0.5264084507042254 0.098 0.426056338028169
0 0.55 0.6073943661971831 0.108 0.4753521126760563
0 0.568 0.528169014084507 0.096 0.4225352112676056
0 0.611 0.602112676056338 0.106 0.4647887323943662
0 0.63 0.5369718309859155 0.092 0.397887323943662
0 0.675 0.602112676056338 0.106 0.45774647887323944
0 0.655 0.5105633802816901 0.094 0.4084507042253521
0 0.713 0.5140845070422535 0.094 0.4154929577464789
0 0.745 0.6126760563380281 0.106 0.45774647887323944
0 0.778 0.5140845070422535 0.096 0.4225352112676056
0 0.805 0.5985915492957746 0.11 0.4859154929577465
0 0.829 0.4982394366197183 0.102 0.44014084507042256
0 0.864 0.6003521126760564 0.104 0.4471830985915493
0 0.889 0.5035211267605634 0.09 0.39436619718309857
0 0.93 0.5950704225352113 0.108 0.47183098591549294
0 0.954 0.5475352112676056 0.092 0.4612676056338028
