0 0.02890625 0.48717948717948717 0.0578125 0.22377622377622378
0 0.07578125 0.6048951048951049 0.0953125 0.3473193473193473
0 0.12265625 0.6596736596736597 0.1234375 0.4522144522144522
0 0.16796875 0.6515151515151515 0.1484375 0.5431235431235432
0 0.234375 0.5979020979020979 0.1 0.3706293706293706
0 0.32578125 0.5885780885780886 0.1078125 0.3939393939393939
0 0.4578125 0.5221445221445221 0.096875 0.3543123543123543
0 0.528125 0.6072261072261073 0.121875 0.44988344988344986
0 0.54140625 0.7167832167832168 0.1515625 0.5524475524475524
0 0.6484375 0.5396270396270396 0.09375 0.3473193473193473
0 0.71796875 0.6666666666666666 0.1796875 0.6526806526806527
0 0.88359375 0.5734265734265734 0.1171875 0.4289044289044289
0 0.95390625 0.32167832167832167 0.0703125 0.26107226107226106
0 0.890625 0.32051282051282054 0.071875 0.2680652680652681
0 0.84609375 0.3135198135198135 0.0609375 0.22144522144522144
0 0.765625 0.3135198135198135 0.0625 0.23543123543123542
0 0.690625 0.32167832167832167 0.059375 0.22377622377622378
0 0.62265625 0.32517482517482516 0.0609375 0.22144522144522144
0 0.50546875 0.32867132867132864 0.0578125 0.2097902097902098
0 0.46875 0.32867132867132864 0.05 0.1864801864801865
0 0.371875 0.337995337995338 0.046875 0.17715617715617715
2 0.5375 0.3613053613053613 0.059375 0.10722610722610723
2 0.5765625 0.31934731934731936 0.040625 0.09324009324009325
2 0.6203125 0.7773892773892774 0.1 0.351981351981352
4 0.1890625 0.36363636363636365 0.334375 0.10256410256410256
