0 0.9645833333333333 0.6435185185185185 0.07083333333333333 0.31296296296296294
0 0.8930555555555556 0.5712962962962963 0.075 0.2462962962962963
0 0.7631944444444444 0.5666666666666667 0.06527777777777778 0.21851851851851853
0 0.7368055555555556 0.612037037037037 0.08472222222222223 0.2759259259259259
0 0.64375 0.5824074074074074 0.07916666666666666 0.2611111111111111
0 0.5944444444444444 0.5611111111111111 0.04722222222222222 0.15925925925925927
0 0.5270833333333333 0.5814814814814815 0.06527777777777778 0.21481481481481482
0 0.4736111111111111 0.5537037037037037 0.044444444444444446 0.14444444444444443
0 0.44166666666666665 0.5694444444444444 0.06111111111111111 0.19814814814814816
0 0.4236111111111111 0.5435185185185185 0.041666666666666664 0.1425925925925926
0 0.40902777777777777 0.6962962962962963 0.09027777777777778 0.2962962962962963
0 0.38472222222222224 0.5333333333333333 0.041666666666666664 0.14074074074074075
0 0.35694444444444445 0.5657407407407408 0.05277777777777778 0.17592592592592593
0 0.32708333333333334 0.6222222222222222 0.09305555555555556 0.3074074074074074
0 0.25 0.6101851851851852 0.08055555555555556 0.26481481481481484
0 0.1875 0.5953703703703703 0.06944444444444445 0.23148148148148148
0 0.14027777777777778 0.5888888888888889 0.06388888888888888 0.2074074074074074
0 0.09583333333333334 0.5694444444444444 0.05277777777777778 0.17592592592592593
0 0.04861111111111111 0.5527777777777778 0.04722222222222222 0.1574074074074074
0 0.025 0.5564814814814815 0.041666666666666664 0.1388888888888889
0 0.07777777777777778 0.5722222222222222 0.044444444444444446 0.14444444444444443
0 0.28194444444444444 0.5472222222222223 0.05 0.1685185185185185
0 0.5666666666666667 0.5592592592592592 0.041666666666666664 0.13703703703703704
