0 0.035 0.5960960960960962 0.07 0.3333333333333333
0 0.202 0.53003003003003 0.044 0.17117117117117117
0 0.301 0.45795795795795796 0.05 0.1891891891891892
0 0.323 0.5900900900900901 0.086 0.3153153153153153
0 0.487 0.5855855855855856 0.09 0.3303303303303303
0 0.603 0.4894894894894895 0.042 0.16216216216216217
0 0.627 0.4864864864864865 0.034 0.12612612612612611
0 0.699 0.5735735735735735 0.09 0.3303303303303303
0 0.936 0.5945945945945946 0.084 0.3063063063063063
0 0.461 0.45795795795795796 0.046 0.17117117117117117
0 0.527 0.47297297297297297 0.034 0.12912912912912913
0 0.577 0.493993993993994 0.038 0.14114114114114115
0 0.502 0.4954954954954955 0.044 0.16816816816816818
2 0.472 0.3738738738738739 0.012 0.04504504504504504
2 0.49 0.3963963963963964 0.028 0.036036036036036036
2 0.482 0.36186186186186187 0.008 0.02702702702702703
2 0.531 0.4024024024024024 0.034 0.05405405405405406
2 0.788 0.512012012012012 0.028 0.08708708708708708
2 0.888 0.515015015015015 0.024 0.06306306306306306
