0 0.0927734375 0.5973011363636364 0.095703125 0.33948863636363635
0 0.15625 0.6100852272727273 0.146484375 0.5213068181818182
0 0.470703125 0.4559659090909091 0.0703125 0.2528409090909091
0 0.552734375 0.5553977272727273 0.099609375 0.35511363636363635
0 0.5859375 0.5525568181818182 0.11328125 0.40625
0 0.677734375 0.5447443181818182 0.123046875 0.44176136363636365
0 0.74365234375 0.5419034090909091 0.0927734375 0.328125
0 0.9140625 0.5610795454545454 0.09765625 0.3465909090909091
0 0.9677734375 0.546875 0.029296875 0.10795454545454546
0 0.26806640625 0.5887784090909091 0.0302734375 0.10653409090909091
0 0.3447265625 0.5823863636363636 0.025390625 0.09375
0 0.3671875 0.5923295454545454 0.015625 0.056818181818181816
0 0.38037109375 0.5958806818181818 0.0126953125 0.04971590909090909
0 0.35498046875 0.5923295454545454 0.0146484375 0.056818181818181816
0 0.2294921875 0.5944602272727273 0.021484375 0.07528409090909091
2 0.0185546875 0.6193181818181818 0.015625 0.05965909090909091
2 0.03857421875 0.6221590909090909 0.0224609375 0.0625
