0 0.02547169811320755 0.5919732441471572 0.0509433962264151 0.3277591973244147
0 0.01509433962264151 0.6688963210702341 0.03018867924528302 0.1939799331103679
0 0.09905660377358491 0.6137123745819398 0.07358490566037736 0.3177257525083612
0 0.14245283018867924 0.6036789297658863 0.062264150943396226 0.2709030100334448
0 0.18396226415094338 0.6555183946488294 0.11509433962264151 0.5083612040133779
0 0.24245283018867925 0.6120401337792643 0.06981132075471698 0.3076923076923077
0 0.3330188679245283 0.6237458193979933 0.062264150943396226 0.2709030100334448
0 0.3745283018867924 0.6270903010033445 0.062264150943396226 0.2709030100334448
0 0.42735849056603775 0.6270903010033445 0.05849056603773585 0.26421404682274247
0 0.4990566037735849 0.6421404682274248 0.0660377358490566 0.28762541806020064
0 0.9075471698113208 0.6705685618729097 0.06792452830188679 0.2976588628762542
0 0.8018867924528302 0.6638795986622074 0.06037735849056604 0.26421404682274247
