0 0.9333333333333333 0.6846846846846847 0.058333333333333334 0.21621621621621623
0 0.8572916666666667 0.7072072072072072 0.08541666666666667 0.30930930930930933
0 0.8135416666666667 0.6711711711711712 0.06041666666666667 0.2132132132132132
0 0.7416666666666667 0.7087087087087087 0.08333333333333333 0.29429429429429427
0 0.6822916666666666 0.6636636636636637 0.04791666666666667 0.17417417417417416
0 0.6364583333333333 0.6606606606606606 0.04791666666666667 0.17417417417417416
0 0.5739583333333333 0.7582582582582582 0.11875 0.4174174174174174
0 0.49270833333333336 0.7027027027027027 0.07708333333333334 0.2702702702702703
0 0.45 0.7402402402402403 0.14583333333333334 0.5135135135135135
0 0.209375 0.7342342342342343 0.14791666666666667 0.5195195195195195
0 0.09583333333333334 0.6981981981981982 0.0875 0.30930930930930933
0 0.334375 0.6816816816816816 0.06458333333333334 0.22822822822822822
0 0.28541666666666665 0.6786786786786787 0.058333333333333334 0.21021021021021022
0 0.2625 0.6936936936936937 0.08333333333333333 0.29429429429429427
0 0.029166666666666667 0.6711711711711712 0.058333333333333334 0.27927927927927926
0 0.5541666666666667 0.6711711711711712 0.05 0.1831831831831832
