0 0.06354166666666666 0.4708333333333333 0.052083333333333336 0.175
0 0.11145833333333334 0.5208333333333334 0.06458333333333334 0.20833333333333334
0 0.16666666666666666 0.49444444444444446 0.058333333333333334 0.18888888888888888
0 0.2677083333333333 0.5138888888888888 0.04791666666666667 0.15555555555555556
0 0.30833333333333335 0.6166666666666667 0.07083333333333333 0.2388888888888889
0 0.34791666666666665 0.5597222222222222 0.06666666666666667 0.225
0 0.434375 0.6097222222222223 0.07291666666666667 0.2361111111111111
0 0.4739583333333333 0.6555555555555556 0.09375 0.3111111111111111
0 0.5177083333333333 0.5652777777777778 0.06875 0.225
0 0.5364583333333334 0.6236111111111111 0.07291666666666667 0.24166666666666667
0 0.5854166666666667 0.6611111111111111 0.09166666666666666 0.3055555555555556
0 0.721875 0.6736111111111112 0.09375 0.30833333333333335
0 0.7958333333333333 0.6777777777777778 0.0875 0.2833333333333333
0 0.8708333333333333 0.6958333333333333 0.08333333333333333 0.275
0 0.9677083333333333 0.7402777777777778 0.06458333333333334 0.3527777777777778
0 0.365625 0.5138888888888888 0.06041666666666667 0.19444444444444445
2 0.590625 0.5041666666666667 0.052083333333333336 0.09166666666666666
