0 0.10916666666666666 0.665 0.03833333333333333 0.145
0 0.1375 0.665 0.041666666666666664 0.15
0 0.16833333333333333 0.66625 0.03666666666666667 0.1375
0 0.19083333333333333 0.67 0.035 0.135
0 0.015833333333333335 0.675 0.028333333333333332 0.105
0 0.2825 0.6225 0.03166666666666667 0.125
0 0.24833333333333332 0.62 0.03 0.115
0 0.33166666666666667 0.61875 0.03 0.1175
0 0.35083333333333333 0.6625 0.03166666666666667 0.125
0 0.39666666666666667 0.67 0.04666666666666667 0.17
0 0.445 0.66375 0.03333333333333333 0.1275
0 0.42916666666666664 0.6175 0.028333333333333332 0.11
0 0.5733333333333334 0.65875 0.03333333333333333 0.1275
0 0.6425 0.66125 0.035 0.1375
0 0.6791666666666667 0.64875 0.028333333333333332 0.1075
0 0.7175 0.6175 0.028333333333333332 0.11
0 0.7408333333333333 0.61625 0.028333333333333332 0.1075
0 0.9266666666666666 0.655 0.03333333333333333 0.13
0 0.835 0.615 0.023333333333333334 0.09
0 0.20833333333333334 0.62125 0.03 0.1125
0 0.18083333333333335 0.61625 0.028333333333333332 0.1025
0 0.09333333333333334 0.67625 0.03 0.1075
2 0.8183333333333334 0.65125 0.03333333333333333 0.0825
2 0.7908333333333334 0.64125 0.03833333333333333 0.0625
