0 0.159 0.5180180180180181 0.254 0.933933933933934
0 0.488 0.5705705705705706 0.228 0.8348348348348348
0 0.722 0.527027027027027 0.18 0.6696696696696697
0 0.813 0.4924924924924925 0.138 0.5105105105105106
0 0.899 0.46846846846846846 0.118 0.43243243243243246
0 0.956 0.4444444444444444 0.088 0.3843843843843844
0 0.303 0.4594594594594595 0.186 0.6786786786786787
0 0.427 0.45645645645645644 0.114 0.42042042042042044
0 0.368 0.42492492492492495 0.108 0.3993993993993994
0 0.578 0.41291291291291293 0.1 0.3633633633633634
0 0.637 0.45795795795795796 0.11 0.4114114114114114
0 0.613 0.4024024024024024 0.094 0.3483483483483483
0 0.775 0.4219219219219219 0.118 0.44144144144144143
2 0.226 0.2777777777777778 0.04 0.12312312312312312
2 0.528 0.26126126126126126 0.056 0.17417417417417416
4 0.042 0.12912912912912913 0.08 0.21621621621621623
4 0.222 0.14714714714714713 0.12 0.18618618618618618
4 0.397 0.1906906906906907 0.13 0.16516516516516516
4 0.581 0.25225225225225223 0.058 0.11411411411411411
4 0.853 0.2057057057057057 0.062 0.07507507507507508
