0 0.1125 0.6933085501858736 0.11 0.4052044609665427
0 0.29625 0.6877323420074349 0.0825 0.29739776951672864
0 0.36 0.6579925650557621 0.06 0.22304832713754646
0 0.91375 0.6784386617100372 0.0875 0.3308550185873606
0 0.8225 0.6840148698884758 0.085 0.31226765799256506
0 0.74625 0.6765799256505576 0.0775 0.2825278810408922
0 0.59 0.6524163568773235 0.075 0.2788104089219331
0 0.5225 0.6598513011152416 0.075 0.2788104089219331
2 0.80375 0.7546468401486989 0.1175 0.26022304832713755
2 0.66375 0.7490706319702602 0.1225 0.2788104089219331
2 0.4975 0.7657992565055762 0.12 0.31226765799256506
2 0.39875 0.7509293680297398 0.0825 0.2899628252788104
2 0.32625 0.7397769516728625 0.0775 0.275092936802974
2 0.41625 0.5910780669144982 0.0725 0.17100371747211895
2 0.465 0.6078066914498141 0.03 0.137546468401487
