0 0.7883333333333333 0.7698924731182796 0.12666666666666668 0.4043010752688172
0 0.8941666666666667 0.6494623655913978 0.09833333333333333 0.3096774193548387
0 0.735 0.6172043010752688 0.07666666666666666 0.24086021505376345
0 0.3016666666666667 0.6376344086021506 0.07333333333333333 0.23440860215053763
0 0.3308333333333333 0.6849462365591398 0.06166666666666667 0.1956989247311828
0 0.425 0.6193548387096774 0.08666666666666667 0.27956989247311825
0 0.515 0.5817204301075268 0.07 0.22580645161290322
0 0.835 0.5408602150537635 0.04 0.12688172043010754
0 0.9616666666666667 0.6204301075268818 0.05 0.16559139784946236
0 0.9825 0.535483870967742 0.035 0.11612903225806452
0 0.525 0.5172043010752688 0.02 0.07096774193548387
0 0.3983333333333333 0.5688172043010753 0.04666666666666667 0.15268817204301074
2 0.47833333333333333 0.6978494623655914 0.09333333333333334 0.23010752688172043
2 0.6141666666666666 0.6924731182795699 0.125 0.21505376344086022
2 0.5925 0.5559139784946237 0.06166666666666667 0.10967741935483871
2 0.39166666666666666 0.6483870967741936 0.09 0.14408602150537633
4 0.3358333333333333 0.5021505376344086 0.10833333333333334 0.07956989247311828
4 0.62 0.45268817204301076 0.07666666666666666 0.05806451612903226
4 0.8841666666666667 0.44516129032258067 0.105 0.11182795698924732
