0 0.09818181818181818 0.517426273458445 0.10181818181818182 0.3699731903485255
0 0.12545454545454546 0.5844504021447721 0.10909090909090909 0.40214477211796246
0 0.18545454545454546 0.6809651474530831 0.13818181818181818 0.49865951742627346
0 0.3936363636363636 0.4812332439678284 0.07818181818181819 0.28150134048257375
0 0.47363636363636363 0.5187667560321716 0.09272727272727273 0.3351206434316354
0 0.5618181818181818 0.5804289544235925 0.12 0.43699731903485256
0 0.02727272727272727 0.35924932975871315 0.05454545454545454 0.289544235924933
0 0.07636363636363637 0.3820375335120643 0.08727272727272728 0.3136729222520107
0 0.14727272727272728 0.3739946380697051 0.06909090909090909 0.2546916890080429
0 0.19727272727272727 0.4061662198391421 0.06727272727272728 0.24932975871313673
0 0.24636363636363637 0.44906166219839144 0.04909090909090909 0.1742627345844504
0 0.2609090909090909 0.37131367292225204 0.07818181818181819 0.28150134048257375
0 0.28909090909090907 0.36863270777479895 0.06545454545454546 0.2386058981233244
0 0.34 0.38873994638069703 0.06909090909090909 0.257372654155496
0 0.40454545454545454 0.37667560321715815 0.056363636363636366 0.2064343163538874
0 0.6936363636363636 0.49463806970509383 0.07090909090909091 0.26005361930294907
0 0.730909090909091 0.4477211796246649 0.05454545454545454 0.19839142091152814
0 0.8054545454545454 0.5227882037533512 0.09454545454545454 0.3378016085790885
0 0.9463636363636364 0.5013404825737265 0.07090909090909091 0.26273458445040215
0 0.9818181818181818 0.4195710455764075 0.03636363636363636 0.21715817694369974
0 0.92 0.40214477211796246 0.05454545454545454 0.2037533512064343
0 0.8854545454545455 0.39276139410187666 0.05818181818181818 0.21715817694369974
0 0.8545454545454545 0.3820375335120643 0.05454545454545454 0.19571045576407506
0 0.8127272727272727 0.3847184986595174 0.06181818181818182 0.22788203753351208
0 0.7427272727272727 0.3873994638069705 0.06363636363636363 0.23324396782841822
0 0.7618181818181818 0.37131367292225204 0.05454545454545454 0.2064343163538874
0 0.6754545454545454 0.3847184986595174 0.056363636363636366 0.21179624664879357
0 0.6281818181818182 0.38605898123324395 0.06 0.21447721179624665
0 0.5918181818181818 0.3806970509383378 0.04909090909090909 0.18230563002680966
0 0.5863636363636363 0.4879356568364611 0.08181818181818182 0.2949061662198391
0 0.5281818181818182 0.3967828418230563 0.06 0.21447721179624665
2 0.3890909090909091 0.2868632707774799 0.02909090909090909 0.09651474530831099
2 0.4445454545454545 0.289544235924933 0.04181818181818182 0.08579088471849866
2 0.4918181818181818 0.30160857908847183 0.04181818181818182 0.08310991957104558
2 0.5436363636363636 0.29222520107238603 0.02181818181818182 0.064343163538874
2 0.10545454545454545 0.2828418230563003 0.05454545454545454 0.08310991957104558
