0 0.2375 0.48 0.07166666666666667 0.23555555555555555
0 0.3075 0.44666666666666666 0.09833333333333333 0.3244444444444444
0 0.36083333333333334 0.48444444444444446 0.13166666666666665 0.4311111111111111
0 0.45 0.4177777777777778 0.06333333333333334 0.21333333333333335
0 0.5416666666666666 0.4633333333333333 0.10333333333333333 0.34444444444444444
0 0.6066666666666667 0.51 0.16333333333333333 0.5355555555555556
0 0.68 0.39555555555555555 0.056666666666666664 0.18666666666666668
0 0.6633333333333333 0.4111111111111111 0.056666666666666664 0.19111111111111112
0 0.7141666666666666 0.4088888888888889 0.065 0.21777777777777776
0 0.7516666666666667 0.4088888888888889 0.06333333333333334 0.2088888888888889
0 0.8016666666666666 0.39111111111111113 0.03333333333333333 0.1111111111111111
0 0.8308333333333333 0.36444444444444446 0.045 0.14666666666666667
0 0.9358333333333333 0.37555555555555553 0.03166666666666667 0.10666666666666667
0 0.48833333333333334 0.4211111111111111 0.03666666666666667 0.12666666666666668
0 0.40166666666666667 0.4111111111111111 0.05 0.16444444444444445
2 0.065 0.4633333333333333 0.09333333333333334 0.15333333333333332
2 0.145 0.4888888888888889 0.06333333333333334 0.16444444444444445
