0 0.01702127659574468 0.5531914893617021 0.03404255319148936 0.1673758865248227
0 0.16329787234042553 0.6950354609929078 0.0627659574468085 0.20425531914893616
0 0.22234042553191488 0.9014184397163121 0.05319148936170213 0.1773049645390071
0 0.4574468085106383 0.8070921985815603 0.07659574468085106 0.2524822695035461
0 0.4430851063829787 0.49432624113475176 0.047872340425531915 0.16028368794326242
0 0.04042553191489362 0.2978723404255319 0.019148936170212766 0.06524822695035461
0 0.011170212765957447 0.2886524822695035 0.02021276595744681 0.06666666666666667
0 0.05425531914893617 0.23829787234042554 0.01702127659574468 0.059574468085106386
0 0.07021276595744681 0.23829787234042554 0.014893617021276596 0.05390070921985816
0 0.1196808510638298 0.2886524822695035 0.022340425531914895 0.075177304964539
0 0.16170212765957448 0.31134751773049646 0.02553191489361702 0.08368794326241134
0 0.2026595744680851 0.32695035460992905 0.02872340425531915 0.09219858156028368
0 0.1803191489361702 0.26382978723404255 0.013829787234042552 0.04822695035460993
0 0.1398936170212766 0.2531914893617021 0.013829787234042552 0.04964539007092199
0 0.20691489361702128 0.2815602836879433 0.013829787234042552 0.04964539007092199
0 0.2297872340425532 0.28297872340425534 0.019148936170212766 0.06666666666666667
0 0.2611702127659574 0.28581560283687946 0.018085106382978722 0.06382978723404255
2 0.350531914893617 0.9482269503546099 0.08404255319148936 0.09787234042553192
2 0.8638297872340426 0.7702127659574468 0.06595744680851064 0.1475177304964539
2 0.7898936170212766 0.7134751773049646 0.02872340425531915 0.08794326241134752
2 0.8106382978723404 0.7617021276595745 0.04468085106382979 0.13049645390070921
2 0.9606382978723405 0.8092198581560284 0.04042553191489362 0.16879432624113475
2 0.5031914893617021 0.5347517730496454 0.06170212765957447 0.12198581560283688
2 0.5840425531914893 0.5184397163120568 0.03404255319148936 0.08368794326241134
2 0.6234042553191489 0.5156028368794326 0.036170212765957444 0.1148936170212766
2 0.2872340425531915 0.3709219858156028 0.014893617021276596 0.04964539007092199
2 0.3069148936170213 0.38156028368794326 0.02446808510638298 0.062411347517730496
2 0.3281914893617021 0.3624113475177305 0.018085106382978722 0.04397163120567376
2 0.3515957446808511 0.38581560283687943 0.02446808510638298 0.06524822695035461
2 0.38085106382978723 0.37375886524822693 0.01702127659574468 0.05531914893617021
2 0.49946808510638296 0.4475177304964539 0.035106382978723406 0.06950354609929078
2 0.02127659574468085 0.24326241134751772 0.01702127659574468 0.03546099290780142
4 0.8420212765957447 0.36028368794326243 0.3074468085106383 0.09078014184397164
4 0.5930851063829787 0.34822695035460993 0.07765957446808511 0.05815602836879433
4 0.6063829787234043 0.43120567375886526 0.029787234042553193 0.05673758865248227
4 0.6803191489361702 0.4347517730496454 0.035106382978723406 0.04113475177304964
