0 0.06666666666666667 0.4402439024390244 0.13333333333333333 0.47560975609756095
0 0.2063063063063063 0.5195121951219512 0.18558558558558558 0.6146341463414634
0 0.2756756756756757 0.4573170731707317 0.14054054054054055 0.47073170731707314
0 0.2936936936936937 0.2841463414634146 0.1009009009009009 0.33414634146341465
0 0.11621621621621622 0.20365853658536584 0.09549549549549549 0.3195121951219512
0 0.05405405405405406 0.5865853658536585 0.10810810810810811 0.6365853658536585
0 0.3837837837837838 0.4304878048780488 0.14054054054054055 0.47073170731707314
0 0.4540540540540541 0.4451219512195122 0.16216216216216217 0.5439024390243903
0 0.5225225225225225 0.42560975609756097 0.15135135135135136 0.5048780487804878
0 0.5522522522522523 0.40487804878048783 0.14234234234234233 0.47804878048780486
0 0.6972972972972973 0.401219512195122 0.17657657657657658 0.5878048780487805
0 0.7693693693693694 0.37682926829268293 0.13333333333333333 0.44634146341463415
0 0.8693693693693694 0.5487804878048781 0.26126126126126126 0.8682926829268293
0 0.9153153153153153 0.18536585365853658 0.06126126126126126 0.2
0 0.9477477477477477 0.1719512195121951 0.06486486486486487 0.2121951219512195
0 0.6324324324324324 0.19634146341463415 0.0936936936936937 0.3097560975609756
0 0.5495495495495496 0.2146341463414634 0.0936936936936937 0.3121951219512195
0 0.909009009009009 0.5829268292682926 0.18198198198198198 0.8097560975609757
2 0.3738738738738739 0.18414634146341463 0.08468468468468468 0.14878048780487804
2 0.07387387387387387 0.24390243902439024 0.05765765765765766 0.11219512195121951
2 0.6747747747747748 0.1597560975609756 0.07027027027027027 0.09024390243902439
