0 0.037 0.5015015015015015 0.074 0.2882882882882883
0 0.056 0.487987987987988 0.076 0.27927927927927926
0 0.143 0.5630630630630631 0.15 0.5495495495495496
0 0.355 0.5840840840840841 0.118 0.4294294294294294
0 0.491 0.5525525525525525 0.122 0.45645645645645644
0 0.596 0.53003003003003 0.108 0.40540540540540543
0 0.656 0.5105105105105106 0.1 0.37237237237237236
0 0.705 0.487987987987988 0.098 0.35735735735735735
0 0.815 0.5075075075075075 0.094 0.35435435435435436
0 0.895 0.487987987987988 0.086 0.3213213213213213
0 0.941 0.47147147147147145 0.09 0.3303303303303303
0 0.975 0.46396396396396394 0.05 0.3033033033033033
0 0.094 0.4924924924924925 0.06 0.2222222222222222
