0 0.33090909090909093 0.5 0.06545454545454546 0.24725274725274726
0 0.5818181818181818 0.5535714285714286 0.08363636363636363 0.3159340659340659
0 0.6445454545454545 0.5906593406593407 0.0890909090909091 0.32967032967032966
0 0.7318181818181818 0.6016483516483516 0.09272727272727273 0.3516483516483517
0 0.6881818181818182 0.5453296703296703 0.07454545454545454 0.2774725274725275
0 0.8663636363636363 0.635989010989011 0.08545454545454545 0.3159340659340659
0 0.8936363636363637 0.5728021978021978 0.08545454545454545 0.3159340659340659
0 0.8072727272727273 0.5247252747252747 0.06181818181818182 0.22527472527472528
2 0.1290909090909091 0.40384615384615385 0.12727272727272726 0.36813186813186816
2 0.4909090909090909 0.635989010989011 0.09818181818181818 0.21703296703296704
2 0.5227272727272727 0.5590659340659341 0.07818181818181819 0.21703296703296704
2 0.7972727272727272 0.7582417582417582 0.13272727272727272 0.34615384615384615
