0 0.066 0.6746666666666666 0.132 0.5066666666666667
0 0.369 0.5466666666666666 0.07 0.22933333333333333
0 0.404 0.5866666666666667 0.092 0.304
0 0.439 0.5453333333333333 0.054 0.184
0 0.467 0.5413333333333333 0.062 0.20266666666666666
0 0.538 0.5466666666666666 0.06 0.20266666666666666
0 0.584 0.5866666666666667 0.092 0.304
0 0.655 0.5386666666666666 0.062 0.208
0 0.74 0.648 0.16 0.528
0 0.875 0.652 0.134 0.43466666666666665
0 0.93 0.6813333333333333 0.088 0.296
0 0.956 0.6426666666666667 0.088 0.4266666666666667
2 0.148 0.6946666666666667 0.092 0.168
2 0.22 0.6546666666666666 0.124 0.2
