0 0.16913555194805194 0.5295649509803921 0.15117694805194806 0.5566789215686274
0 0.23356331168831168 0.5487132352941176 0.11201298701298701 0.41299019607843135
0 0.3549107142857143 0.5277267156862745 0.14042207792207792 0.5174632352941176
0 0.4050324675324675 0.5277267156862745 0.16152597402597402 0.5946691176470589
0 0.49310064935064934 0.5278799019607843 0.15625 0.5753676470588235
0 0.5986201298701299 0.5238970588235294 0.15381493506493507 0.5667892156862745
0 0.5579342532467533 0.5764399509803921 0.09273538961038962 0.34160539215686275
0 0.6421469155844156 0.5579044117647058 0.11992694805194805 0.4424019607843137
0 0.661525974025974 0.5888480392156863 0.08603896103896104 0.3174019607843137
0 0.7436079545454546 0.6061580882352942 0.0773133116883117 0.2846200980392157
0 0.7987012987012987 0.6049325980392157 0.07751623376623376 0.2858455882352941
0 0.862012987012987 0.6122855392156863 0.07426948051948051 0.27359068627450983
0 0.924310064935065 0.609375 0.08847402597402597 0.32659313725490197
0 0.9770698051948052 0.6116727941176471 0.04586038961038961 0.32015931372549017
