0 0.10347222222222222 0.515625 0.07083333333333333 0.26458333333333334
0 0.16180555555555556 0.50625 0.0763888888888889 0.2875
0 0.20555555555555555 0.5114583333333333 0.08333333333333333 0.30625
0 0.24444444444444444 0.5125 0.08333333333333333 0.30416666666666664
0 0.28402777777777777 0.5010416666666667 0.07916666666666666 0.29375
0 0.31875 0.5 0.0763888888888889 0.2833333333333333
0 0.35347222222222224 0.49270833333333336 0.08472222222222223 0.3145833333333333
0 0.42986111111111114 0.49166666666666664 0.08472222222222223 0.30833333333333335
0 0.5090277777777777 0.4979166666666667 0.09027777777777778 0.32916666666666666
0 0.9333333333333333 0.4947916666666667 0.08055555555555556 0.3020833333333333
0 0.8805555555555555 0.49375 0.07777777777777778 0.2875
0 0.825 0.484375 0.08055555555555556 0.3020833333333333
0 0.7708333333333334 0.4895833333333333 0.08333333333333333 0.30416666666666664
0 0.7361111111111112 0.48541666666666666 0.07777777777777778 0.2833333333333333
0 0.6979166666666666 0.48333333333333334 0.0763888888888889 0.2875
0 0.6506944444444445 0.4979166666666667 0.08472222222222223 0.31666666666666665
2 0.3902777777777778 0.41770833333333335 0.041666666666666664 0.13541666666666666
2 0.4652777777777778 0.3927083333333333 0.03611111111111111 0.08958333333333333
2 0.4909722222222222 0.3770833333333333 0.02638888888888889 0.041666666666666664
2 0.5451388888888888 0.38229166666666664 0.034722222222222224 0.10625
2 0.6152777777777778 0.4041666666666667 0.03333333333333333 0.10833333333333334
2 0.13333333333333333 0.6020833333333333 0.07777777777777778 0.18333333333333332
2 0.19166666666666668 0.6072916666666667 0.044444444444444446 0.17708333333333334
2 0.20972222222222223 0.5197916666666667 0.03611111111111111 0.07708333333333334
2 0.24583333333333332 0.5041666666666667 0.030555555555555555 0.075
2 0.2916666666666667 0.496875 0.04722222222222222 0.08541666666666667
2 0.33611111111111114 0.50625 0.041666666666666664 0.1
2 0.3736111111111111 0.496875 0.030555555555555555 0.09375
2 0.4354166666666667 0.503125 0.04583333333333333 0.09375
2 0.24583333333333332 0.5916666666666667 0.05277777777777778 0.1375
2 0.29930555555555555 0.6010416666666667 0.0625 0.17291666666666666
2 0.34305555555555556 0.590625 0.03888888888888889 0.19375
2 0.39861111111111114 0.596875 0.06944444444444445 0.18541666666666667
2 0.45416666666666666 0.5895833333333333 0.06666666666666667 0.175
2 0.4875 0.5125 0.058333333333333334 0.09583333333333334
2 0.5444444444444444 0.5125 0.05277777777777778 0.12083333333333333
2 0.5229166666666667 0.6010416666666667 0.05694444444444444 0.17291666666666666
2 0.5722222222222222 0.6 0.05277777777777778 0.175
2 0.60625 0.5197916666666667 0.04861111111111111 0.09791666666666667
2 0.6326388888888889 0.60625 0.05694444444444444 0.19583333333333333
2 0.6611111111111111 0.5114583333333333 0.044444444444444446 0.14375
2 0.7006944444444444 0.5989583333333334 0.05694444444444444 0.19791666666666666
2 0.7180555555555556 0.4947916666666667 0.05277777777777778 0.12708333333333333
2 0.7743055555555556 0.5947916666666667 0.08194444444444444 0.18125
2 0.775 0.5041666666666667 0.041666666666666664 0.10416666666666667
2 0.8375 0.5875 0.075 0.1875
2 0.9034722222222222 0.5979166666666667 0.07361111111111111 0.2
2 0.8340277777777778 0.503125 0.05138888888888889 0.09375
4 0.04791666666666667 0.5010416666666667 0.08472222222222223 0.06458333333333334
