0 0.025833333333333333 0.7925 0.051666666666666666 0.235
0 0.1025 0.82625 0.07833333333333334 0.2925
0 0.13916666666666666 0.73125 0.045 0.1675
0 0.18333333333333332 0.7575 0.056666666666666664 0.205
0 0.215 0.74 0.043333333333333335 0.16
0 0.2375 0.72125 0.035 0.1375
0 0.265 0.81625 0.08 0.2925
0 0.32916666666666666 0.77875 0.058333333333333334 0.2225
0 0.2991666666666667 0.68 0.03166666666666667 0.115
0 0.33 0.6575 0.023333333333333334 0.095
0 0.4125 0.83 0.07833333333333334 0.29
0 0.46166666666666667 0.77875 0.05333333333333334 0.2025
0 0.42333333333333334 0.6675 0.02666666666666667 0.1
0 0.4716666666666667 0.65125 0.013333333333333334 0.0575
0 0.555 0.83125 0.07 0.2575
0 0.5733333333333334 0.7725 0.06 0.225
0 0.6741666666666667 0.8025 0.07166666666666667 0.27
0 0.6975 0.7575 0.055 0.205
0 0.8033333333333333 0.8 0.07 0.26
0 0.8591666666666666 0.74875 0.04833333333333333 0.1775
0 0.9191666666666667 0.78375 0.065 0.2375
0 0.7425 0.6975 0.035 0.135
0 0.7008333333333333 0.76375 0.055 0.2075
0 0.6358333333333334 0.705 0.03166666666666667 0.115
0 0.6183333333333333 0.69 0.03 0.115
0 0.5866666666666667 0.66625 0.03 0.1075
4 0.5266666666666666 0.65375 0.08 0.1075
4 0.38 0.63 0.06 0.085
