0 0.096 0.6864161849710982 0.136 0.4884393063583815
0 0.148 0.680635838150289 0.14 0.5
0 0.385 0.6401734104046243 0.122 0.43641618497109824
0 0.444 0.684971098265896 0.136 0.48554913294797686
0 0.495 0.6748554913294798 0.122 0.430635838150289
0 0.548 0.6907514450867052 0.132 0.4682080924855491
0 0.604 0.6864161849710982 0.14 0.49421965317919075
0 0.676 0.6936416184971098 0.144 0.5086705202312138
0 0.769 0.7109826589595376 0.138 0.4913294797687861
0 0.86 0.6734104046242775 0.112 0.3988439306358382
0 0.933 0.7052023121387283 0.126 0.4508670520231214
2 0.075 0.7861271676300579 0.138 0.3988439306358382
2 0.179 0.7803468208092486 0.086 0.3236994219653179
2 0.242 0.7673410404624278 0.076 0.30346820809248554
2 0.312 0.6965317919075145 0.088 0.2138728323699422
2 0.392 0.6936416184971098 0.08 0.19653179190751446
2 0.47 0.684971098265896 0.092 0.1907514450867052
2 0.543 0.6979768786127167 0.086 0.17630057803468208
2 0.599 0.7095375722543352 0.078 0.1531791907514451
2 0.678 0.7239884393063584 0.08 0.17052023121387283
2 0.769 0.7413294797687862 0.07 0.18786127167630057
2 0.836 0.7716763005780347 0.088 0.3236994219653179
2 0.212 0.5592485549132948 0.06 0.21098265895953758
2 0.262 0.5361271676300579 0.06 0.18786127167630057
2 0.312 0.5491329479768786 0.072 0.2023121387283237
2 0.361 0.476878612716763 0.034 0.06936416184971098
2 0.468 0.476878612716763 0.044 0.09248554913294797
2 0.535 0.4884393063583815 0.058 0.12716763005780346
2 0.627 0.4841040462427746 0.03 0.07225433526011561
2 0.718 0.4956647398843931 0.06 0.08959537572254335
2 0.808 0.5722543352601156 0.064 0.21965317919075145
