0 0.07195121951219512 0.6168032786885246 0.08536585365853659 0.3483606557377049
0 0.1329268292682927 0.625 0.09024390243902439 0.3729508196721312
0 0.2329268292682927 0.6270491803278688 0.11463414634146342 0.48360655737704916
0 0.3329268292682927 0.5799180327868853 0.07560975609756097 0.3073770491803279
0 0.45121951219512196 0.6680327868852459 0.1024390243902439 0.4180327868852459
0 0.5829268292682926 0.5963114754098361 0.08780487804878048 0.36475409836065575
0 0.6414634146341464 0.7254098360655737 0.13170731707317074 0.5409836065573771
0 0.7060975609756097 0.6004098360655737 0.05609756097560976 0.24180327868852458
0 0.7402439024390244 0.5614754098360656 0.05121951219512195 0.22131147540983606
0 0.7890243902439025 0.6024590163934426 0.08048780487804878 0.3442622950819672
0 0.9292682926829269 0.5963114754098361 0.08292682926829269 0.3401639344262295
0 0.9817073170731707 0.555327868852459 0.036585365853658534 0.1680327868852459
0 0.8878048780487805 0.555327868852459 0.03414634146341464 0.14344262295081966
