0 0.31277777777777777 0.5424901185770751 0.08777777777777777 0.38537549407114624
0 0.37222222222222223 0.5385375494071146 0.08444444444444445 0.3695652173913043
0 0.4066666666666667 0.5247035573122529 0.08222222222222222 0.3577075098814229
0 0.45111111111111113 0.5316205533596838 0.07333333333333333 0.3241106719367589
0 0.5111111111111111 0.5158102766798419 0.06666666666666667 0.2964426877470356
0 0.475 0.5197628458498024 0.06777777777777778 0.30039525691699603
0 0.5505555555555556 0.5098814229249012 0.06333333333333334 0.28063241106719367
0 0.5811111111111111 0.5217391304347826 0.06 0.2608695652173913
0 0.6 0.532608695652174 0.06 0.2628458498023715
0 0.13944444444444445 0.4357707509881423 0.043333333333333335 0.191699604743083
0 0.16111111111111112 0.4367588932806324 0.042222222222222223 0.18181818181818182
0 0.1827777777777778 0.4505928853754941 0.034444444444444444 0.1541501976284585
0 0.21166666666666667 0.4535573122529644 0.034444444444444444 0.1482213438735178
0 0.23166666666666666 0.44861660079051385 0.034444444444444444 0.15019762845849802
0 0.26555555555555554 0.4515810276679842 0.03333333333333333 0.1442687747035573
2 0.9061111111111111 0.7124505928853755 0.1811111111111111 0.567193675889328
4 0.06055555555555556 0.3547430830039526 0.11444444444444445 0.0533596837944664
4 0.7111111111111111 0.4614624505928854 0.19777777777777777 0.1324110671936759
