0 0.04420289855072464 0.5813704496788008 0.06231884057971015 0.22483940042826553
0 0.1608695652173913 0.5792291220556746 0.057971014492753624 0.21199143468950749
0 0.23043478260869565 0.6134903640256959 0.07246376811594203 0.25910064239828695
0 0.286231884057971 0.6370449678800857 0.07971014492753623 0.2890792291220557
0 0.3673913043478261 0.5963597430406852 0.06521739130434782 0.2334047109207709
0 0.4028985507246377 0.5770877944325482 0.043478260869565216 0.15631691648822268
0 0.4398550724637681 0.607066381156317 0.07101449275362319 0.2633832976445396
0 0.48695652173913045 0.569593147751606 0.04057971014492753 0.15417558886509636
0 0.5384057971014493 0.6049250535331906 0.06521739130434782 0.23768736616702354
0 0.6115942028985507 0.6809421841541756 0.14782608695652175 0.5353319057815846
0 0.6782608695652174 0.6231263383297645 0.07246376811594203 0.26552462526766596
0 0.7282608695652174 0.5792291220556746 0.050724637681159424 0.1905781584582441
0 0.8043478260869565 0.671306209850107 0.11594202898550725 0.41755888650963596
0 0.8869565217391304 0.6520342612419701 0.08985507246376812 0.32762312633832974
0 0.9340579710144927 0.5856531049250535 0.04492753623188406 0.16488222698072805
0 0.8282608695652174 0.6263383297644539 0.06521739130434782 0.2334047109207709
0 0.8644927536231884 0.5599571734475375 0.03333333333333333 0.12633832976445397
0 0.19855072463768117 0.5471092077087795 0.028985507246376812 0.10492505353319058
