0 0.06057866184448463 0.7611336032388664 0.05244122965641953 0.29959514170040485
0 0.12025316455696203 0.6234817813765182 0.048824593128390596 0.26720647773279355
0 0.14647377938517178 0.6862348178137652 0.054249547920433995 0.29554655870445345
0 0.1871609403254973 0.7651821862348178 0.06329113924050633 0.3481781376518219
0 0.25949367088607594 0.7064777327935222 0.05244122965641953 0.2874493927125506
0 0.31645569620253167 0.771255060728745 0.05786618444846293 0.32793522267206476
0 0.3508137432188065 0.7064777327935222 0.05063291139240506 0.2874493927125506
0 0.36980108499095843 0.6497975708502024 0.0379746835443038 0.22267206477732793
0 0.4014466546112116 0.6174089068825911 0.03616636528028933 0.20647773279352227
0 0.4566003616636528 0.7773279352226721 0.06690777576853527 0.3805668016194332
0 0.43309222423146476 0.6497975708502024 0.048824593128390596 0.2631578947368421
0 0.5162748643761302 0.6032388663967612 0.034358047016274866 0.1862348178137652
0 0.6066907775768535 0.791497975708502 0.06690777576853527 0.3765182186234818
0 0.566003616636528 0.7327935222672065 0.04701627486437613 0.26720647773279355
0 0.6636528028933092 0.7368421052631579 0.05063291139240506 0.27530364372469635
0 0.7251356238698011 0.791497975708502 0.06148282097649186 0.3360323886639676
0 0.7685352622061483 0.7388663967611336 0.0433996383363472 0.24696356275303644
0 0.8182640144665461 0.7935222672064778 0.05605786618444846 0.3157894736842105
0 0.8896925858951176 0.742914979757085 0.039783001808318265 0.2145748987854251
0 0.5524412296564195 0.6497975708502024 0.034358047016274866 0.1902834008097166
0 0.8128390596745028 0.645748987854251 0.03074141048824593 0.1659919028340081
0 0.7314647377938517 0.6538461538461539 0.0379746835443038 0.22267206477732793
0 0.6835443037974683 0.5931174089068826 0.0216998191681736 0.12550607287449392
