0 0.980516975308642 0.30931712962962965 0.03896604938271605 0.24016203703703703
0 0.9581404320987654 0.32667824074074076 0.0628858024691358 0.2309027777777778
0 0.9340277777777778 0.3107638888888889 0.0625 0.23032407407407407
0 0.8966049382716049 0.3107638888888889 0.06172839506172839 0.22569444444444445
0 0.8489583333333334 0.3029513888888889 0.061342592592592594 0.22395833333333334
0 0.8107638888888888 0.29832175925925924 0.06365740740740741 0.2332175925925926
0 0.7744984567901234 0.3064236111111111 0.059799382716049385 0.2204861111111111
0 0.7376543209876543 0.3098958333333333 0.05787037037037037 0.21122685185185186
0 0.6886574074074074 0.30497685185185186 0.05555555555555555 0.2037037037037037
0 0.6595293209876543 0.31539351851851855 0.04976851851851852 0.1840277777777778
0 0.6404320987654321 0.30150462962962965 0.05478395061728395 0.20023148148148148
0 0.6101466049382716 0.29398148148148145 0.052083333333333336 0.1909722222222222
0 0.597608024691358 0.29311342592592593 0.05169753086419753 0.19039351851851852
0 0.5542052469135802 0.2916666666666667 0.060570987654320986 0.22106481481481483
0 0.5279706790123457 0.2884837962962963 0.05285493827160494 0.19502314814814814
0 0.4988425925925926 0.28530092592592593 0.047839506172839504 0.17708333333333334
0 0.4851466049382716 0.3142361111111111 0.048996913580246916 0.17939814814814814
0 0.4506172839506173 0.3038194444444444 0.047839506172839504 0.17592592592592593
0 0.4672067901234568 0.2934027777777778 0.04861111111111111 0.17939814814814814
0 0.4349922839506173 0.3012152777777778 0.05131172839506173 0.1880787037037037
0 0.39351851851851855 0.3098958333333333 0.04938271604938271 0.18229166666666666
0 0.3269675925925926 0.3116319444444444 0.04976851851851852 0.18229166666666666
0 0.341820987654321 0.3098958333333333 0.0470679012345679 0.1730324074074074
0 0.14853395061728394 0.34953703703703703 0.06867283950617284 0.2523148148148148
2 0.8734567901234568 0.39554398148148145 0.05015432098765432 0.12905092592592593
2 0.7125771604938271 0.42216435185185186 0.05478395061728395 0.0954861111111111
2 0.7278163580246914 0.37471064814814814 0.027391975308641976 0.07581018518518519
2 0.5985725308641975 0.4050925925925926 0.059027777777777776 0.11226851851851852
2 0.607445987654321 0.36689814814814814 0.02662037037037037 0.059027777777777776
2 0.5291280864197531 0.36863425925925924 0.03665123456790124 0.0798611111111111
2 0.4535108024691358 0.38859953703703703 0.050540123456790126 0.0954861111111111
2 0.39776234567901236 0.3839699074074074 0.04552469135802469 0.09085648148148148
2 0.33429783950617287 0.3697916666666667 0.0466820987654321 0.06365740740740741
2 0.2908950617283951 0.359375 0.041666666666666664 0.06944444444444445
2 0.25636574074074076 0.41435185185185186 0.07677469135802469 0.061342592592592594
2 0.3092206790123457 0.4212962962962963 0.061342592592592594 0.05324074074074074
2 0.41628086419753085 0.4296875 0.04938271604938271 0.04456018518518518
2 0.5073302469135802 0.4027777777777778 0.05015432098765432 0.08680555555555555
2 0.06635802469135803 0.45804398148148145 0.11651234567901235 0.11400462962962964
2 0.15952932098765432 0.48061342592592593 0.16859567901234568 0.13368055555555555
2 0.22897376543209877 0.5112847222222222 0.14699074074074073 0.14525462962962962
2 0.33024691358024694 0.5020254629629629 0.15432098765432098 0.17881944444444445
2 0.4425154320987654 0.5193865740740741 0.15354938271604937 0.18344907407407407
2 0.5599922839506173 0.5361689814814815 0.11535493827160494 0.18460648148148148
2 0.11979166666666667 0.6591435185185185 0.23958333333333334 0.2222222222222222
2 0.21585648148148148 0.6912615740740741 0.2804783950617284 0.2065972222222222
2 0.4079861111111111 0.7523148148148148 0.3422067901234568 0.31828703703703703
