0 0.129 0.6756756756756757 0.106 0.39039039039039036
0 0.037 0.6216216216216216 0.074 0.2882882882882883
0 0.258 0.6066066066066066 0.056 0.21021021021021022
0 0.365 0.6381381381381381 0.07 0.2672672672672673
0 0.599 0.6351351351351351 0.086 0.3153153153153153
0 0.727 0.7237237237237237 0.138 0.5165165165165165
0 0.941 0.5705705705705706 0.034 0.12612612612612611
2 0.333 0.6216216216216216 0.062 0.14414414414414414
2 0.436 0.6156156156156156 0.044 0.15015015015015015
2 0.49 0.6156156156156156 0.056 0.17417417417417416
2 0.551 0.6186186186186187 0.058 0.14414414414414414
