0 0.08541666666666667 0.666015625 0.020833333333333332 0.03828125
0 0.15 0.66171875 0.020833333333333332 0.0390625
0 0.21979166666666666 0.655078125 0.016666666666666666 0.03046875
0 0.2760416666666667 0.640234375 0.016666666666666666 0.03046875
0 0.28802083333333334 0.64296875 0.017708333333333333 0.0328125
0 0.30416666666666664 0.64296875 0.014583333333333334 0.028125
0 0.353125 0.660546875 0.020833333333333332 0.03984375
0 0.37083333333333335 0.67109375 0.03125 0.0578125
0 0.384375 0.671484375 0.027083333333333334 0.05234375
0 0.4640625 0.66484375 0.026041666666666668 0.046875
0 0.5083333333333333 0.68515625 0.041666666666666664 0.0765625
0 0.54375 0.676953125 0.03958333333333333 0.07421875
0 0.5630208333333333 0.728515625 0.051041666666666666 0.09453125
0 0.49114583333333334 0.63125 0.013541666666666667 0.0265625
0 0.5239583333333333 0.64609375 0.016666666666666666 0.0328125
0 0.5041666666666667 0.627734375 0.014583333333333334 0.02890625
0 0.5192708333333333 0.62890625 0.015625 0.03125
0 0.546875 0.63203125 0.010416666666666666 0.0203125
0 0.534375 0.627734375 0.010416666666666666 0.02109375
0 0.5583333333333333 0.629296875 0.010416666666666666 0.02109375
0 0.71875 0.681640625 0.0375 0.06953125
0 0.7557291666666667 0.680859375 0.03229166666666667 0.06015625
0 0.7666666666666667 0.716796875 0.07083333333333333 0.13203125
0 0.7807291666666667 0.67578125 0.034375 0.0625
0 0.8145833333333333 0.715625 0.07708333333333334 0.140625
0 0.8786458333333333 0.716015625 0.05520833333333333 0.10234375
0 0.9265625 0.702734375 0.06979166666666667 0.12890625
0 0.9875 0.6703125 0.025 0.0703125
