0 0.04555555555555556 0.46147403685092125 0.06 0.21943048576214405
0 0.10111111111111111 0.5954773869346733 0.15333333333333332 0.5678391959798995
0 0.17 0.40954773869346733 0.051111111111111114 0.19262981574539365
0 0.18555555555555556 0.4112227805695142 0.044444444444444446 0.1624790619765494
0 0.23444444444444446 0.5251256281407035 0.11777777777777777 0.4338358458961474
0 0.31055555555555553 0.48743718592964824 0.09222222222222222 0.33835845896147404
0 0.39 0.6206030150753769 0.20444444444444446 0.7520938023450586
0 0.025555555555555557 0.40703517587939697 0.04666666666666667 0.1708542713567839
0 0.27555555555555555 0.3927973199329983 0.02666666666666667 0.10217755443886097
0 0.26166666666666666 0.3785594639865997 0.021111111111111112 0.08040201005025126
0 0.4688888888888889 0.4154103852596315 0.03777777777777778 0.1407035175879397
0 0.47888888888888886 0.4128978224455611 0.04 0.1490787269681742
0 0.4888888888888889 0.4036850921273032 0.035555555555555556 0.1306532663316583
0 0.5016666666666667 0.4045226130653266 0.03222222222222222 0.12227805695142378
0 0.5133333333333333 0.39865996649916247 0.028888888888888888 0.11055276381909548
0 0.7594444444444445 0.6130653266331658 0.1811111111111111 0.6700167504187605
0 0.6866666666666666 0.4882747068676717 0.1 0.37018425460636517
0 0.7305555555555555 0.5360134003350083 0.1322222222222222 0.49246231155778897
0 0.6594444444444445 0.46063651591289784 0.07888888888888888 0.2914572864321608
0 0.6294444444444445 0.4338358458961474 0.052222222222222225 0.19430485762144054
0 0.8622222222222222 0.4380234505862647 0.05555555555555555 0.20268006700167504
0 0.8466666666666667 0.42797319932998323 0.04888888888888889 0.17922948073701842
0 0.8838888888888888 0.4371859296482412 0.056666666666666664 0.21440536013400335
0 0.9111111111111111 0.4355108877721943 0.06666666666666667 0.24790619765494137
0 0.9361111111111111 0.47068676716917923 0.07444444444444444 0.2780569514237856
0 0.9722222222222222 0.4765494137353434 0.05555555555555555 0.3165829145728643
0 0.8094444444444444 0.42294807370184256 0.05 0.18927973199329984
0 0.825 0.42546063651591287 0.04777777777777778 0.17755443886097153
2 0.04722222222222222 0.3224455611390285 0.03222222222222222 0.05862646566164154
2 0.43277777777777776 0.38190954773869346 0.03666666666666667 0.09715242881072027
2 0.4477777777777778 0.38190954773869346 0.022222222222222223 0.08375209380234507
2 0.5522222222222222 0.42797319932998323 0.04888888888888889 0.06532663316582915
