0 0.046370967741935484 0.6655948553054662 0.09274193548387097 0.49517684887459806
0 0.10584677419354839 0.6157556270096463 0.1028225806451613 0.40192926045016075
0 0.1622983870967742 0.5836012861736335 0.0907258064516129 0.35691318327974275
0 0.21975806451612903 0.6093247588424437 0.11290322580645161 0.44694533762057875
0 0.28024193548387094 0.5610932475884244 0.08064516129032258 0.3183279742765273
0 0.40826612903225806 0.6591639871382636 0.1310483870967742 0.5080385852090032
0 0.5383064516129032 0.6752411575562701 0.13709677419354838 0.5401929260450161
0 0.7278225806451613 0.6157556270096463 0.12903225806451613 0.5048231511254019
0 0.7731854838709677 0.5112540192926045 0.06653225806451613 0.26366559485530544
0 0.8840725806451613 0.5 0.0625 0.24758842443729903
0 0.9495967741935484 0.657556270096463 0.10080645161290322 0.6591639871382636
