0 0.112 0.404 0.08266666666666667 0.302
0 0.134 0.436 0.07333333333333333 0.27
0 0.24033333333333334 0.32 0.034 0.124
0 0.39666666666666667 0.3605 0.050666666666666665 0.185
0 0.436 0.386 0.068 0.248
0 0.4716666666666667 0.3935 0.06333333333333334 0.233
0 0.5016666666666667 0.3485 0.051333333333333335 0.191
0 0.5166666666666667 0.3305 0.036 0.133
0 0.539 0.3585 0.03933333333333333 0.147
0 0.5966666666666667 0.339 0.03866666666666667 0.142
0 0.6983333333333334 0.3615 0.042 0.155
0 0.684 0.342 0.036 0.132
0 0.798 0.296 0.016 0.058
0 0.804 0.2975 0.013333333333333334 0.051
0 0.841 0.2925 0.018 0.069
0 0.91 0.302 0.017333333333333333 0.064
0 0.9906666666666667 0.324 0.018666666666666668 0.092
1 0.034 0.2955 0.016 0.059
2 0.5613333333333334 0.3115 0.021333333333333333 0.067
2 0.5746666666666667 0.31 0.016 0.064
2 0.9313333333333333 0.309 0.017333333333333333 0.052
2 0.9426666666666667 0.3045 0.018666666666666668 0.043
4 0.036 0.2685 0.072 0.055
