0 0.11339285714285714 0.6993769470404985 0.10178571428571428 0.4392523364485981
0 0.20625 0.6635514018691588 0.09464285714285714 0.40498442367601245
0 0.28035714285714286 0.6495327102803738 0.08214285714285714 0.3582554517133956
0 0.3705357142857143 0.7024922118380063 0.11964285714285715 0.514018691588785
0 0.44642857142857145 0.6791277258566978 0.10714285714285714 0.46105919003115264
0 0.48035714285714287 0.6495327102803738 0.09642857142857143 0.4143302180685358
0 0.5098214285714285 0.5700934579439252 0.05178571428571429 0.23052959501557632
0 0.7151785714285714 0.5623052959501558 0.044642857142857144 0.19003115264797507
0 0.7348214285714286 0.5825545171339563 0.05892857142857143 0.24922118380062305
0 0.7580357142857143 0.5778816199376947 0.055357142857142855 0.2398753894080997
0 0.7839285714285714 0.5654205607476636 0.039285714285714285 0.17757009345794392
0 0.8544642857142857 0.5545171339563862 0.044642857142857144 0.18691588785046728
0 0.8830357142857143 0.559190031152648 0.0375 0.17133956386292834
0 0.9285714285714286 0.5451713395638629 0.03571428571428571 0.1557632398753894
0 0.9544642857142858 0.5264797507788161 0.026785714285714284 0.12461059190031153
4 0.17946428571428572 0.5015576323987538 0.019642857142857142 0.06230529595015576
4 0.24196428571428572 0.5077881619937694 0.05178571428571429 0.07476635514018691
4 0.3196428571428571 0.5046728971962616 0.09285714285714286 0.056074766355140186
4 0.4125 0.4953271028037383 0.05357142857142857 0.04361370716510903
