0 0.1675 0.5857988165680473 0.08833333333333333 0.38461538461538464
0 0.21166666666666667 0.5710059171597633 0.08 0.35502958579881655
0 0.23166666666666666 0.5650887573964497 0.07666666666666666 0.3431952662721893
0 0.2633333333333333 0.5857988165680473 0.07 0.30177514792899407
0 0.04 0.4408284023668639 0.02 0.09467455621301775
0 0.14833333333333334 0.3757396449704142 0.02 0.08875739644970414
0 0.7225 0.5680473372781065 0.06833333333333333 0.30177514792899407
0 0.7666666666666667 0.5591715976331361 0.07333333333333333 0.3254437869822485
2 0.305 0.4260355029585799 0.04 0.10059171597633136
2 0.35083333333333333 0.41272189349112426 0.035 0.07988165680473373
2 0.3925 0.4171597633136095 0.03166666666666667 0.10650887573964497
2 0.3258333333333333 0.7396449704142012 0.065 0.24260355029585798
2 0.305 0.591715976331361 0.043333333333333335 0.10059171597633136
2 0.2941666666666667 0.4881656804733728 0.04833333333333333 0.13609467455621302
2 0.3325 0.514792899408284 0.035 0.13609467455621302
2 0.375 0.4807692307692308 0.03333333333333333 0.09763313609467456
2 0.41083333333333333 0.5014792899408284 0.04833333333333333 0.12721893491124261
2 0.4533333333333333 0.4940828402366864 0.04666666666666667 0.13609467455621302
2 0.425 0.4156804733727811 0.03 0.07988165680473373
2 0.46 0.42159763313609466 0.023333333333333334 0.06804733727810651
2 0.5041666666666667 0.4245562130177515 0.045 0.12130177514792899
2 0.4925 0.49556213017751477 0.04833333333333333 0.15088757396449703
2 0.5216666666666666 0.47928994082840237 0.03666666666666667 0.14201183431952663
2 0.5316666666666666 0.40828402366863903 0.02666666666666667 0.08875739644970414
2 0.56 0.4245562130177515 0.043333333333333335 0.09763313609467456
2 0.5658333333333333 0.5044378698224852 0.041666666666666664 0.10946745562130178
2 0.6016666666666667 0.5014792899408284 0.043333333333333335 0.10946745562130178
2 0.5983333333333334 0.5857988165680473 0.03 0.08875739644970414
2 0.645 0.5813609467455622 0.05333333333333334 0.13313609467455623
2 0.6825 0.621301775147929 0.03833333333333333 0.1952662721893491
2 0.6433333333333333 0.5044378698224852 0.03666666666666667 0.10946745562130178
2 0.5991666666666666 0.4260355029585799 0.035 0.08284023668639054
2 0.6391666666666667 0.44970414201183434 0.041666666666666664 0.1242603550295858
2 0.6758333333333333 0.4275147928994083 0.035 0.07396449704142012
2 0.6758333333333333 0.4911242603550296 0.025 0.11834319526627218
2 0.37 0.6553254437869822 0.04666666666666667 0.2514792899408284
2 0.405 0.5872781065088757 0.05 0.12721893491124261
2 0.4125 0.7144970414201184 0.06833333333333333 0.22781065088757396
2 0.5058333333333334 0.7041420118343196 0.07166666666666667 0.23668639053254437
2 0.6083333333333333 0.6834319526627219 0.13666666666666666 0.15384615384615385
2 0.5608333333333333 0.5739644970414202 0.03833333333333333 0.08875739644970414
