0 0.36833333333333335 0.5213675213675214 0.2833333333333333 0.8846153846153846
0 0.0325 0.4091880341880342 0.045 0.14316239316239315
0 0.05583333333333333 0.41025641025641024 0.04833333333333333 0.14957264957264957
0 0.0975 0.42094017094017094 0.045 0.14102564102564102
0 0.12416666666666666 0.41346153846153844 0.051666666666666666 0.16452991452991453
0 0.17083333333333334 0.4358974358974359 0.03833333333333333 0.12393162393162394
0 0.45916666666666667 0.5256410256410257 0.135 0.42735042735042733
0 0.3025 0.5502136752136753 0.13833333333333334 0.4337606837606838
0 0.6425 0.5438034188034188 0.155 0.48504273504273504
0 0.7433333333333333 0.5459401709401709 0.16 0.5021367521367521
0 0.8075 0.5566239316239316 0.17166666666666666 0.5363247863247863
0 0.9041666666666667 0.5512820512820513 0.175 0.5512820512820513
0 0.9433333333333334 0.6004273504273504 0.11333333333333333 0.6239316239316239
2 0.2175 0.44337606837606836 0.03833333333333333 0.10042735042735043
4 0.5316666666666666 0.42094017094017094 0.12666666666666668 0.16666666666666666
4 0.6841666666666667 0.422008547008547 0.06833333333333333 0.1517094017094017
