0 0.5109090909090909 0.5286103542234333 0.12727272727272726 0.46321525885558584
0 0.02090909090909091 0.33242506811989103 0.034545454545454546 0.1307901907356948
0 0.03272727272727273 0.3337874659400545 0.03272727272727273 0.1226158038147139
0 0.046363636363636364 0.329700272479564 0.038181818181818185 0.14168937329700274
0 0.060909090909090906 0.33242506811989103 0.034545454545454546 0.12534059945504086
0 0.09 0.3337874659400545 0.034545454545454546 0.1335149863760218
0 0.11 0.329700272479564 0.038181818181818185 0.14713896457765668
0 0.13454545454545455 0.34332425068119893 0.03636363636363636 0.1307901907356948
0 0.1509090909090909 0.33242506811989103 0.03636363636363636 0.1362397820163488
0 0.18181818181818182 0.329700272479564 0.03272727272727273 0.11989100817438691
0 0.3390909090909091 0.34877384196185285 0.038181818181818185 0.14168937329700274
0 0.3809090909090909 0.35013623978201636 0.038181818181818185 0.14986376021798364
0 0.45 0.3460490463215259 0.04181818181818182 0.15258855585831063
0 0.6027272727272728 0.34332425068119893 0.038181818181818185 0.14168937329700274
3 0.5527272727272727 0.3460490463215259 0.05818181818181818 0.1307901907356948
3 0.6572727272727272 0.3405994550408719 0.04909090909090909 0.1307901907356948
3 0.7581818181818182 0.35149863760217986 0.06181818181818182 0.15258855585831063
3 0.9218181818181819 0.37193460490463215 0.10545454545454545 0.16076294277929154
4 0.12727272727272726 0.05722070844686648 0.2545454545454545 0.11444141689373297
