0 0.0694980694980695 0.6677115987460815 0.11583011583011583 0.46394984326018807
0 0.16312741312741313 0.6489028213166145 0.12548262548262548 0.4952978056426332
0 0.28667953667953666 0.6536050156739812 0.12162162162162163 0.48589341692789967
0 0.36196911196911197 0.64576802507837 0.11776061776061776 0.4702194357366771
0 0.4343629343629344 0.6504702194357367 0.11969111969111969 0.48589341692789967
0 0.5241312741312741 0.6269592476489029 0.11776061776061776 0.47648902821316613
0 0.6023166023166023 0.6536050156739812 0.1274131274131274 0.5047021943573667
0 0.7075289575289575 0.6442006269592476 0.12934362934362933 0.5109717868338558
0 0.7760617760617761 0.6536050156739812 0.1274131274131274 0.5109717868338558
0 0.8648648648648649 0.6724137931034483 0.12355212355212356 0.49843260188087773
0 0.946911196911197 0.6739811912225705 0.10617760617760617 0.5141065830721003
2 0.12548262548262548 0.45454545454545453 0.08108108108108109 0.18808777429467086
2 0.14575289575289574 0.3605015673981191 0.059845559845559844 0.16300940438871472
2 0.2471042471042471 0.35266457680250785 0.07335907335907337 0.15987460815047022
2 0.34942084942084944 0.3683385579937304 0.05791505791505792 0.19122257053291536
2 0.305019305019305 0.40752351097178685 0.05791505791505792 0.16927899686520376
2 0.39768339768339767 0.40752351097178685 0.05405405405405406 0.16927899686520376
2 0.43532818532818535 0.3573667711598746 0.0637065637065637 0.16300940438871472
2 0.4826254826254826 0.3996865203761755 0.05405405405405406 0.14106583072100312
2 0.5057915057915058 0.33699059561128525 0.05019305019305019 0.13479623824451412
2 0.6023166023166023 0.33072100313479624 0.06563706563706563 0.19122257053291536
2 0.6805019305019305 0.3495297805642633 0.055984555984555984 0.1536050156739812
2 0.7586872586872587 0.35266457680250785 0.05405405405405406 0.1536050156739812
2 0.8397683397683398 0.3761755485893417 0.04247104247104247 0.16927899686520376
2 0.9295366795366795 0.390282131661442 0.06756756756756757 0.16614420062695925
2 0.88996138996139 0.43573667711598746 0.07722007722007722 0.16927899686520376
2 0.8098455598455598 0.4263322884012539 0.06756756756756757 0.16927899686520376
2 0.7297297297297297 0.4043887147335423 0.05019305019305019 0.15047021943573669
2 0.6573359073359073 0.4231974921630094 0.06756756756756757 0.14420062695924765
2 0.5685328185328186 0.40282131661442006 0.055984555984555984 0.1724137931034483
2 0.8822393822393823 0.8746081504702194 0.16216216216216217 0.23197492163009403
2 0.06660231660231661 0.8322884012539185 0.12548262548262548 0.322884012539185
