0 0.301875 0.5942307692307692 0.15625 0.5884615384615385
0 0.344375 0.5019230769230769 0.09625 0.36538461538461536
0 0.388125 0.46634615384615385 0.07875 0.29423076923076924
0 0.526875 0.6028846153846154 0.16375 0.6134615384615385
0 0.550625 0.5644230769230769 0.14125 0.5288461538461539
0 0.670625 0.5288461538461539 0.12375 0.46923076923076923
0 0.730625 0.42403846153846153 0.05125 0.19423076923076923
0 0.78375 0.44903846153846155 0.05 0.19423076923076923
0 0.865 0.4355769230769231 0.0475 0.17884615384615385
2 0.881875 0.10384615384615385 0.04625 0.10384615384615385
2 0.951875 0.09326923076923077 0.05625 0.10961538461538461
2 0.208125 0.4461538461538462 0.04375 0.10384615384615385
2 0.238125 0.45096153846153847 0.03625 0.09423076923076923
