0 0.059333333333333335 0.519 0.11866666666666667 0.498
0 0.086 0.428 0.108 0.4
0 0.238 0.428 0.116 0.424
0 0.29933333333333334 0.452 0.11066666666666666 0.412
0 0.346 0.448 0.116 0.428
0 0.3933333333333333 0.576 0.17866666666666667 0.66
0 0.4593333333333333 0.558 0.188 0.692
0 0.638 0.566 0.15866666666666668 0.58
0 0.8226666666666667 0.456 0.17066666666666666 0.624
0 0.948 0.431 0.104 0.642
0 0.31 0.221 0.076 0.278
0 0.4866666666666667 0.213 0.072 0.262
0 0.5093333333333333 0.215 0.072 0.27
0 0.5726666666666667 0.228 0.07066666666666667 0.26
0 0.678 0.19 0.08133333333333333 0.296
2 0.6486666666666666 0.708 0.132 0.232
2 0.20533333333333334 0.218 0.09333333333333334 0.16
2 0.6193333333333333 0.126 0.03866666666666667 0.168
2 0.6466666666666666 0.161 0.050666666666666665 0.154
2 0.8686666666666667 0.131 0.052 0.158
2 0.9046666666666666 0.147 0.03333333333333333 0.106
2 0.7466666666666667 0.154 0.058666666666666666 0.132
2 0.816 0.121 0.058666666666666666 0.13
