0 0.038125 0.591337099811676 0.02125 0.07909604519774012
0 0.09375 0.7372881355932204 0.11 0.4086629001883239
0 0.161875 0.6817325800376648 0.07625 0.2787193973634652
0 0.15375 0.5979284369114878 0.03 0.1111111111111111
0 0.2225 0.6807909604519774 0.0675 0.2542372881355932
0 0.281875 0.6544256120527306 0.06625 0.24293785310734464
0 0.331875 0.7523540489642184 0.12125 0.4463276836158192
0 0.384375 0.6657250470809792 0.05375 0.2015065913370998
0 0.410625 0.647834274952919 0.04125 0.15065913370998116
0 0.4325 0.6129943502824858 0.0275 0.10734463276836158
0 0.458125 0.6299435028248588 0.02375 0.09227871939736347
0 0.5125 0.7674199623352166 0.105 0.3898305084745763
0 0.581875 0.7655367231638418 0.10625 0.3935969868173258
0 0.641875 0.756120527306968 0.11875 0.4350282485875706
0 0.72 0.7551789077212806 0.115 0.4218455743879473
0 0.8225 0.7711864406779662 0.1125 0.416195856873823
0 0.88 0.7335216572504708 0.0775 0.2919020715630885
0 0.923125 0.7815442561205274 0.10375 0.384180790960452
0 0.208125 0.5979284369114878 0.01875 0.07344632768361582
2 0.73875 0.5451977401129944 0.03 0.1111111111111111
