0 0.1325 0.6452205882352942 0.19 0.6801470588235294
0 0.23625 0.6213235294117647 0.1975 0.7205882352941176
0 0.41375 0.42463235294117646 0.0575 0.21691176470588236
0 0.44875 0.4338235294117647 0.0425 0.15441176470588236
0 0.4975 0.4319852941176471 0.065 0.24632352941176472
0 0.64 0.5882352941176471 0.155 0.5661764705882353
0 0.69125 0.6268382352941176 0.1925 0.7022058823529411
0 0.7625 0.6488970588235294 0.195 0.7022058823529411
0 0.86 0.6305147058823529 0.205 0.7389705882352942
0 0.9825 0.40808823529411764 0.035 0.13970588235294118
0 0.95875 0.3860294117647059 0.0325 0.125
0 0.9375 0.3915441176470588 0.035 0.13602941176470587
0 0.34375 0.5165441176470589 0.1225 0.44485294117647056
0 0.1725 0.34191176470588236 0.035 0.13970588235294118
0 0.375 0.35661764705882354 0.03 0.11764705882352941
0 0.3825 0.35661764705882354 0.03 0.11764705882352941
