0 0.2579710144927536 0.5812379110251451 0.04927536231884058 0.16054158607350097
0 0.1572463768115942 0.5764023210831721 0.02463768115942029 0.0851063829787234
0 0.17608695652173914 0.5754352030947776 0.02463768115942029 0.08317214700193423
0 0.19710144927536233 0.5696324951644101 0.028985507246376812 0.09864603481624758
0 0.2746376811594203 0.5841392649903289 0.050724637681159424 0.16634429400386846
0 0.2920289855072464 0.5909090909090909 0.06521739130434782 0.218568665377176
0 0.32753623188405795 0.6015473887814313 0.08115942028985507 0.27079303675048355
0 0.3601449275362319 0.6228239845261122 0.08550724637681159 0.28239845261121854
0 0.38405797101449274 0.5831721470019342 0.043478260869565216 0.1450676982591876
0 0.4072463768115942 0.5899419729206963 0.04927536231884058 0.16634429400386846
0 0.4369565217391304 0.5996131528046421 0.05652173913043478 0.1895551257253385
0 0.4673913043478261 0.6112185686653772 0.06521739130434782 0.21663442940038685
0 0.5166666666666667 0.6005802707930368 0.0536231884057971 0.1760154738878143
0 0.5521739130434783 0.6334622823984526 0.0782608695652174 0.25338491295938104
0 0.6275362318840579 0.6054158607350096 0.06666666666666667 0.22437137330754353
0 0.6695652173913044 0.6015473887814313 0.05217391304347826 0.1702127659574468
0 0.717391304347826 0.620889748549323 0.0782608695652174 0.25918762088974856
0 0.7289855072463768 0.6073500967117988 0.057971014492753624 0.19342359767891681
0 0.8152173913043478 0.6276595744680851 0.07101449275362319 0.2379110251450677
4 0.9181159420289855 0.5986460348162476 0.1608695652173913 0.1450676982591876
4 0.7666666666666667 0.5793036750483559 0.05507246376811594 0.1218568665377176
4 0.03840579710144928 0.5019342359767892 0.07101449275362319 0.05222437137330754
