0 0.07377049180327869 0.5517241379310345 0.10018214936247723 0.39655172413793105
0 0.026411657559198543 0.46551724137931033 0.052823315118397086 0.21264367816091953
0 0.11930783242258652 0.617816091954023 0.13296903460837886 0.5114942528735632
0 0.16757741347905283 0.4942528735632184 0.07285974499089254 0.28160919540229884
0 0.20218579234972678 0.5344827586206896 0.0947176684881603 0.367816091954023
0 0.23861566484517305 0.48419540229885055 0.04735883424408015 0.1810344827586207
0 0.2568306010928962 0.45689655172413796 0.051001821493624776 0.20689655172413793
0 0.2978142076502732 0.5718390804597702 0.10018214936247723 0.39655172413793105
0 0.3205828779599271 0.5229885057471264 0.08014571948998178 0.3160919540229885
0 0.3451730418943534 0.45689655172413796 0.04553734061930783 0.1781609195402299
0 0.37340619307832423 0.46695402298850575 0.04735883424408015 0.1810344827586207
0 0.42531876138433516 0.6379310344827587 0.14025500910746813 0.5459770114942529
0 0.5091074681238615 0.5186781609195402 0.08196721311475409 0.32471264367816094
0 0.4936247723132969 0.4511494252873563 0.04735883424408015 0.1839080459770115
0 0.5500910746812386 0.4827586206896552 0.051001821493624776 0.20689655172413793
0 0.5728597449908925 0.5876436781609196 0.122040072859745 0.47988505747126436
0 0.6347905282331512 0.46264367816091956 0.056466302367941715 0.21839080459770116
0 0.6475409836065574 0.5 0.04189435336976321 0.16091954022988506
0 0.6712204007285975 0.5804597701149425 0.1111111111111111 0.42528735632183906
0 0.7504553734061931 0.5258620689655172 0.10200364298724955 0.39080459770114945
0 0.785063752276867 0.6494252873563219 0.1493624772313297 0.5804597701149425
0 0.843351548269581 0.492816091954023 0.0546448087431694 0.20977011494252873
0 0.8888888888888888 0.6135057471264368 0.12750455373406194 0.49712643678160917
0 0.9289617486338798 0.5833333333333334 0.1092896174863388 0.41954022988505746
0 0.9699453551912568 0.5445402298850575 0.060109289617486336 0.382183908045977
0 0.9663023679417122 0.4827586206896552 0.056466302367941715 0.21839080459770116
0 0.7249544626593807 0.4583333333333333 0.051001821493624776 0.19827586206896552
