0 0.33773584905660375 0.5829145728643216 0.19245283018867926 0.628140703517588
0 0.25566037735849056 0.6042713567839196 0.16792452830188678 0.550251256281407
0 0.47735849056603774 0.5364321608040201 0.12830188679245283 0.42462311557788945
0 0.5462264150943397 0.5 0.11132075471698114 0.36180904522613067
0 0.6075471698113207 0.4723618090452261 0.0830188679245283 0.271356783919598
0 0.7028301886792453 0.44221105527638194 0.062264150943396226 0.20100502512562815
0 0.7283018867924528 0.42462311557788945 0.04905660377358491 0.16080402010050251
0 0.8547169811320755 0.4334170854271357 0.045283018867924525 0.15326633165829145
0 0.980188679245283 0.435929648241206 0.03962264150943396 0.15326633165829145
2 0.8207547169811321 0.5301507537688442 0.045283018867924525 0.15577889447236182
2 0.839622641509434 0.5766331658291457 0.07924528301886792 0.18341708542713567
2 0.8933962264150943 0.6520100502512562 0.12264150943396226 0.23869346733668342
2 0.9594339622641509 0.7788944723618091 0.07735849056603773 0.3165829145728643
2 0.04433962264150943 0.6871859296482412 0.08867924528301886 0.28391959798994976
2 0.13584905660377358 0.6118090452261307 0.09433962264150944 0.20854271356783918
4 0.09339622641509433 0.39321608040201006 0.1830188679245283 0.12814070351758794
4 0.6528301886792452 0.37814070351758794 0.052830188679245285 0.0728643216080402
4 0.7924528301886793 0.38567839195979897 0.08679245283018867 0.08793969849246232
4 0.930188679245283 0.3869346733668342 0.1320754716981132 0.09045226130653267
