0 0.07642857142857143 0.6014150943396226 0.047142857142857146 0.19811320754716982
0 0.8028571428571428 0.6591981132075472 0.14857142857142858 0.6014150943396226
0 0.5592857142857143 0.6485849056603774 0.12142857142857143 0.49528301886792453
0 0.8928571428571429 0.6108490566037735 0.10285714285714286 0.41509433962264153
0 0.12 0.6002358490566038 0.054285714285714284 0.21933962264150944
0 0.16785714285714284 0.6084905660377359 0.06428571428571428 0.25943396226415094
0 0.22642857142857142 0.6073113207547169 0.07 0.28537735849056606
0 0.2985714285714286 0.6191037735849056 0.08285714285714285 0.33254716981132076
0 0.3964285714285714 0.6226415094339622 0.09857142857142857 0.39622641509433965
0 0.5085714285714286 0.5966981132075472 0.07428571428571429 0.3018867924528302
0 0.6514285714285715 0.6002358490566038 0.08571428571428572 0.3466981132075472
0 0.7164285714285714 0.5707547169811321 0.06714285714285714 0.27358490566037735
0 0.34 0.5908018867924528 0.06285714285714286 0.25235849056603776
0 0.4257142857142857 0.5719339622641509 0.05142857142857143 0.21462264150943397
0 0.4442857142857143 0.5483490566037735 0.04285714285714286 0.1721698113207547
0 0.5835714285714285 0.5742924528301887 0.06142857142857143 0.24764150943396226
0 0.4664285714285714 0.5330188679245284 0.03 0.12735849056603774
0 0.6671428571428571 0.5507075471698113 0.054285714285714284 0.21933962264150944
4 0.03214285714285714 0.5919811320754716 0.06428571428571428 0.12264150943396226
4 0.92 0.5860849056603774 0.05714285714285714 0.37028301886792453
4 0.9735714285714285 0.47287735849056606 0.05 0.11084905660377359
