0 0.05611111111111111 0.7600349040139616 0.11222222222222222 0.44851657940663175
0 0.1461111111111111 0.7966841186736475 0.10333333333333333 0.39965095986038396
0 0.235 0.7609075043630017 0.12111111111111111 0.4677137870855148
0 0.35833333333333334 0.7713787085514834 0.11222222222222222 0.4328097731239092
0 0.41333333333333333 0.7949389179755671 0.10444444444444445 0.39965095986038396
0 0.6783333333333333 0.7504363001745201 0.12777777777777777 0.49214659685863876
0 0.5961111111111111 0.7216404886561955 0.10777777777777778 0.41361256544502617
0 0.8494444444444444 0.7652705061082025 0.12111111111111111 0.46596858638743455
0 0.8961111111111111 0.6352530541012217 0.10333333333333333 0.3944153577661431
0 0.9383333333333334 0.6038394415357766 0.08555555555555555 0.33158813263525305
0 0.15333333333333332 0.5453752181500873 0.06888888888888889 0.2670157068062827
0 0.13333333333333333 0.42757417102966844 0.04888888888888889 0.19197207678883071
0 0.295 0.6544502617801047 0.11888888888888889 0.4572425828970332
2 0.5444444444444444 0.8385689354275742 0.4222222222222222 0.31239092495637
2 0.20666666666666667 0.5741710296684118 0.09777777777777778 0.24781849912739964
2 0.4638888888888889 0.6221640488656196 0.11222222222222222 0.225130890052356
2 0.6661111111111111 0.5235602094240838 0.07888888888888888 0.16055846422338568
2 0.7666666666666667 0.5497382198952879 0.06 0.1849912739965096
2 0.825 0.5410122164048866 0.05 0.17452006980802792
2 0.24944444444444444 0.4432809773123909 0.07222222222222222 0.14659685863874344
2 0.19944444444444445 0.4293193717277487 0.04555555555555556 0.1012216404886562
2 0.175 0.38481675392670156 0.03888888888888889 0.09947643979057591
2 0.15555555555555556 0.38917975567190227 0.02 0.05235602094240838
2 0.21944444444444444 0.4005235602094241 0.03222222222222222 0.08202443280977312
2 0.28 0.4075043630017452 0.03333333333333333 0.07504363001745201
2 0.3527777777777778 0.47643979057591623 0.056666666666666664 0.13961605584642234
2 0.3972222222222222 0.48429319371727747 0.07666666666666666 0.1343804537521815
2 0.4866666666666667 0.5261780104712042 0.08444444444444445 0.2181500872600349
2 0.59 0.5314136125654451 0.06888888888888889 0.14136125654450263
4 0.4216666666666667 0.34554973821989526 0.17 0.09773123909249563
4 0.6172222222222222 0.3411867364746946 0.21222222222222223 0.1343804537521815
4 0.8533333333333334 0.4031413612565445 0.26 0.2443280977312391
