0 0.029346622369878183 0.515 0.058693244739756366 0.2966666666666667
0 0.03875968992248062 0.5325 0.059800664451827246 0.22166666666666668
0 0.14894795127353266 0.5008333333333334 0.09191583610188261 0.3383333333333333
0 0.2070874861572536 0.6558333333333334 0.150609080841639 0.5516666666666666
0 0.28792912513842744 0.6691666666666667 0.15503875968992248 0.5683333333333334
0 0.3128460686600221 0.5091666666666667 0.07641196013289037 0.285
0 0.3864894795127353 0.49333333333333335 0.07973421926910298 0.29333333333333333
0 0.49224806201550386 0.6441666666666667 0.15614617940199335 0.575
0 0.6107419712070875 0.56 0.10077519379844961 0.37333333333333335
0 0.7253599114064231 0.605 0.13953488372093023 0.5166666666666667
0 0.8161683277962348 0.58 0.11074197120708748 0.4066666666666667
0 0.8959025470653378 0.5383333333333333 0.09745293466223699 0.3566666666666667
0 0.4263565891472868 0.43916666666666665 0.03322259136212625 0.12833333333333333
0 0.25359911406423036 0.43916666666666665 0.03765227021040975 0.13833333333333334
0 0.5243632336655593 0.5225 0.08970099667774087 0.3283333333333333
0 0.6749723145071982 0.5166666666666667 0.05647840531561462 0.21
0 0.96843853820598 0.42833333333333334 0.03211517165005537 0.12333333333333334
0 0.8377630121816169 0.4266666666666667 0.03211517165005537 0.11666666666666667
2 0.5647840531561462 0.4975 0.03986710963455149 0.235
4 0.8588039867109635 0.3883333333333333 0.04097452934662237 0.08666666666666667
