0 0.0625 0.6518518518518519 0.125 0.3950617283950617
0 0.13846153846153847 0.6308641975308642 0.1346153846153846 0.4271604938271605
0 0.21346153846153845 0.6283950617283951 0.13076923076923078 0.4123456790123457
0 0.2721153846153846 0.6296296296296297 0.125 0.3950617283950617
0 0.34423076923076923 0.6308641975308642 0.13076923076923078 0.4123456790123457
0 0.37596153846153846 0.654320987654321 0.10961538461538461 0.3506172839506173
0 0.41442307692307695 0.6333333333333333 0.125 0.3925925925925926
0 0.46826923076923077 0.6506172839506172 0.11730769230769231 0.3728395061728395
0 0.5336538461538461 0.6382716049382716 0.12115384615384615 0.38765432098765434
0 0.5663461538461538 0.6469135802469136 0.11730769230769231 0.37530864197530867
0 0.6 0.6271604938271605 0.11923076923076924 0.37530864197530867
0 0.6567307692307692 0.6296296296296297 0.12115384615384615 0.3802469135802469
0 0.7067307692307693 0.6259259259259259 0.125 0.3925925925925926
0 0.7721153846153846 0.6234567901234568 0.125 0.39753086419753086
0 0.8240384615384615 0.6407407407407407 0.11346153846153846 0.362962962962963
0 0.8769230769230769 0.6419753086419753 0.12692307692307692 0.4
0 0.9413461538461538 0.6271604938271605 0.11730769230769231 0.4148148148148148
2 0.09038461538461538 0.4679012345679012 0.07307692307692308 0.14074074074074075
2 0.47596153846153844 0.608641975308642 0.08653846153846154 0.4271604938271605
