0 0.6962890625 0.3938802083333333 0.056640625 0.18489583333333334
0 0.7373046875 0.38671875 0.0546875 0.1796875
0 0.76171875 0.3567708333333333 0.0712890625 0.23177083333333334
0 0.781982421875 0.4007161458333333 0.05322265625 0.17513020833333334
0 0.826416015625 0.4104817708333333 0.04443359375 0.146484375
0 0.840576171875 0.349609375 0.07275390625 0.23828125
0 0.879150390625 0.3557942708333333 0.06103515625 0.19856770833333334
0 0.907470703125 0.341796875 0.05029296875 0.16536458333333334
0 0.9375 0.3388671875 0.052734375 0.17252604166666666
0 0.9814453125 0.2825520833333333 0.037109375 0.20442708333333334
0 0.060791015625 0.07356770833333333 0.02978515625 0.09635416666666667
0 0.088134765625 0.4287109375 0.05322265625 0.173828125
0 0.13427734375 0.3274739583333333 0.0380859375 0.12630208333333334
0 0.185546875 0.3229166666666667 0.04296875 0.14192708333333334
0 0.2421875 0.3017578125 0.0458984375 0.150390625
0 0.269775390625 0.3167317708333333 0.03662109375 0.119140625
0 0.361083984375 0.3590494791666667 0.03369140625 0.111328125
0 0.366943359375 0.2978515625 0.02978515625 0.09700520833333333
0 0.349609375 0.2958984375 0.02734375 0.09049479166666667
0 0.30810546875 0.3017578125 0.0390625 0.12825520833333334
0 0.3876953125 0.2874348958333333 0.021484375 0.07096354166666667
0 0.406982421875 0.2841796875 0.02587890625 0.08528645833333333
0 0.4033203125 0.3092447916666667 0.01953125 0.06510416666666667
0 0.275146484375 0.3059895833333333 0.03955078125 0.13020833333333334
0 0.580078125 0.2682291666666667 0.01171875 0.0390625
0 0.574951171875 0.2766927083333333 0.00927734375 0.029947916666666668
0 0.573486328125 0.2646484375 0.01513671875 0.048828125
0 0.546875 0.2672526041666667 0.0146484375 0.050130208333333336
2 0.297607421875 0.3645833333333333 0.04052734375 0.11458333333333333
2 0.3388671875 0.3629557291666667 0.0478515625 0.111328125
2 0.397216796875 0.3873697916666667 0.04052734375 0.052083333333333336
2 0.446533203125 0.3486328125 0.02978515625 0.103515625
2 0.469482421875 0.3450520833333333 0.03466796875 0.0859375
2 0.5400390625 0.2809244791666667 0.01171875 0.016276041666666668
4 0.922119140625 0.24348958333333334 0.12060546875 0.07421875
4 0.924072265625 0.16666666666666666 0.08740234375 0.078125
4 0.9814453125 0.12760416666666666 0.02734375 0.0546875
4 0.71337890625 0.18229166666666666 0.1591796875 0.03515625
4 0.541015625 0.17057291666666666 0.0810546875 0.053385416666666664
4 0.605712890625 0.18196614583333334 0.04443359375 0.020182291666666668
4 0.451171875 0.16276041666666666 0.076171875 0.037760416666666664
4 0.349609375 0.14518229166666666 0.0849609375 0.037760416666666664
4 0.26708984375 0.12662760416666666 0.0751953125 0.054036458333333336
4 0.146240234375 0.10970052083333333 0.15185546875 0.06705729166666667
