0 0.10072463768115943 0.4598393574297189 0.09710144927536232 0.3293172690763052
0 0.23550724637681159 0.4046184738955823 0.04782608695652174 0.16666666666666666
0 0.2579710144927536 0.40160642570281124 0.043478260869565216 0.15261044176706828
0 0.3318840579710145 0.4678714859437751 0.08695652173913043 0.30120481927710846
0 0.41739130434782606 0.41164658634538154 0.04927536231884058 0.1646586345381526
0 0.4681159420289855 0.4066265060240964 0.05217391304347826 0.178714859437751
0 0.48840579710144927 0.40160642570281124 0.057971014492753624 0.19678714859437751
0 0.5528985507246377 0.40963855421686746 0.06811594202898551 0.23293172690763053
0 0.5811594202898551 0.4186746987951807 0.06666666666666667 0.23092369477911648
0 0.6340579710144928 0.41365461847389556 0.059420289855072465 0.20481927710843373
0 0.6688405797101449 0.42168674698795183 0.0536231884057971 0.18473895582329317
0 0.7391304347826086 0.4006024096385542 0.06086956521739131 0.20682730923694778
0 0.7652173913043478 0.42971887550200805 0.06086956521739131 0.21285140562248997
0 0.8268115942028985 0.4367469879518072 0.06231884057971015 0.21485943775100402
0 0.8702898550724638 0.4166666666666667 0.06521739130434782 0.21887550200803213
0 0.8920289855072464 0.4397590361445783 0.06521739130434782 0.22088353413654618
0 0.9268115942028986 0.44377510040160645 0.06811594202898551 0.23694779116465864
4 0.042028985507246375 0.35240963855421686 0.08115942028985507 0.0823293172690763
4 0.17028985507246377 0.3373493975903614 0.10869565217391304 0.0963855421686747
4 0.29637681159420287 0.3373493975903614 0.059420289855072465 0.06827309236947791
4 0.37681159420289856 0.3353413654618474 0.07246376811594203 0.05220883534136546
4 0.4557971014492754 0.3373493975903614 0.042028985507246375 0.060240963855421686
4 0.7094202898550724 0.33634538152610444 0.05652173913043478 0.04216867469879518
4 0.7971014492753623 0.3413654618473896 0.0463768115942029 0.05220883534136546
4 0.9608695652173913 0.33232931726907633 0.06376811594202898 0.04216867469879518
