0 0.435 0.46 0.11333333333333333 0.3688888888888889
0 0.5308333333333334 0.4622222222222222 0.10166666666666667 0.3288888888888889
0 0.745 0.46 0.13333333333333333 0.43555555555555553
0 0.8166666666666667 0.4577777777777778 0.11666666666666667 0.37777777777777777
0 0.9183333333333333 0.5044444444444445 0.08 0.26666666666666666
0 0.075 0.45555555555555555 0.06666666666666667 0.2222222222222222
0 0.10333333333333333 0.3277777777777778 0.06 0.20222222222222222
0 0.045 0.31777777777777777 0.05333333333333334 0.17333333333333334
0 0.015833333333333335 0.31 0.03166666666666667 0.16666666666666666
0 0.145 0.44222222222222224 0.07 0.22666666666666666
0 0.5816666666666667 0.4477777777777778 0.07666666666666666 0.2511111111111111
2 0.17833333333333334 0.3888888888888889 0.05 0.12
2 0.8833333333333333 0.5022222222222222 0.043333333333333335 0.17777777777777778
2 0.041666666666666664 0.4711111111111111 0.07666666666666666 0.19555555555555557
