0 0.16183035714285715 0.5669642857142857 0.22098214285714285 0.7291666666666666
0 0.2533482142857143 0.4255952380952381 0.171875 0.5654761904761905
0 0.28236607142857145 0.3586309523809524 0.140625 0.46726190476190477
0 0.3236607142857143 0.22767857142857142 0.08482142857142858 0.2767857142857143
0 0.3872767857142857 0.22321428571428573 0.08705357142857142 0.2857142857142857
0 0.36830357142857145 0.19047619047619047 0.07142857142857142 0.23809523809523808
0 0.6015625 0.5342261904761905 0.234375 0.7708333333333334
0 0.5345982142857143 0.4255952380952381 0.16741071428571427 0.5476190476190477
0 0.5044642857142857 0.34226190476190477 0.13839285714285715 0.4583333333333333
0 0.8995535714285714 0.5 0.19196428571428573 0.6309523809523809
0 0.8191964285714286 0.39732142857142855 0.12946428571428573 0.43154761904761907
0 0.9575892857142857 0.2916666666666667 0.08482142857142858 0.3392857142857143
4 0.45424107142857145 0.19196428571428573 0.11383928571428571 0.25892857142857145
4 0.28013392857142855 0.1056547619047619 0.10491071428571429 0.09226190476190477
