0 0.22 0.7083333333333334 0.043076923076923075 0.16203703703703703
0 0.48307692307692307 0.7314814814814815 0.055384615384615386 0.2037037037037037
0 0.5269230769230769 0.7210648148148148 0.04461538461538461 0.16435185185185186
0 0.5923076923076923 0.7268518518518519 0.05846153846153846 0.21296296296296297
0 0.6546153846153846 0.7233796296296297 0.047692307692307694 0.17824074074074073
0 0.7615384615384615 0.7268518518518519 0.04 0.1527777777777778
0 0.7707692307692308 0.7314814814814815 0.046153846153846156 0.1712962962962963
0 0.8084615384615385 0.7152777777777778 0.038461538461538464 0.14814814814814814
0 0.8307692307692308 0.7106481481481481 0.033846153846153845 0.125
0 0.8930769230769231 0.7175925925925926 0.05076923076923077 0.18518518518518517
0 0.9238461538461539 0.7453703703703703 0.06 0.22685185185185186
0 0.9738461538461538 0.7141203703703703 0.04 0.1550925925925926
0 0.40384615384615385 0.6898148148148148 0.016923076923076923 0.06481481481481481
0 0.5223076923076924 0.5925925925925926 0.013846153846153847 0.05555555555555555
2 0.2653846153846154 0.6909722222222222 0.02 0.04398148148148148
2 0.4230769230769231 0.7002314814814815 0.015384615384615385 0.03935185185185185
2 0.43846153846153846 0.6956018518518519 0.018461538461538463 0.03935185185185185
2 0.45692307692307693 0.7025462962962963 0.018461538461538463 0.04861111111111111
2 0.5076923076923077 0.7094907407407407 0.018461538461538463 0.05324074074074074
4 0.703076923076923 0.6875 0.08615384615384615 0.05092592592592592
