0 0.782 0.5597667638483965 0.084 0.29737609329446063
0 0.714 0.5728862973760933 0.092 0.33527696793002915
0 0.891 0.5145772594752187 0.034 0.13119533527696792
0 0.957 0.5029154518950437 0.026 0.09620991253644315
0 0.629 0.6239067055393586 0.146 0.5247813411078717
0 0.566 0.577259475218659 0.084 0.30903790087463556
0 0.484 0.7157434402332361 0.156 0.5626822157434402
0 0.173 0.5539358600583091 0.07 0.25072886297376096
0 0.118 0.5029154518950437 0.036 0.13119533527696792
0 0.096 0.49854227405247814 0.028 0.11078717201166181
0 0.136 0.4970845481049563 0.028 0.10787172011661808
0 0.299 0.49271137026239065 0.03 0.11078717201166181
0 0.331 0.5160349854227405 0.038 0.13994169096209913
0 0.363 0.4956268221574344 0.03 0.11078717201166181
0 0.447 0.5597667638483965 0.066 0.24489795918367346
0 0.535 0.5335276967930029 0.046 0.16326530612244897
4 0.081 0.22448979591836735 0.162 0.1457725947521866
