0 0.077 0.34684684684684686 0.034 0.13513513513513514
0 0.109 0.35285285285285284 0.034 0.12312312312312312
0 0.316 0.34684684684684686 0.036 0.13513513513513514
0 0.372 0.36036036036036034 0.032 0.12612612612612611
0 0.401 0.35435435435435436 0.038 0.13813813813813813
0 0.439 0.34384384384384387 0.038 0.14114114114114115
0 0.267 0.3738738738738739 0.03 0.1111111111111111
0 0.237 0.2927927927927928 0.038 0.14114114114114115
0 0.439 0.1006006006006006 0.034 0.12912912912912913
0 0.502 0.1036036036036036 0.036 0.12912912912912913
0 0.485 0.36486486486486486 0.026 0.10510510510510511
0 0.519 0.3588588588588589 0.03 0.11711711711711711
0 0.601 0.34684684684684686 0.034 0.13513513513513514
0 0.661 0.35435435435435436 0.034 0.12612612612612611
0 0.901 0.0960960960960961 0.038 0.13813813813813813
0 0.944 0.0915915915915916 0.032 0.12312312312312312
0 0.98 0.1006006006006006 0.036 0.13513513513513514
0 0.816 0.1036036036036036 0.036 0.12912912912912913
0 0.555 0.7132132132132132 0.102 0.3813813813813814
0 0.358 0.6051051051051051 0.076 0.27927927927927926
0 0.267 0.6921921921921922 0.074 0.2732732732732733
0 0.201 0.6906906906906907 0.07 0.26426426426426425
0 0.088 0.6321321321321322 0.072 0.26126126126126126
2 0.637 0.08408408408408409 0.026 0.06006006006006006
2 0.309 0.7072072072072072 0.078 0.14714714714714713
2 0.371 0.6921921921921922 0.114 0.14114114114114115
2 0.393 0.7522522522522522 0.074 0.1831831831831832
2 0.456 0.7792792792792793 0.08 0.1831831831831832
2 0.457 0.6456456456456456 0.062 0.12012012012012012
2 0.488 0.6126126126126126 0.052 0.13813813813813813
2 0.615 0.7402402402402403 0.058 0.2012012012012012
2 0.687 0.7852852852852853 0.126 0.30930930930930933
2 0.623 0.6066066066066066 0.058 0.13813813813813813
2 0.713 0.6186186186186187 0.054 0.09009009009009009
2 0.935 0.3813813813813814 0.126 0.3783783783783784
2 0.291 0.5630630630630631 0.046 0.11711711711711711
2 0.232 0.5375375375375375 0.048 0.09009009009009009
