0 0.5130784708249497 0.2902511078286558 0.056338028169014086 0.10487444608567208
0 0.6096579476861167 0.3072378138847858 0.11670020120724346 0.21270310192023634
0 0.6730382293762576 0.28286558345642543 0.03420523138832998 0.06646971935007386
0 0.7454728370221329 0.327178729689808 0.13480885311871227 0.2466765140324963
0 0.11871227364185111 0.8116691285081241 0.16498993963782696 0.2998522895125554
0 0.20321931589537223 0.7725258493353028 0.2052313883299799 0.3722304283604136
0 0.35714285714285715 0.7658788774002954 0.19517102615694165 0.3500738552437223
0 0.45472837022132795 0.7806499261447563 0.12474849094567404 0.22304283604135894
0 0.6096579476861167 0.7481536189069424 0.11267605633802817 0.20531757754800592
0 0.6901408450704225 0.7326440177252584 0.0925553319919517 0.16838995568685378
0 0.7293762575452716 0.7178729689807977 0.07847082494969819 0.14180206794682423
0 0.7826961770623743 0.6868537666174298 0.07645875251509054 0.1358936484490399
0 0.8822937625754527 0.6816838995568686 0.07042253521126761 0.12850812407680945
0 0.6991951710261569 0.6824224519940916 0.0744466800804829 0.13884785819793205
0 0.43762575452716296 0.6794682422451994 0.0744466800804829 0.13884785819793205
0 0.27867203219315895 0.7134416543574594 0.06639839034205232 0.1240768094534712
0 0.37927565392354123 0.723781388478582 0.06639839034205232 0.12112259970457903
4 0.18108651911468812 0.28064992614475626 0.27364185110663986 0.11816838995568685
4 0.40543259557344064 0.2776957163958641 0.1750503018108652 0.0915805022156573
