0 0.06666666666666667 0.5974178403755869 0.13333333333333333 0.4953051643192488
0 0.1425 0.5927230046948356 0.135 0.4624413145539906
0 0.2175 0.602112676056338 0.145 0.5046948356807511
0 0.29083333333333333 0.5974178403755869 0.15166666666666667 0.5234741784037559
0 0.395 0.6185446009389671 0.15666666666666668 0.5422535211267606
0 0.51 0.6185446009389671 0.16666666666666666 0.5751173708920188
0 0.6233333333333333 0.6302816901408451 0.17333333333333334 0.5938967136150235
0 0.7025 0.6291079812206573 0.16833333333333333 0.5821596244131455
0 0.8058333333333333 0.653755868544601 0.165 0.5657276995305164
0 0.9091666666666667 0.6807511737089202 0.16833333333333333 0.5774647887323944
