0 0.12971014492753624 0.8617021276595744 0.04492753623188406 0.14893617021276595
0 0.17028985507246377 0.8500967117988395 0.0536231884057971 0.17988394584139264
0 0.731159420289855 0.8839458413926499 0.030434782608695653 0.10058027079303675
0 0.7579710144927536 0.8878143133462283 0.028985507246376812 0.10058027079303675
0 0.7920289855072464 0.8868471953578336 0.030434782608695653 0.10251450676982592
0 0.8144927536231884 0.8936170212765957 0.028985507246376812 0.10058027079303675
0 0.8297101449275363 0.8762088974854932 0.021739130434782608 0.06963249516441006
0 0.8478260869565217 0.8916827852998066 0.028985507246376812 0.09671179883945841
0 0.9108695652173913 0.8897485493230174 0.02753623188405797 0.09671179883945841
0 0.9369565217391305 0.8897485493230174 0.03333333333333333 0.11218568665377177
2 0.9246376811594202 0.9110251450676983 0.02608695652173913 0.05415860735009671
2 0.9456521739130435 0.8607350096711799 0.01884057971014493 0.04642166344294004
