0 0.8658333333333333 0.6364985163204748 0.095 0.41839762611275966
0 0.7408333333333333 0.658753709198813 0.10166666666666667 0.4391691394658754
0 0.795 0.6201780415430267 0.07 0.3086053412462908
0 0.8091666666666667 0.6038575667655787 0.06166666666666667 0.27002967359050445
0 0.9058333333333334 0.5830860534124629 0.058333333333333334 0.2522255192878338
0 0.9233333333333333 0.5771513353115727 0.056666666666666664 0.2522255192878338
0 0.83 0.5534124629080118 0.056666666666666664 0.24629080118694363
0 0.6775 0.599406528189911 0.07833333333333334 0.33827893175074186
0 0.6366666666666667 0.586053412462908 0.07 0.3115727002967359
0 0.9616666666666667 0.7299703264094956 0.07666666666666666 0.5222551928783383
0 0.6666666666666666 0.7522255192878339 0.11 0.47774480712166173
0 0.4225 0.7359050445103857 0.115 0.5044510385756676
0 0.09416666666666666 0.7329376854599406 0.11833333333333333 0.5222551928783383
0 0.33 0.7210682492581603 0.11333333333333333 0.49851632047477745
0 0.2758333333333333 0.6958456973293768 0.09166666666666666 0.40059347181008903
0 0.17666666666666667 0.7314540059347181 0.09333333333333334 0.4065281899109792
2 0.5425 0.4970326409495549 0.04833333333333333 0.10385756676557864
2 0.5691666666666667 0.4910979228486647 0.035 0.09198813056379822
2 0.6025 0.5326409495548962 0.035 0.09198813056379822
