0 0.154 0.7600401606425703 0.017333333333333333 0.06224899598393574
0 0.16666666666666666 0.7590361445783133 0.016 0.0642570281124498
0 0.19533333333333333 0.7560240963855421 0.012 0.04618473895582329
0 0.22533333333333333 0.7921686746987951 0.029333333333333333 0.11044176706827309
0 0.26866666666666666 0.7951807228915663 0.03333333333333333 0.1285140562248996
0 0.17933333333333334 0.748995983935743 0.009333333333333334 0.040160642570281124
0 0.434 0.7700803212851406 0.017333333333333333 0.06224899598393574
0 0.474 0.7710843373493976 0.02 0.07228915662650602
0 0.304 0.7740963855421686 0.016 0.05823293172690763
0 0.9406666666666667 0.7761044176706827 0.036 0.13855421686746988
0 0.896 0.7570281124497992 0.024 0.08835341365461848
0 0.914 0.7530120481927711 0.017333333333333333 0.06827309236947791
0 0.8513333333333334 0.7630522088353414 0.02 0.07630522088353414
0 0.8073333333333333 0.7650602409638554 0.02266666666666667 0.08835341365461848
0 0.7746666666666666 0.7520080321285141 0.016 0.06224899598393574
0 0.756 0.7710843373493976 0.02666666666666667 0.10441767068273092
0 0.718 0.786144578313253 0.017333333333333333 0.07028112449799197
0 0.708 0.7670682730923695 0.024 0.08835341365461848
0 0.7253333333333334 0.7751004016064257 0.018666666666666668 0.06827309236947791
0 0.6793333333333333 0.7670682730923695 0.02266666666666667 0.08433734939759036
0 0.6466666666666666 0.7600401606425703 0.024 0.09437751004016064
0 0.6286666666666667 0.7580321285140562 0.025333333333333333 0.09839357429718876
0 0.6053333333333333 0.7640562248995983 0.02666666666666667 0.09839357429718876
0 0.5926666666666667 0.748995983935743 0.014666666666666666 0.060240963855421686
0 0.5833333333333334 0.7550200803212851 0.014666666666666666 0.05622489959839357
0 0.564 0.7650602409638554 0.024 0.08835341365461848
0 0.548 0.75 0.013333333333333334 0.050200803212851405
0 0.5413333333333333 0.7530120481927711 0.016 0.060240963855421686
0 0.5253333333333333 0.7530120481927711 0.016 0.0642570281124498
0 0.49866666666666665 0.7620481927710844 0.021333333333333333 0.0783132530120482
0 0.4826666666666667 0.7590361445783133 0.018666666666666668 0.07630522088353414
2 0.298 0.7911646586345381 0.03333333333333333 0.10040160642570281
4 0.352 0.7429718875502008 0.15466666666666667 0.04819277108433735
4 0.524 0.7520080321285141 0.16 0.07028112449799197
