0 0.11650485436893204 0.8975225225225225 0.0970873786407767 0.19144144144144143
0 0.06865464632454923 0.8237612612612613 0.04299583911234397 0.08445945945945946
0 0.217753120665742 0.847972972972973 0.05825242718446602 0.11711711711711711
0 0.24687933425797504 0.8609234234234234 0.06934812760055478 0.13626126126126126
0 0.3654646324549237 0.8868243243243243 0.10124826629680998 0.20382882882882883
0 0.6102635228848821 0.8586711711711712 0.05547850208044383 0.11148648648648649
0 0.6920943134535368 0.8519144144144144 0.052704576976421634 0.10472972972972973
0 0.805131761442441 0.848536036036036 0.05131761442441054 0.10472972972972973
0 0.7704576976421637 0.8243243243243243 0.0319001386962552 0.06531531531531531
4 0.49029126213592233 0.8226351351351351 0.1927877947295423 0.08220720720720721
4 0.8821081830790569 0.8333333333333334 0.0970873786407767 0.09234234234234234
4 0.14008321775312066 0.8091216216216216 0.11095700416088766 0.0686936936936937
