0 0.281 0.5 0.094 0.30666666666666664
0 0.348 0.496 0.092 0.30933333333333335
0 0.364 0.496 0.088 0.29333333333333333
0 0.404 0.496 0.092 0.304
0 0.477 0.48133333333333334 0.09 0.296
0 0.499 0.4826666666666667 0.086 0.2773333333333333
0 0.542 0.48533333333333334 0.088 0.288
0 0.587 0.476 0.086 0.2853333333333333
0 0.646 0.492 0.08 0.2693333333333333
0 0.702 0.48533333333333334 0.084 0.2826666666666667
0 0.754 0.484 0.08 0.2693333333333333
0 0.812 0.48533333333333334 0.084 0.2773333333333333
0 0.868 0.49333333333333335 0.08 0.2613333333333333
0 0.836 0.48 0.076 0.24533333333333332
0 0.911 0.49733333333333335 0.09 0.2906666666666667
0 0.779 0.48 0.082 0.26666666666666666
2 0.616 0.372 0.032 0.050666666666666665
2 0.724 0.37333333333333335 0.032 0.058666666666666666
2 0.426 0.5773333333333334 0.08 0.216
2 0.494 0.568 0.072 0.19733333333333333
2 0.556 0.5626666666666666 0.06 0.192
2 0.614 0.556 0.06 0.20533333333333334
2 0.66 0.5586666666666666 0.068 0.20533333333333334
2 0.714 0.5613333333333334 0.06 0.2
2 0.784 0.556 0.072 0.22133333333333333
