0 0.03 0.6897018970189702 0.06 0.35501355013550134
0 0.104 0.6842818428184282 0.1 0.32791327913279134
0 0.14 0.6788617886178862 0.096 0.3224932249322493
0 0.062 0.6720867208672087 0.104 0.34688346883468835
0 0.377 0.6964769647696477 0.094 0.31978319783197834
0 0.445 0.6815718157181572 0.098 0.3224932249322493
0 0.5 0.6964769647696477 0.08 0.27100271002710025
0 0.69 0.7289972899728997 0.052 0.17344173441734417
0 0.763 0.7344173441734417 0.042 0.14634146341463414
0 0.719 0.6829268292682927 0.074 0.24390243902439024
0 0.808 0.7195121951219512 0.056 0.19241192411924118
0 0.839 0.7018970189701897 0.066 0.22764227642276422
0 0.607 0.6924119241192412 0.178 0.5934959349593496
0 0.271 0.6626016260162602 0.198 0.6639566395663956
2 0.021 0.502710027100271 0.034 0.08401084010840108
2 0.088 0.6219512195121951 0.072 0.2140921409214092
2 0.125 0.5311653116531165 0.03 0.05962059620596206
2 0.157 0.5284552845528455 0.026 0.05420054200542006
2 0.166 0.6842818428184282 0.06 0.32791327913279134
2 0.351 0.5691056910569106 0.03 0.08130081300813008
2 0.4 0.5677506775067751 0.032 0.06775067750677506
2 0.419 0.5718157181571816 0.026 0.05420054200542006
2 0.466 0.55420054200542 0.028 0.056910569105691054
2 0.484 0.575880758807588 0.032 0.06775067750677506
2 0.685 0.6016260162601627 0.03 0.08130081300813008
2 0.704 0.5880758807588076 0.02 0.05962059620596206
2 0.763 0.6273712737127372 0.062 0.1111111111111111
2 0.783 0.5975609756097561 0.026 0.056910569105691054
2 0.858 0.7791327913279132 0.072 0.13279132791327913
