0 0.0425 0.45625 0.051666666666666666 0.1875
0 0.12916666666666668 0.5025 0.085 0.31
0 0.25583333333333336 0.4375 0.041666666666666664 0.16
0 0.33666666666666667 0.475 0.07333333333333333 0.27
0 0.42 0.4275 0.02666666666666667 0.105
0 0.49 0.52875 0.09 0.3375
0 0.62 0.5975 0.14 0.515
0 0.7033333333333334 0.435 0.03666666666666667 0.14
0 0.7508333333333334 0.49 0.075 0.275
0 0.78 0.43 0.03333333333333333 0.13
0 0.805 0.4575 0.05 0.19
0 0.825 0.41625 0.03 0.1075
0 0.8616666666666667 0.44 0.04 0.155
0 0.8958333333333334 0.4025 0.018333333333333333 0.07
0 0.9666666666666667 0.5125 0.06666666666666667 0.3
2 0.23166666666666666 0.4175 0.02666666666666667 0.11
2 0.2683333333333333 0.44125 0.023333333333333334 0.0875
2 0.36583333333333334 0.43125 0.041666666666666664 0.1625
2 0.7183333333333334 0.4125 0.016666666666666666 0.1
2 0.7666666666666667 0.385 0.02 0.05
2 0.44916666666666666 0.3725 0.011666666666666667 0.035
