0 0.0625 0.5783664459161147 0.07794117647058824 0.2913907284768212
0 0.09926470588235294 0.5353200883002207 0.051470588235294115 0.18763796909492272
0 0.15220588235294116 0.5386313465783664 0.060294117647058824 0.22075055187637968
0 0.19338235294117648 0.5353200883002207 0.04852941176470588 0.17880794701986755
0 0.24338235294117647 0.5662251655629139 0.08088235294117647 0.30242825607064017
0 0.2985294117647059 0.5386313465783664 0.061764705882352944 0.23399558498896247
0 0.3448529411764706 0.522075055187638 0.051470588235294115 0.19646799116997793
0 0.37573529411764706 0.5143487858719646 0.04264705882352941 0.15894039735099338
0 0.40661764705882353 0.4988962472406181 0.03676470588235294 0.13245033112582782
0 0.41911764705882354 0.4922737306843267 0.029411764705882353 0.11479028697571744
0 0.46691176470588236 0.5717439293598234 0.08088235294117647 0.2958057395143488
0 0.6529411764705882 0.5673289183222958 0.07647058823529412 0.2781456953642384
0 0.625 0.5463576158940397 0.061764705882352944 0.22737306843267108
0 0.6088235294117647 0.5242825607064018 0.047058823529411764 0.17880794701986755
0 0.6977941176470588 0.5066225165562914 0.039705882352941174 0.1479028697571744
0 0.7279411764705882 0.5154525386313465 0.04411764705882353 0.16556291390728478
0 0.7463235294117647 0.5242825607064018 0.054411764705882354 0.20088300220750552
0 0.7904411764705882 0.5375275938189845 0.060294117647058824 0.22737306843267108
0 0.8580882352941176 0.5717439293598234 0.07794117647058824 0.2869757174392936
2 0.03602941176470588 0.5551876379690949 0.051470588235294115 0.24061810154525387
2 0.12352941176470589 0.4624724061810154 0.03235294117647059 0.08167770419426049
2 0.3985294117647059 0.45805739514348787 0.014705882352941176 0.02869757174392936
2 0.33308823529411763 0.45916114790286977 0.022058823529411766 0.03090507726269316
2 0.4389705882352941 0.4845474613686534 0.01911764705882353 0.09492273730684327
2 0.48676470588235293 0.5496688741721855 0.023529411764705882 0.22958057395143489
2 0.4948529411764706 0.5154525386313465 0.025 0.18322295805739514
2 0.5036764705882353 0.5121412803532008 0.025 0.17218543046357615
2 0.5213235294117647 0.47240618101545256 0.010294117647058823 0.05739514348785872
2 0.5536764705882353 0.48013245033112584 0.016176470588235296 0.0728476821192053
2 0.5639705882352941 0.4867549668874172 0.025 0.09050772626931568
2 0.5830882352941177 0.5110375275938189 0.013235294117647059 0.16114790286975716
2 0.5948529411764706 0.5121412803532008 0.01911764705882353 0.17660044150110377
