0 0.1734375 0.33611111111111114 0.040625 0.18333333333333332
0 0.19375 0.37777777777777777 0.04375 0.2
0 0.22734375 0.3763888888888889 0.0453125 0.19722222222222222
0 0.2984375 0.3611111111111111 0.0375 0.16666666666666666
0 0.31796875 0.4013888888888889 0.0296875 0.1361111111111111
0 0.3578125 0.5027777777777778 0.115625 0.5055555555555555
0 0.43515625 0.3819444444444444 0.0328125 0.14166666666666666
0 0.459375 0.3819444444444444 0.034375 0.14722222222222223
0 0.50234375 0.38055555555555554 0.0296875 0.13333333333333333
0 0.54140625 0.48194444444444445 0.1171875 0.5083333333333333
0 0.640625 0.4027777777777778 0.028125 0.12777777777777777
0 0.71328125 0.40555555555555556 0.0328125 0.14444444444444443
0 0.7703125 0.42777777777777776 0.034375 0.15555555555555556
0 0.828125 0.40694444444444444 0.0375 0.1638888888888889
0 0.79453125 0.42083333333333334 0.0328125 0.1527777777777778
2 0.14453125 0.325 0.0203125 0.08888888888888889
2 0.26328125 0.3416666666666667 0.0328125 0.09444444444444444
2 0.25703125 0.40694444444444444 0.0359375 0.13055555555555556
2 0.39921875 0.36527777777777776 0.0390625 0.14722222222222223
2 0.421875 0.33611111111111114 0.025 0.08888888888888889
2 0.47421875 0.37083333333333335 0.0265625 0.10833333333333334
2 0.5671875 0.3680555555555556 0.040625 0.11944444444444445
2 0.596875 0.39444444444444443 0.03125 0.12777777777777777
2 0.60859375 0.3638888888888889 0.0359375 0.09444444444444444
2 0.6203125 0.3736111111111111 0.028125 0.10277777777777777
2 0.6890625 0.375 0.028125 0.08888888888888889
2 0.67890625 0.3680555555555556 0.0171875 0.06388888888888888
2 0.7484375 0.40555555555555556 0.015625 0.14444444444444443
2 0.76640625 0.33194444444444443 0.0234375 0.04722222222222222
2 0.78515625 0.38472222222222224 0.0234375 0.10833333333333334
2 0.809375 0.35555555555555557 0.021875 0.06666666666666667
2 0.8515625 0.4166666666666667 0.021875 0.17777777777777778
