0 0.9545148247978437 0.5045399515738499 0.09097035040431267 0.4424939467312349
0 0.8825808625336927 0.5308716707021792 0.10882749326145552 0.47699757869249393
0 0.8493935309973046 0.49515738498789347 0.06805929919137467 0.29782082324455206
0 0.8091307277628033 0.5320823244552058 0.10950134770889487 0.48062953995157387
0 0.7289420485175202 0.5217917675544794 0.11960916442048518 0.5254237288135594
0 0.6376347708894878 0.5006053268765133 0.06435309973045822 0.28329297820823246
0 0.5668800539083558 0.5021186440677966 0.07378706199460916 0.3238498789346247
0 0.48483827493261455 0.5 0.0747978436657682 0.3280871670702179
0 0.4102088948787062 0.4960653753026634 0.07783018867924528 0.3407990314769976
0 0.32142857142857145 0.4918280871670702 0.10107816711590296 0.4449152542372881
0 0.19491239892183287 0.5108958837772397 0.09871967654986523 0.4346246973365617
0 0.08524258760107817 0.4891041162227603 0.10512129380053908 0.46246973365617433
2 0.9924191374663073 0.4860774818401937 0.013140161725067386 0.274818401937046
2 0.9182951482479784 0.4960653753026634 0.015835579514824796 0.3141646489104116
2 0.983322102425876 0.5217917675544794 0.02257412398921833 0.15738498789346247
