0 0.05592105263157895 0.7151898734177216 0.08552631578947369 0.41139240506329117
0 0.12664473684210525 0.7025316455696202 0.08881578947368421 0.4177215189873418
0 0.18092105263157895 0.7120253164556962 0.08552631578947369 0.4050632911392405
0 0.25411184210526316 0.7088607594936709 0.08388157894736842 0.4050632911392405
0 0.3125 0.7088607594936709 0.07894736842105263 0.379746835443038
0 0.37993421052631576 0.7199367088607594 0.07236842105263158 0.3512658227848101
0 0.4276315789473684 0.7341772151898734 0.0756578947368421 0.3670886075949367
0 0.4810855263157895 0.7373417721518988 0.0805921052631579 0.3860759493670886
0 0.537828947368421 0.7325949367088608 0.08552631578947369 0.40189873417721517
0 0.600328947368421 0.7341772151898734 0.08223684210526316 0.3860759493670886
0 0.6685855263157895 0.7294303797468354 0.0805921052631579 0.3829113924050633
0 0.7245065789473685 0.7215189873417721 0.08717105263157894 0.41139240506329117
0 0.7894736842105263 0.7151898734177216 0.08881578947368421 0.4177215189873418
0 0.8725328947368421 0.7183544303797469 0.09046052631578948 0.4240506329113924
0 0.946546052631579 0.7104430379746836 0.09375 0.439873417721519
