0 0.0794251134644478 0.244136460554371 0.03479576399394856 0.1257995735607676
0 0.14977307110438728 0.24307036247334754 0.030257186081694403 0.11087420042643924
0 0.24659606656580937 0.5063965884861408 0.1815431164901664 0.6247334754797441
0 0.4795763993948563 0.47121535181236673 0.2027231467473525 0.7036247334754797
0 0.6111951588502269 0.2889125799573561 0.03328290468986384 0.11300639658848614
0 0.5726172465960666 0.232409381663113 0.0226928895612708 0.08102345415778252
0 0.5574886535552194 0.23773987206823027 0.025718608169440244 0.09168443496801706
0 0.737518910741301 0.5149253731343284 0.1951588502269289 0.67590618336887
0 0.8350983358547656 0.27398720682302774 0.015128593040847202 0.057569296375266525
0 0.8524962178517398 0.2814498933901919 0.019667170953101363 0.07249466950959488
0 0.8842662632375189 0.2867803837953092 0.019667170953101363 0.07462686567164178
0 0.9039334341906202 0.2846481876332623 0.025718608169440244 0.08742004264392324
0 0.9402420574886535 0.28038379530916846 0.025718608169440244 0.08742004264392324
0 0.9183055975794251 0.2579957356076759 0.009077155824508321 0.03837953091684435
0 0.9652042360060514 0.27825159914712155 0.02118003025718608 0.07889125799573561
0 0.9931921331316188 0.27185501066098083 0.01361573373676248 0.057569296375266525
0 0.8207261724659607 0.267590618336887 0.01361573373676248 0.04477611940298507
2 0.3086232980332829 0.2068230277185501 0.030257186081694403 0.03837953091684435
2 0.340393343419062 0.19616204690831557 0.024205748865355523 0.042643923240938165
2 0.20574886535552195 0.26119402985074625 0.030257186081694403 0.06183368869936034
2 0.39636913767019666 0.21002132196162046 0.02118003025718608 0.053304904051172705
2 0.4062027231467474 0.208955223880597 0.019667170953101363 0.05543710021321962
2 0.708018154311649 0.26332622601279315 0.030257186081694403 0.053304904051172705
2 0.7859304084720121 0.26332622601279315 0.03479576399394856 0.053304904051172705
2 0.9531013615733737 0.2622601279317697 0.015128593040847202 0.042643923240938165
2 0.9773071104387292 0.2547974413646055 0.015128593040847202 0.02771855010660981
