0 0.06796875 0.8302107728337237 0.0734375 0.2693208430913349
0 0.2859375 0.8360655737704918 0.06875 0.2576112412177986
0 0.3265625 0.7131147540983607 0.0625 0.23653395784543327
0 0.3640625 0.7306791569086651 0.059375 0.22482435597189696
0 0.40859375 0.7236533957845434 0.0546875 0.20608899297423888
0 0.44453125 0.7295081967213115 0.0578125 0.21311475409836064
0 0.47109375 0.7915690866510539 0.0859375 0.3185011709601874
0 0.5296875 0.7166276346604216 0.059375 0.22014051522248243
0 0.57421875 0.8220140515222483 0.0765625 0.2810304449648712
0 0.62109375 0.8079625292740047 0.0984375 0.36065573770491804
0 0.653125 0.8173302107728337 0.078125 0.2857142857142857
0 0.72890625 0.8138173302107728 0.0703125 0.2646370023419204
0 0.9 0.8114754098360656 0.071875 0.2693208430913349
2 0.3125 0.5784543325526932 0.046875 0.12177985948477751
2 0.35078125 0.5398126463700235 0.0546875 0.07728337236533958
2 0.365625 0.617096018735363 0.0375 0.07259953161592506
2 0.3890625 0.5995316159250585 0.034375 0.08899297423887588
2 0.4078125 0.5456674473067916 0.040625 0.08430913348946135
2 0.43203125 0.5925058548009368 0.0421875 0.06088992974238876
2 0.4609375 0.6018735362997658 0.021875 0.05152224824355972
2 0.4828125 0.5796252927400468 0.0375 0.053864168618266976
2 0.49453125 0.6370023419203747 0.0265625 0.09836065573770492
2 0.46015625 0.5386416861826698 0.0421875 0.06557377049180328
2 0.49140625 0.5187353629976581 0.0578125 0.0585480093676815
2 0.540625 0.5292740046838408 0.046875 0.06557377049180328
2 0.52734375 0.5889929742388759 0.0421875 0.06323185011709602
2 0.56015625 0.5807962529274004 0.0359375 0.05620608899297424
2 0.546875 0.607728337236534 0.025 0.06323185011709602
2 0.5640625 0.6545667447306791 0.04375 0.06323185011709602
2 0.59140625 0.5913348946135831 0.0234375 0.03981264637002342
2 0.60703125 0.5866510538641686 0.0359375 0.0585480093676815
2 0.60234375 0.5117096018735363 0.0734375 0.09133489461358314
2 0.64921875 0.5761124121779859 0.0296875 0.05620608899297424
2 0.6265625 0.6229508196721312 0.0375 0.06557377049180328
2 0.6 0.6358313817330211 0.040625 0.06323185011709602
2 0.65859375 0.6381733021077284 0.0265625 0.0585480093676815
2 0.6765625 0.6042154566744731 0.025 0.07494145199063232
2 0.66640625 0.5281030444964872 0.0359375 0.06323185011709602
2 0.7046875 0.5667447306791569 0.028125 0.04215456674473068
2 0.7015625 0.6370023419203747 0.0375 0.0468384074941452
2 0.7203125 0.6053864168618267 0.040625 0.06791569086651054
2 0.7359375 0.639344262295082 0.040625 0.05152224824355972
2 0.75625 0.6147540983606558 0.040625 0.053864168618266976
2 0.759375 0.5655737704918032 0.046875 0.06323185011709602
2 0.771875 0.629976580796253 0.015625 0.06088992974238876
2 0.796875 0.6264637002341921 0.046875 0.07259953161592506
2 0.8046875 0.6311475409836066 0.0375 0.08196721311475409
2 0.84453125 0.6252927400468384 0.0359375 0.07962529274004684
2 0.86875 0.5925058548009368 0.021875 0.0702576112412178
2 0.8921875 0.6276346604215457 0.034375 0.08430913348946135
2 0.82109375 0.5690866510538641 0.0421875 0.07962529274004684
2 0.8015625 0.8594847775175644 0.06875 0.17330210772833723
2 0.67578125 0.8067915690866511 0.0453125 0.28805620608899296
3 0.73359375 0.43208430913348944 0.0640625 0.2505854800936768
3 0.78828125 0.42857142857142855 0.0578125 0.1873536299765808
3 0.83828125 0.40398126463700235 0.0859375 0.3255269320843091
3 0.9046875 0.41920374707259955 0.04375 0.17798594847775176
3 0.9484375 0.4379391100702576 0.06875 0.234192037470726
