0 0.06539235412474849 0.34507042253521125 0.05030181086519115 0.1227364185110664
0 0.13078470824949698 0.3470824949698189 0.060362173038229376 0.15090543259557343
0 0.20321931589537223 0.358148893360161 0.0482897384305835 0.12072434607645875
0 0.23038229376257546 0.352112676056338 0.04627766599597585 0.11267605633802817
0 0.2515090543259557 0.33903420523138833 0.056338028169014086 0.13883299798792756
0 0.29275653923541245 0.358148893360161 0.04627766599597585 0.11267605633802817
0 0.3299798792756539 0.36016096579476864 0.04426559356136821 0.10865191146881288
0 0.3702213279678068 0.3682092555331992 0.060362173038229376 0.1488933601609658
0 0.4245472837022133 0.36619718309859156 0.06841046277665996 0.16498993963782696
0 0.448692152917505 0.37525150905432597 0.052313883299798795 0.1267605633802817
0 0.5663983903420523 0.3993963782696177 0.07042253521126761 0.1710261569416499
0 0.5090543259557344 0.43762575452716296 0.03621730382293763 0.09054325955734406
0 0.6599597585513078 0.43158953722334004 0.04426559356136821 0.11066398390342053
0 0.7404426559356136 0.40643863179074446 0.03621730382293763 0.0925553319919517
0 0.6911468812877264 0.3772635814889336 0.030181086519114688 0.07847082494969819
0 0.6488933601609658 0.3903420523138833 0.03420523138832998 0.08450704225352113
0 0.7877263581488934 0.37424547283702214 0.022132796780684104 0.060362173038229376
0 0.7907444668008048 0.43561368209255535 0.04024144869215292 0.09859154929577464
0 0.9094567404426559 0.4426559356136821 0.03621730382293763 0.0925553319919517
0 0.8380281690140845 0.4134808853118712 0.03420523138832998 0.09054325955734406
0 0.9255533199195171 0.3963782696177062 0.028169014084507043 0.07243460764587525
0 0.5331991951710262 0.28470824949698187 0.01609657947686117 0.03822937625754527
0 0.6016096579476862 0.29678068410462777 0.012072434607645875 0.03420523138832998
0 0.9124748490945674 0.3199195171026157 0.018108651911468814 0.0482897384305835
0 0.8983903420523138 0.3028169014084507 0.026156941649899398 0.06639839034205232
0 0.864185110663984 0.31388329979879276 0.030181086519114688 0.08048289738430583
0 0.8430583501006036 0.31388329979879276 0.028169014084507043 0.07243460764587525
0 0.7655935613682092 0.3008048289738431 0.026156941649899398 0.07042253521126761
0 0.7505030181086519 0.30784708249496984 0.02414486921529175 0.06438631790744467
0 0.7424547283702213 0.29275653923541245 0.01609657947686117 0.03822937625754527
0 0.7293762575452716 0.306841046277666 0.022132796780684104 0.05835010060362173
0 0.710261569416499 0.29678068410462777 0.01609657947686117 0.03822937625754527
0 0.7142857142857143 0.3440643863179074 0.01609657947686117 0.04426559356136821
0 0.6629778672032193 0.3199195171026157 0.022132796780684104 0.060362173038229376
0 0.6790744466800804 0.3038229376257545 0.026156941649899398 0.06438631790744467
0 0.8189134808853119 0.3028169014084507 0.02414486921529175 0.05835010060362173
0 0.8340040241448692 0.31086519114688127 0.026156941649899398 0.06639839034205232
0 0.5734406438631791 0.2857142857142857 0.012072434607645875 0.03621730382293763
0 0.5804828973843058 0.2917505030181087 0.01006036217303823 0.03219315895372234
0 0.8018108651911469 0.32293762575452717 0.022132796780684104 0.05835010060362173
0 0.5171026156941649 0.3762575452716298 0.03621730382293763 0.08853118712273642
0 0.8450704225352113 0.7323943661971831 0.07645875251509054 0.1851106639839034
0 0.716297786720322 0.7394366197183099 0.06438631790744467 0.158953722334004
0 0.6569416498993964 0.7344064386317908 0.07847082494969819 0.193158953722334
0 0.22032193158953722 0.704225352112676 0.04627766599597585 0.11267605633802817
2 0.8903420523138833 0.352112676056338 0.030181086519114688 0.04024144869215292
2 0.7826961770623743 0.317907444668008 0.02012072434607646 0.052313883299798795
2 0.9285714285714286 0.34305835010060365 0.030181086519114688 0.03822937625754527
2 0.5875251509054326 0.7696177062374245 0.056338028169014086 0.10663983903420524
2 0.5241448692152918 0.7655935613682092 0.04627766599597585 0.11468812877263582
2 0.06639839034205232 0.7494969818913481 0.04426559356136821 0.08249496981891348
2 0.12072434607645875 0.772635814889336 0.060362173038229376 0.10462776659959759
2 0.18712273641851107 0.8601609657947686 0.11267605633802817 0.13883299798792756
2 0.369215291750503 0.8611670020120724 0.13883299798792756 0.12072434607645875
2 0.2625754527162978 0.7655935613682092 0.07042253521126761 0.08249496981891348
2 0.35110663983903423 0.744466800804829 0.04225352112676056 0.056338028169014086
2 0.39436619718309857 0.7676056338028169 0.04426559356136821 0.07042253521126761
2 0.44969818913480886 0.755533199195171 0.05835010060362173 0.05030181086519115
4 0.6861167002012073 0.4818913480885312 0.04426559356136821 0.022132796780684104
4 0.8501006036217303 0.4738430583501006 0.06237424547283702 0.03822937625754527
4 0.6569416498993964 0.2776659959758551 0.026156941649899398 0.02414486921529175
4 0.4768611670020121 0.8169014084507042 0.028169014084507043 0.096579476861167
