0 0.112 0.47597597597597596 0.224 0.8678678678678678
0 0.302 0.4894894894894895 0.236 0.8708708708708709
0 0.379 0.46846846846846846 0.118 0.43243243243243246
0 0.504 0.6366366366366366 0.176 0.6486486486486487
0 0.563 0.5135135135135135 0.126 0.4624624624624625
0 0.767 0.487987987987988 0.242 0.8858858858858859
0 0.978 0.527027027027027 0.044 0.2912912912912913
0 0.954 0.49099099099099097 0.08 0.2972972972972973
0 0.904 0.5 0.072 0.2732732732732733
0 0.654 0.4804804804804805 0.036 0.13813813813813813
0 0.634 0.47297297297297297 0.044 0.15915915915915915
0 0.432 0.5195195195195195 0.072 0.2702702702702703
0 0.18 0.53003003003003 0.092 0.34534534534534533
0 0.048 0.5135135135135135 0.096 0.6906906906906907
0 0.276 0.5615615615615616 0.116 0.4264264264264264
0 0.397 0.21771771771771772 0.014 0.05105105105105105
0 0.416 0.2042042042042042 0.012 0.05405405405405406
0 0.426 0.26876876876876876 0.02 0.07507507507507508
0 0.423 0.14714714714714713 0.006 0.03003003003003003
0 0.441 0.12162162162162163 0.01 0.03903903903903904
0 0.508 0.2012012012012012 0.016 0.06606606606606606
0 0.441 0.2732732732732733 0.014 0.05405405405405406
0 0.454 0.18768768768768768 0.012 0.04504504504504504
0 0.467 0.19519519519519518 0.01 0.04804804804804805
0 0.584 0.21171171171171171 0.012 0.04504504504504504
0 0.595 0.2702702702702703 0.01 0.04804804804804805
0 0.608 0.16216216216216217 0.012 0.04804804804804805
0 0.597 0.16066066066066065 0.01 0.03903903903903904
0 0.52 0.14114114114114115 0.02 0.07207207207207207
0 0.622 0.31681681681681684 0.016 0.06306306306306306
0 0.647 0.17117117117117117 0.018 0.07207207207207207
0 0.638 0.23423423423423423 0.012 0.05405405405405406
0 0.626 0.27927927927927926 0.008 0.036036036036036036
0 0.557 0.16816816816816818 0.018 0.06606606606606606
0 0.494 0.1891891891891892 0.016 0.06006006006006006
0 0.48 0.18618618618618618 0.012 0.04804804804804805
2 0.468 0.4039039039039039 0.044 0.06306306306306306
4 0.534 0.07657657657657657 0.148 0.07507507507507508
4 0.487 0.13513513513513514 0.062 0.04804804804804805
4 0.448 0.07657657657657657 0.032 0.06306306306306306
4 0.641 0.28678678678678676 0.018 0.03303303303303303
4 0.54 0.23723723723723725 0.028 0.06606606606606606
4 0.503 0.26876876876876876 0.046 0.04504504504504504
