0 0.05172413793103448 0.3903301886792453 0.10344827586206896 0.5212264150943396
0 0.10658307210031348 0.4209905660377358 0.12852664576802508 0.47877358490566035
0 0.19357366771159876 0.4681603773584906 0.17084639498432602 0.6344339622641509
0 0.3346394984326019 0.5660377358490566 0.18025078369905956 0.6698113207547169
0 0.31191222570532917 0.4634433962264151 0.15673981191222572 0.5778301886792453
0 0.36363636363636365 0.35259433962264153 0.09090909090909091 0.33254716981132076
0 0.4106583072100313 0.4186320754716981 0.13793103448275862 0.5117924528301887
0 0.12225705329153605 0.3891509433962264 0.10658307210031348 0.3915094339622642
0 0.21630094043887146 0.4209905660377358 0.12852664576802508 0.47877358490566035
0 0.5587774294670846 0.4705188679245283 0.15517241379310345 0.5683962264150944
0 0.5940438871473355 0.43160377358490565 0.13166144200626959 0.4858490566037736
0 0.7304075235109718 0.5341981132075472 0.23824451410658307 0.8797169811320755
0 0.6873040752351097 0.5176886792452831 0.15203761755485892 0.5589622641509434
0 0.799373040752351 0.40212264150943394 0.15673981191222572 0.5825471698113207
0 0.8910658307210031 0.4634433962264151 0.1614420062695925 0.5919811320754716
2 0.9388714733542319 0.5153301886792453 0.11598746081504702 0.4410377358490566
