0 0.025 0.58625 0.026 0.0875
0 0.056 0.595 0.044 0.14
0 0.102 0.6075 0.048 0.145
0 0.119 0.615 0.054 0.165
0 0.18 0.63625 0.068 0.2075
0 0.268 0.64625 0.072 0.2175
0 0.219 0.605 0.05 0.15
0 0.29 0.6175 0.052 0.16
0 0.33 0.6 0.044 0.14
0 0.357 0.58625 0.038 0.1225
0 0.409 0.66375 0.09 0.2725
0 0.471 0.62125 0.058 0.1775
0 0.378 0.58625 0.032 0.1025
0 0.434 0.57875 0.036 0.1175
0 0.301 0.56375 0.026 0.0875
0 0.512 0.5875 0.036 0.115
0 0.555 0.6075 0.05 0.16
0 0.569 0.58875 0.042 0.1375
0 0.593 0.60625 0.062 0.1875
0 0.63 0.59 0.048 0.155
0 0.671 0.6125 0.066 0.205
0 0.69 0.59125 0.056 0.1725
0 0.704 0.57625 0.04 0.1225
0 0.762 0.6175 0.076 0.23
0 0.782 0.59625 0.056 0.1725
0 0.859 0.69875 0.126 0.3825
0 0.898 0.60875 0.068 0.2075
0 0.919 0.58 0.054 0.17
0 0.95 0.5575 0.04 0.12
0 0.972 0.65 0.056 0.275
0 0.653 0.56875 0.038 0.1225
0 0.491 0.55625 0.022 0.0725
4 0.934 0.5425 0.016 0.08
4 0.813 0.5525 0.038 0.09
4 0.735 0.5625 0.026 0.085
4 0.965 0.52 0.018 0.045
4 0.235 0.535 0.026 0.04
4 0.342 0.53625 0.016 0.0325
4 0.275 0.53875 0.018 0.0475
