0 0.2760416666666667 0.6211538461538462 0.052083333333333336 0.2423076923076923
0 0.3125 0.5923076923076923 0.05 0.23076923076923078
0 0.7645833333333333 0.625 0.058333333333333334 0.2653846153846154
0 0.6635416666666667 0.5961538461538461 0.04791666666666667 0.2230769230769231
0 0.5510416666666667 0.5230769230769231 0.027083333333333334 0.12307692307692308
0 0.38125 0.5884615384615385 0.05 0.2230769230769231
0 0.36041666666666666 0.6134615384615385 0.07083333333333333 0.3192307692307692
2 0.8864583333333333 0.6423076923076924 0.06458333333333334 0.4
2 0.846875 0.5 0.027083333333333334 0.06923076923076923
2 0.7208333333333333 0.6269230769230769 0.07083333333333333 0.4
2 0.8083333333333333 0.6634615384615384 0.041666666666666664 0.27307692307692305
2 0.6 0.6307692307692307 0.07083333333333333 0.38461538461538464
2 0.525 0.6480769230769231 0.05416666666666667 0.2653846153846154
2 0.43333333333333335 0.6461538461538462 0.05416666666666667 0.23846153846153847
2 0.21354166666666666 0.6307692307692307 0.08541666666666667 0.36923076923076925
2 0.13645833333333332 0.6384615384615384 0.07291666666666667 0.3
2 0.014583333333333334 0.5288461538461539 0.029166666666666667 0.10384615384615385
2 0.065625 0.6269230769230769 0.07291666666666667 0.3384615384615385
