0 0.06931216931216931 0.6946983546617916 0.13227513227513227 0.5594149908592322
0 0.24232804232804234 0.6489945155393053 0.06349206349206349 0.27056672760511885
0 0.3746031746031746 0.6608775137111518 0.07195767195767196 0.30895795246800734
0 0.42328042328042326 0.6215722120658135 0.05291005291005291 0.2230347349177331
0 0.5 0.6755027422303473 0.0835978835978836 0.35283363802559414
0 0.5534391534391534 0.623400365630713 0.061375661375661375 0.263254113345521
0 0.626984126984127 0.553016453382084 0.030687830687830688 0.12979890310786105
0 0.6682539682539682 0.6334552102376599 0.06666666666666667 0.2870201096892139
0 0.6894179894179894 0.6773308957952467 0.09841269841269841 0.4186471663619744
0 0.7444444444444445 0.5383912248628885 0.026455026455026454 0.11151736745886655
0 0.7994708994708994 0.5347349177330896 0.026455026455026454 0.11517367458866545
0 0.8417989417989418 0.6398537477148081 0.07301587301587302 0.31444241316270566
0 0.9063492063492063 0.6956124314442413 0.11534391534391535 0.4844606946983547
0 0.9767195767195768 0.6489945155393053 0.04656084656084656 0.3546617915904936
0 0.9507936507936507 0.4853747714808044 0.01164021164021164 0.05301645338208409
0 0.9661375661375662 0.5429616087751371 0.025396825396825397 0.113345521023766
2 0.8777777777777778 0.5018281535648994 0.022222222222222223 0.038391224862888484
4 0.6587301587301587 0.5091407678244972 0.01164021164021164 0.03473491773308958
4 0.825925925925926 0.5018281535648994 0.013756613756613757 0.038391224862888484
4 0.9650793650793651 0.4670932358318099 0.014814814814814815 0.03473491773308958
4 0.9888888888888889 0.46526508226691043 0.01164021164021164 0.031078610603290677
