0 0.06835205992509363 0.0648854961832061 0.024344569288389514 0.08396946564885496
0 0.1404494382022472 0.10814249363867684 0.011235955056179775 0.03816793893129771
0 0.1750936329588015 0.11704834605597965 0.009363295880149813 0.04071246819338423
0 0.04307116104868914 0.6424936386768448 0.08614232209737828 0.36895674300254455
0 0.056179775280898875 0.5865139949109415 0.11235955056179775 0.44529262086513993
0 0.07958801498127341 0.6106870229007634 0.09550561797752809 0.3155216284987277
0 0.11704119850187265 0.6272264631043257 0.08426966292134831 0.2875318066157761
0 0.32397003745318353 0.638676844783715 0.08239700374531835 0.27989821882951654
0 0.3642322097378277 0.6348600508905853 0.07303370786516854 0.24681933842239187
0 0.29681647940074907 0.5687022900763359 0.12172284644194757 0.40966921119592875
0 0.33801498127340823 0.5763358778625954 0.10674157303370786 0.35368956743002544
0 0.4204119850187266 0.6374045801526718 0.06928838951310862 0.23155216284987276
0 0.4681647940074906 0.638676844783715 0.0599250936329588 0.2035623409669211
0 0.5112359550561798 0.6043256997455471 0.07116104868913857 0.24173027989821882
0 0.5571161048689138 0.6145038167938931 0.06179775280898876 0.20610687022900764
0 0.399812734082397 0.5725190839694656 0.09925093632958802 0.33587786259541985
0 0.4541198501872659 0.573791348600509 0.09925093632958802 0.3282442748091603
0 0.5177902621722846 0.4681933842239186 0.035580524344569285 0.1272264631043257
0 0.5561797752808989 0.5699745547073791 0.07865168539325842 0.2595419847328244
0 0.5889513108614233 0.5928753180661578 0.06928838951310862 0.22900763358778625
0 0.6170411985018727 0.5966921119592875 0.06179775280898876 0.20610687022900764
0 0.6563670411985019 0.589058524173028 0.05805243445692884 0.2010178117048346
0 0.598314606741573 0.5534351145038168 0.08052434456928839 0.272264631043257
0 0.6432584269662921 0.4770992366412214 0.031835205992509365 0.10941475826972011
0 0.6956928838951311 0.5954198473282443 0.04681647940074907 0.1628498727735369
0 0.6835205992509363 0.5483460559796438 0.07116104868913857 0.24173027989821882
0 0.7453183520599251 0.5928753180661578 0.0449438202247191 0.15776081424936386
0 0.7649812734082397 0.5928753180661578 0.04307116104868914 0.14249363867684478
0 0.800561797752809 0.583969465648855 0.04307116104868914 0.1450381679389313
0 0.7237827715355806 0.5483460559796438 0.07303370786516854 0.24173027989821882
0 0.7546816479400749 0.48091603053435117 0.033707865168539325 0.11195928753180662
0 0.7846441947565543 0.49363867684478374 0.026217228464419477 0.09669211195928754
0 0.8155430711610487 0.5508905852417303 0.05805243445692884 0.19592875318066158
0 0.8455056179775281 0.544529262086514 0.05805243445692884 0.19338422391857507
0 0.8792134831460674 0.5356234096692112 0.05805243445692884 0.2010178117048346
0 0.9316479400749064 0.5279898218829516 0.06928838951310862 0.23155216284987276
0 0.9784644194756554 0.5267175572519084 0.04307116104868914 0.22900763358778625
0 0.8230337078651685 0.39185750636132316 0.020599250936329586 0.07124681933842239
0 0.848314606741573 0.3944020356234097 0.026217228464419477 0.08651399491094147
0 0.8670411985018727 0.41475826972010177 0.018726591760299626 0.061068702290076333
0 0.9044943820224719 0.46564885496183206 0.0149812734082397 0.05597964376590331
0 0.8342696629213483 0.5763358778625954 0.04307116104868914 0.1450381679389313
0 0.8661048689138576 0.5712468193384224 0.04307116104868914 0.15012722646310434
0 0.8941947565543071 0.5699745547073791 0.04307116104868914 0.14249363867684478
0 0.9138576779026217 0.5674300254452926 0.04119850187265917 0.13740458015267176
0 0.952247191011236 0.5343511450381679 0.05805243445692884 0.19338422391857507
0 0.7228464419475655 0.22519083969465647 0.011235955056179775 0.043256997455470736
0 0.9232209737827716 0.33078880407124683 0.011235955056179775 0.04071246819338423
0 0.6835205992509363 0.30025445292620867 0.02247191011235955 0.08142493638676845
0 0.6666666666666666 0.26717557251908397 0.0149812734082397 0.05597964376590331
0 0.6338951310861424 0.23918575063613232 0.013108614232209739 0.05089058524173028
0 0.6910112359550562 0.26463104325699743 0.026217228464419477 0.08651399491094147
0 0.4747191011235955 0.19592875318066158 0.013108614232209739 0.05089058524173028
2 0.7172284644194756 0.27608142493638677 0.026217228464419477 0.05343511450381679
2 0.02247191011235955 0.08142493638676845 0.02247191011235955 0.030534351145038167
4 0.797752808988764 0.4618320610687023 0.018726591760299626 0.05343511450381679
4 0.7659176029962547 0.4580152671755725 0.0149812734082397 0.04071246819338423
4 0.9691011235955056 0.3880407124681934 0.05805243445692884 0.043256997455470736
4 0.9625468164794008 0.4211195928753181 0.026217228464419477 0.027989821882951654
4 0.8932584269662921 0.39567430025445294 0.04868913857677903 0.0737913486005089
4 0.9382022471910112 0.3320610687022901 0.0149812734082397 0.03307888040712468
4 0.8782771535580525 0.3231552162849873 0.06741573033707865 0.061068702290076333
4 0.8249063670411985 0.30407124681933845 0.03932584269662921 0.06361323155216285
4 0.7855805243445693 0.29770992366412213 0.035580524344569285 0.06615776081424936
4 0.7490636704119851 0.2811704834605598 0.03745318352059925 0.06870229007633588
4 0.5889513108614233 0.23282442748091603 0.05805243445692884 0.06361323155216285
4 0.5440074906367042 0.21755725190839695 0.031835205992509365 0.05343511450381679
4 0.5149812734082397 0.21882951653944022 0.02247191011235955 0.030534351145038167
4 0.48782771535580527 0.2099236641221374 0.020599250936329586 0.03816793893129771
4 0.4419475655430712 0.19592875318066158 0.033707865168539325 0.04071246819338423
4 0.36329588014981273 0.178117048346056 0.026217228464419477 0.035623409669211195
4 0.3155430711610487 0.16793893129770993 0.016853932584269662 0.02544529262086514
4 0.23876404494382023 0.14249363867684478 0.04307116104868914 0.04580152671755725
