0 0.03046875 0.591044776119403 0.0421875 0.19701492537313434
0 0.05078125 0.6298507462686567 0.0578125 0.26865671641791045
0 0.1 0.6164179104477612 0.053125 0.24776119402985075
0 0.16484375 0.6462686567164179 0.0453125 0.21194029850746268
0 0.22734375 0.6029850746268657 0.0421875 0.20298507462686566
0 0.25234375 0.6179104477611941 0.0484375 0.23283582089552238
0 0.4421875 0.5940298507462687 0.028125 0.1373134328358209
0 0.4171875 0.6194029850746269 0.028125 0.13432835820895522
0 0.38828125 0.6194029850746269 0.0265625 0.13432835820895522
0 0.46328125 0.5985074626865672 0.0265625 0.12835820895522387
0 0.48125 0.6074626865671642 0.028125 0.14029850746268657
0 0.5015625 0.6134328358208955 0.01875 0.09850746268656717
0 0.540625 0.6149253731343284 0.025 0.1253731343283582
0 0.5578125 0.6179104477611941 0.028125 0.13134328358208955
0 0.578125 0.6238805970149254 0.021875 0.10149253731343283
0 0.6 0.6238805970149254 0.01875 0.0955223880597015
0 0.61875 0.6283582089552239 0.021875 0.1044776119402985
0 0.63359375 0.6104477611940299 0.0234375 0.11044776119402985
0 0.65390625 0.6104477611940299 0.0203125 0.1044776119402985
0 0.6734375 0.6029850746268657 0.034375 0.16119402985074627
0 0.9296875 0.6194029850746269 0.04375 0.20597014925373133
0 0.88984375 0.6179104477611941 0.0390625 0.1791044776119403
0 0.8609375 0.5686567164179105 0.028125 0.13432835820895522
0 0.27109375 0.6029850746268657 0.0421875 0.20298507462686566
0 0.2859375 0.5940298507462687 0.040625 0.191044776119403
0 0.3125 0.5925373134328358 0.034375 0.1701492537313433
0 0.34609375 0.6044776119402985 0.0265625 0.12835820895522387
2 0.20078125 0.6477611940298508 0.0453125 0.1791044776119403
2 0.12421875 0.6701492537313433 0.0421875 0.19402985074626866
2 0.853125 0.6611940298507463 0.05 0.14626865671641792
2 0.83046875 0.6388059701492538 0.0328125 0.13134328358208955
2 0.7890625 0.6402985074626866 0.046875 0.14029850746268657
2 0.7578125 0.6358208955223881 0.040625 0.1253731343283582
2 0.73359375 0.6432835820895523 0.0359375 0.12238805970149254
2 0.70859375 0.6343283582089553 0.0296875 0.12835820895522387
4 0.490625 0.6 0.95 0.2746268656716418
