0 0.03188180404354588 0.8760416666666667 0.06376360808709176 0.24375
0 0.09020217729393468 0.8729166666666667 0.07465007776049767 0.24583333333333332
0 0.14463452566096424 0.8739583333333333 0.06842923794712286 0.22708333333333333
0 0.19673405909797823 0.8677083333333333 0.07620528771384137 0.2520833333333333
0 0.24727838258164853 0.8833333333333333 0.06531881804043546 0.21666666666666667
0 0.28615863141524106 0.8239583333333333 0.1026438569206843 0.33541666666666664
0 0.35069984447900465 0.8229166666666666 0.104199066874028 0.3458333333333333
0 0.4230171073094868 0.8291666666666667 0.1026438569206843 0.3333333333333333
0 0.48989113530326595 0.8177083333333334 0.1088646967340591 0.35625
0 0.5435458786936236 0.8135416666666667 0.10730948678071539 0.35208333333333336
0 0.11353032659409021 0.8770833333333333 0.06842923794712286 0.225
0 0.7363919129082426 0.8114583333333333 0.10730948678071539 0.35208333333333336
0 0.7628304821150855 0.8177083333333334 0.09797822706065319 0.3229166666666667
0 0.7993779160186625 0.8135416666666667 0.09642301710730948 0.3145833333333333
0 0.8374805598755832 0.809375 0.09175738724727839 0.30625
0 0.8732503888024883 0.7979166666666667 0.09486780715396578 0.3125
0 0.5147744945567652 0.859375 0.07153965785381027 0.23958333333333334
0 0.4572317262830482 0.8375 0.08398133748055987 0.275
2 0.05443234836702955 0.790625 0.01866251944012442 0.04375
3 0.6283048211508554 0.79375 0.13996889580093314 0.4041666666666667
4 0.07387247278382582 0.7708333333333334 0.017107309486780714 0.041666666666666664
4 0.1594090202177294 0.7802083333333333 0.013996889580093312 0.03958333333333333
4 0.3942457231726283 0.8833333333333333 0.04510108864696734 0.22083333333333333
