0 0.1272430668841762 0.7120098039215687 0.05546492659053834 0.20833333333333334
0 0.16068515497553018 0.7120098039215687 0.057096247960848286 0.20833333333333334
0 0.1933115823817292 0.7205882352941176 0.05057096247960848 0.18627450980392157
0 0.2226753670473083 0.7230392156862745 0.05057096247960848 0.19117647058823528
0 0.2642740619902121 0.7120098039215687 0.048939641109298535 0.18382352941176472
0 0.13132137030995106 0.5318627450980392 0.01794453507340946 0.07352941176470588
0 0.16721044045676997 0.5257352941176471 0.01794453507340946 0.07107843137254902
0 0.28548123980424145 0.5257352941176471 0.01957585644371941 0.07107843137254902
0 0.32137030995106036 0.5245098039215687 0.013050570962479609 0.05392156862745098
0 0.3637846655791191 0.5526960784313726 0.03262642740619902 0.12009803921568628
0 0.20636215334420882 0.5 0.011419249592169658 0.04411764705882353
0 0.18270799347471453 0.5637254901960784 0.01631321370309951 0.058823529411764705
0 0.19902120717781402 0.5931372549019608 0.01631321370309951 0.058823529411764705
0 0.2300163132137031 0.6053921568627451 0.01957585644371941 0.0784313725490196
0 0.2642740619902121 0.5931372549019608 0.009787928221859706 0.04411764705882353
0 0.2903752039151713 0.6066176470588235 0.01631321370309951 0.061274509803921566
0 0.3295269168026101 0.5992647058823529 0.01631321370309951 0.0661764705882353
0 0.3474714518760196 0.5661764705882353 0.026101141924959218 0.09803921568627451
0 0.3923327895595432 0.5171568627450981 0.021207177814029365 0.08333333333333333
0 0.4078303425774878 0.5637254901960784 0.022838499184339316 0.08333333333333333
0 0.4184339314845024 0.6004901960784313 0.021207177814029365 0.0784313725490196
0 0.4274061990212072 0.7095588235294118 0.05546492659053834 0.2034313725490196
0 0.38580750407830344 0.7156862745098039 0.05057096247960848 0.19117647058823528
0 0.42495921696574224 0.5134803921568627 0.01794453507340946 0.0661764705882353
0 0.466557911908646 0.5171568627450981 0.01631321370309951 0.06862745098039216
0 0.4461663947797716 0.5612745098039216 0.01794453507340946 0.07352941176470588
0 0.45840130505709625 0.6066176470588235 0.01957585644371941 0.07107843137254902
0 0.48450244698205547 0.5600490196078431 0.01957585644371941 0.07107843137254902
0 0.5048939641109299 0.5955882352941176 0.01794453507340946 0.06862745098039216
0 0.5065252854812398 0.5306372549019608 0.021207177814029365 0.07598039215686274
0 0.21044045676998369 0.5575980392156863 0.01631321370309951 0.0661764705882353
0 0.3107667210440457 0.5625 0.01468189233278956 0.061274509803921566
0 0.5725938009787929 0.5477941176470589 0.009787928221859706 0.041666666666666664
0 0.532626427406199 0.7156862745098039 0.053833605220228384 0.19607843137254902
0 0.49755301794453505 0.6458333333333334 0.01957585644371941 0.08088235294117647
0 0.5913539967373572 0.5245098039215687 0.01794453507340946 0.07352941176470588
0 0.6231647634584013 0.5257352941176471 0.01631321370309951 0.061274509803921566
0 0.6517128874388255 0.5049019607843137 0.011419249592169658 0.04411764705882353
0 0.7267536704730831 0.5294117647058824 0.024469820554649267 0.09803921568627451
0 0.7610114192495921 0.5379901960784313 0.03099510603588907 0.11519607843137254
0 0.7960848287112561 0.553921568627451 0.03915171288743882 0.14215686274509803
0 0.8368678629690048 0.5049019607843137 0.009787928221859706 0.0392156862745098
0 0.835236541598695 0.5747549019607843 0.01957585644371941 0.07598039215686274
0 0.8442088091353996 0.7205882352941176 0.057096247960848286 0.2107843137254902
0 0.8017944535073409 0.7181372549019608 0.057096247960848286 0.21568627450980393
0 0.7724306688417618 0.7169117647058824 0.053833605220228384 0.2034313725490196
0 0.699021207177814 0.7156862745098039 0.053833605220228384 0.20588235294117646
0 0.6615008156606852 0.7169117647058824 0.05057096247960848 0.19362745098039216
0 0.5954323001631321 0.7132352941176471 0.05546492659053834 0.20098039215686275
0 0.6239804241435563 0.6348039215686274 0.01468189233278956 0.05392156862745098
0 0.5611745513866232 0.6446078431372549 0.01957585644371941 0.07352941176470588
0 0.6027732463295269 0.6053921568627451 0.01794453507340946 0.06862745098039216
0 0.6696574225122349 0.6078431372549019 0.01468189233278956 0.058823529411764705
0 0.7088091353996737 0.625 0.03099510603588907 0.11764705882352941
0 0.6908646003262643 0.5674019607843137 0.021207177814029365 0.07598039215686274
0 0.6508972267536705 0.5857843137254902 0.026101141924959218 0.10294117647058823
0 0.6109298531810766 0.5637254901960784 0.01794453507340946 0.06372549019607843
0 0.534257748776509 0.5833333333333334 0.01468189233278956 0.05392156862745098
0 0.8507340946166395 0.6090686274509803 0.01794453507340946 0.07107843137254902
0 0.8140293637846656 0.5992647058823529 0.01631321370309951 0.0661764705882353
0 0.7756933115823818 0.5870098039215687 0.011419249592169658 0.04656862745098039
0 0.7438825448613376 0.5968137254901961 0.01631321370309951 0.0661764705882353
0 0.7406199021207178 0.6482843137254902 0.01957585644371941 0.08088235294117647
0 0.46818923327895595 0.7144607843137255 0.048939641109298535 0.18872549019607843
0 0.5611745513866232 0.5257352941176471 0.013050570962479609 0.051470588235294115
0 0.5717781402936378 0.6102941176470589 0.01794453507340946 0.07352941176470588
0 0.37846655791190864 0.6115196078431373 0.01957585644371941 0.08088235294117647
2 0.24551386623164764 0.5171568627450981 0.024469820554649267 0.03431372549019608
2 0.24306688417618272 0.5551470588235294 0.022838499184339316 0.041666666666666664
2 0.27569331158238175 0.5502450980392157 0.01631321370309951 0.03676470588235294
2 0.6916802610114192 0.5061274509803921 0.026101141924959218 0.03676470588235294
2 0.7357259380097879 0.7450980392156863 0.04567699836867863 0.19117647058823528
2 0.6696574225122349 0.7401960784313726 0.040783034257748776 0.18627450980392157
2 0.6247960848287113 0.7463235294117647 0.04567699836867863 0.16911764705882354
2 0.566884176182708 0.7450980392156863 0.04730831973898858 0.17647058823529413
2 0.5089722675367048 0.7426470588235294 0.04567699836867863 0.17647058823529413
2 0.44779771615008157 0.7377450980392157 0.04404567699836868 0.17647058823529413
2 0.3939641109298532 0.7438725490196079 0.040783034257748776 0.17401960784313725
2 0.33849918433931486 0.7463235294117647 0.037520391517128875 0.18382352941176472
2 0.2969004893964111 0.741421568627451 0.04241435562805873 0.19362745098039216
2 0.25040783034257746 0.7377450980392157 0.04404567699836868 0.19607843137254902
2 0.533442088091354 0.5367647058823529 0.01957585644371941 0.03431372549019608
2 0.5367047308319739 0.5049019607843137 0.022838499184339316 0.03431372549019608
2 0.3768352365415987 0.5441176470588235 0.022838499184339316 0.03431372549019608
2 0.16476345840130505 0.5821078431372549 0.022838499184339316 0.031862745098039214
2 0.12479608482871125 0.5906862745098039 0.01794453507340946 0.024509803921568627
2 0.1231647634584013 0.5526960784313726 0.021207177814029365 0.041666666666666664
2 0.1533442088091354 0.5502450980392157 0.01957585644371941 0.031862745098039214
