0 0.07083333333333333 0.4486111111111111 0.058333333333333334 0.19166666666666668
0 0.09895833333333333 0.49583333333333335 0.07291666666666667 0.2361111111111111
0 0.359375 0.4583333333333333 0.04375 0.15
0 0.303125 0.44166666666666665 0.05625 0.18888888888888888
0 0.253125 0.41944444444444445 0.052083333333333336 0.17222222222222222
0 0.21458333333333332 0.3875 0.041666666666666664 0.14166666666666666
0 0.20416666666666666 0.3625 0.041666666666666664 0.1361111111111111
0 0.18333333333333332 0.3472222222222222 0.03333333333333333 0.11666666666666667
0 0.16770833333333332 0.33194444444444443 0.03125 0.10277777777777777
0 0.153125 0.3194444444444444 0.027083333333333334 0.09444444444444444
0 0.14166666666666666 0.30694444444444446 0.029166666666666667 0.09722222222222222
0 0.13020833333333334 0.29444444444444445 0.022916666666666665 0.08333333333333333
0 0.228125 0.30416666666666664 0.027083333333333334 0.08611111111111111
0 0.246875 0.29305555555555557 0.01875 0.06388888888888888
0 0.28125 0.3347222222222222 0.03333333333333333 0.11388888888888889
0 0.3145833333333333 0.33194444444444443 0.025 0.08611111111111111
0 0.35208333333333336 0.3375 0.020833333333333332 0.075
0 0.3927083333333333 0.4 0.04791666666666667 0.16111111111111112
0 0.44166666666666665 0.4166666666666667 0.05 0.17222222222222222
0 0.49895833333333334 0.4222222222222222 0.03958333333333333 0.1388888888888889
0 0.415625 0.3472222222222222 0.03125 0.1111111111111111
0 0.36875 0.33194444444444443 0.029166666666666667 0.10277777777777777
0 0.45729166666666665 0.3597222222222222 0.03958333333333333 0.13055555555555556
0 0.578125 0.4361111111111111 0.03125 0.10555555555555556
0 0.584375 0.3638888888888889 0.027083333333333334 0.08888888888888889
0 0.6260416666666667 0.38055555555555554 0.04375 0.15
0 0.6625 0.35555555555555557 0.041666666666666664 0.13333333333333333
0 0.5166666666666667 0.3527777777777778 0.0375 0.12222222222222222
0 0.6083333333333333 0.3458333333333333 0.0375 0.11944444444444445
0 0.6822916666666666 0.33055555555555555 0.03125 0.10555555555555556
0 0.7083333333333334 0.41805555555555557 0.03333333333333333 0.10833333333333334
0 0.7291666666666666 0.39305555555555555 0.0375 0.125
0 0.7604166666666666 0.3819444444444444 0.041666666666666664 0.1361111111111111
0 0.8291666666666667 0.43472222222222223 0.05 0.1638888888888889
0 0.8614583333333333 0.4083333333333333 0.04791666666666667 0.15555555555555556
0 0.803125 0.3333333333333333 0.03125 0.1111111111111111
0 0.746875 0.35138888888888886 0.035416666666666666 0.11388888888888889
0 0.7739583333333333 0.29444444444444445 0.022916666666666665 0.07222222222222222
0 0.6427083333333333 0.3125 0.022916666666666665 0.075
0 0.5635416666666667 0.34444444444444444 0.022916666666666665 0.08333333333333333
0 0.5520833333333334 0.34305555555555556 0.025 0.09166666666666666
0 0.42291666666666666 0.28055555555555556 0.0125 0.05
0 0.9354166666666667 0.3875 0.04583333333333333 0.1527777777777778
0 0.8791666666666667 0.35 0.03333333333333333 0.11666666666666667
0 0.8916666666666667 0.32083333333333336 0.029166666666666667 0.09722222222222222
0 0.6927083333333334 0.30694444444444446 0.022916666666666665 0.075
0 0.9552083333333333 0.32916666666666666 0.03125 0.10277777777777777
0 0.06041666666666667 0.3763888888888889 0.04583333333333333 0.14722222222222223
0 0.3 0.30416666666666664 0.025 0.08611111111111111
0 0.33229166666666665 0.29583333333333334 0.022916666666666665 0.075
0 0.4739583333333333 0.2902777777777778 0.01875 0.06944444444444445
0 0.6239583333333333 0.2861111111111111 0.010416666666666666 0.03888888888888889
0 0.7020833333333333 0.26944444444444443 0.016666666666666666 0.05555555555555555
0 0.7302083333333333 0.28194444444444444 0.01875 0.06944444444444445
4 0.94375 0.24027777777777778 0.058333333333333334 0.06944444444444445
4 0.8916666666666667 0.24027777777777778 0.05 0.06388888888888888
4 0.84375 0.2388888888888889 0.05 0.06111111111111111
4 0.7958333333333333 0.24166666666666667 0.04583333333333333 0.06111111111111111
4 0.8416666666666667 0.28055555555555556 0.0375 0.022222222222222223
4 0.74375 0.23194444444444445 0.05416666666666667 0.04722222222222222
4 0.6895833333333333 0.23055555555555557 0.05416666666666667 0.03888888888888889
4 0.6375 0.23333333333333334 0.05 0.03333333333333333
4 0.5864583333333333 0.23194444444444445 0.05625 0.041666666666666664
4 0.53125 0.23333333333333334 0.058333333333333334 0.044444444444444446
4 0.47708333333333336 0.2361111111111111 0.05 0.044444444444444446
4 0.434375 0.23472222222222222 0.035416666666666666 0.041666666666666664
4 0.4 0.23333333333333334 0.03333333333333333 0.044444444444444446
4 0.35833333333333334 0.23333333333333334 0.05 0.044444444444444446
4 0.3104166666666667 0.23333333333333334 0.04583333333333333 0.03888888888888889
4 0.26145833333333335 0.23472222222222222 0.052083333333333336 0.041666666666666664
4 0.20625 0.23472222222222222 0.058333333333333334 0.041666666666666664
4 0.15104166666666666 0.2361111111111111 0.052083333333333336 0.044444444444444446
4 0.11145833333333334 0.23333333333333334 0.03125 0.03333333333333333
4 0.08020833333333334 0.23333333333333334 0.035416666666666666 0.03333333333333333
4 0.051041666666666666 0.24861111111111112 0.027083333333333334 0.05277777777777778
4 0.071875 0.2833333333333333 0.01875 0.027777777777777776
4 0.0875 0.325 0.020833333333333332 0.03888888888888889
4 0.28958333333333336 0.26666666666666666 0.0125 0.022222222222222223
4 0.39166666666666666 0.2833333333333333 0.029166666666666667 0.05
4 0.35 0.27361111111111114 0.025 0.041666666666666664
4 0.26145833333333335 0.28194444444444444 0.022916666666666665 0.05277777777777778
4 0.534375 0.28194444444444444 0.03125 0.04722222222222222
4 0.49895833333333334 0.2847222222222222 0.022916666666666665 0.05277777777777778
4 0.5760416666666667 0.275 0.052083333333333336 0.044444444444444446
4 0.6520833333333333 0.26666666666666666 0.05 0.027777777777777776
4 0.6114583333333333 0.26944444444444443 0.014583333333333334 0.03333333333333333
4 0.9135416666666667 0.3347222222222222 0.022916666666666665 0.13055555555555556
4 0.9385416666666667 0.28888888888888886 0.022916666666666665 0.027777777777777776
