0 0.028125 0.7015625 0.05625 0.221875
0 0.071875 0.6859375 0.06458333333333334 0.240625
0 0.13645833333333332 0.66875 0.06875 0.25625
0 0.16354166666666667 0.6828125 0.06458333333333334 0.246875
0 0.19791666666666666 0.6703125 0.06666666666666667 0.253125
0 0.240625 0.6109375 0.03958333333333333 0.153125
0 0.2760416666666667 0.615625 0.04791666666666667 0.175
0 0.30104166666666665 0.6703125 0.09375 0.346875
0 0.35625 0.5921875 0.0375 0.134375
0 0.3302083333333333 0.6640625 0.06875 0.259375
0 0.40625 0.6578125 0.06666666666666667 0.253125
0 0.43854166666666666 0.6640625 0.06458333333333334 0.240625
0 0.4791666666666667 0.6671875 0.058333333333333334 0.215625
0 0.5270833333333333 0.6484375 0.06666666666666667 0.246875
0 0.5666666666666667 0.653125 0.0625 0.23125
0 0.6083333333333333 0.640625 0.07083333333333333 0.26875
0 0.634375 0.6578125 0.06875 0.253125
0 0.6739583333333333 0.65625 0.06458333333333334 0.24375
0 0.728125 0.6640625 0.06458333333333334 0.246875
0 0.76875 0.6625 0.07916666666666666 0.29375
0 0.8239583333333333 0.6828125 0.09791666666666667 0.365625
0 0.6958333333333333 0.628125 0.075 0.28125
0 0.9333333333333333 0.678125 0.10833333333333334 0.4
0 0.9677083333333333 0.709375 0.06458333333333334 0.40625
0 0.8760416666666667 0.5625 0.022916666666666665 0.09375
0 0.8625 0.56875 0.025 0.09375
0 0.803125 0.653125 0.08541666666666667 0.3125
0 0.5520833333333334 0.6546875 0.0625 0.228125
2 0.7104166666666667 0.5375 0.020833333333333332 0.0625
2 0.7302083333333333 0.5171875 0.022916666666666665 0.053125
2 0.646875 0.5390625 0.01875 0.046875
2 0.253125 0.7359375 0.06041666666666667 0.140625
2 0.35104166666666664 0.725 0.05625 0.1375
4 0.45729166666666665 0.5671875 0.01875 0.040625
4 0.4895833333333333 0.55625 0.020833333333333332 0.0375
4 0.007291666666666667 0.5953125 0.014583333333333334 0.046875
4 0.7833333333333333 0.525 0.020833333333333332 0.05625
