0 0.3466933867735471 0.8003048780487805 0.056112224448897796 0.21646341463414634
0 0.39579158316633267 0.8185975609756098 0.05811623246492986 0.2225609756097561
0 0.21643286573146292 0.7804878048780488 0.028056112224448898 0.11585365853658537
0 0.4308617234468938 0.774390243902439 0.02404809619238477 0.09146341463414634
0 0.5430861723446894 0.7637195121951219 0.02004008016032064 0.07621951219512195
0 0.5531062124248497 0.7530487804878049 0.01603206412825651 0.06097560975609756
0 0.6462925851703407 0.7698170731707317 0.026052104208416832 0.10670731707317073
0 0.7454909819639278 0.7926829268292683 0.028056112224448898 0.10975609756097561
0 0.87374749498998 0.8445121951219512 0.04809619238476954 0.18292682926829268
0 0.7024048096192385 0.7972560975609756 0.026052104208416832 0.10670731707317073
0 0.8016032064128257 0.7652439024390244 0.012024048096192385 0.054878048780487805
1 0.9779559118236473 0.8262195121951219 0.04408817635270541 0.18292682926829268
1 0.6773547094188377 0.7774390243902439 0.028056112224448898 0.10975609756097561
1 0.6002004008016032 0.7972560975609756 0.03406813627254509 0.13719512195121952
1 0.5170340681362725 0.8490853658536586 0.036072144288577156 0.13109756097560976
1 0.5250501002004008 0.8048780487804879 0.04809619238476954 0.17682926829268292
1 0.3066132264529058 0.8201219512195121 0.056112224448897796 0.2073170731707317
1 0.44789579158316634 0.7545731707317073 0.014028056112224449 0.057926829268292686
1 0.8286573146292585 0.7942073170731707 0.03006012024048096 0.11890243902439024
4 0.04308617234468938 0.8490853658536586 0.04609218436873747 0.11890243902439024
4 0.2755511022044088 0.7378048780487805 0.026052104208416832 0.04878048780487805
4 0.6963927855711423 0.7347560975609756 0.014028056112224449 0.03048780487804878
4 0.48096192384769537 0.7621951219512195 0.036072144288577156 0.0975609756097561
4 0.7244488977955912 0.7759146341463414 0.026052104208416832 0.09451219512195122
4 0.3657314629258517 0.7301829268292683 0.014028056112224449 0.03353658536585366
4 0.3787575150300601 0.7301829268292683 0.01603206412825651 0.039634146341463415
